# Grouped evaluation summary: full_no_change

## Sorted by MAE descending

| group | comparedVehicles | bias | MAE | RMSE | medianAbsError | p95AbsError | absDurationError_gt_1000 | topAbsErrorVehicleID |
| --- | --- | --- | --- | --- | --- | --- | --- | --- |
| oversat_all | 13694 | -318.371 | 382.241 | 759.2 | 158 | 1555 | 1323 | oversat_all_veh_002607 |
| southwest_bottleneck | 2672 | -170.175 | 171.349 | 207.728 | 191 | 344 | 0 | southwest_bottleneck_veh_002067 |
| west_bottleneck | 3006 | -141.697 | 148.677 | 183.268 | 120 | 381 | 0 | west_bottleneck_veh_000591 |
| ALL | 47623 | -116.94 | 136.862 | 413.313 | 8 | 676 | 1323 | oversat_all_veh_002607 |
| north_bottleneck | 2672 | -50.2305 | 50.4828 | 77.2989 | 9 | 152 | 0 | north_bottleneck_veh_000047 |
| light_all_seed2 | 3280 | -9.0003 | 12.0875 | 27.0119 | 6 | 87.05 | 0 | light_all_seed2_veh_001192 |
| light_all_seed1 | 4018 | -10.2424 | 11.5565 | 26.2546 | 6 | 80 | 0 | light_all_seed1_veh_001354 |
| heavy_all | 8241 | -6.92756 | 10.5679 | 20.2251 | 7 | 19 | 0 | heavy_all_veh_003814 |
| east_bottleneck | 2672 | -7.73428 | 7.73428 | 11.884 | 6 | 12 | 0 | east_bottleneck_veh_001369 |
| medium_core | 2646 | -6.50756 | 7.23394 | 12.7232 | 6 | 10 | 0 | medium_core_veh_000752 |
| free_all | 2050 | -6.59854 | 7.06488 | 14.8807 | 5 | 10 | 0 | free_all_veh_001360 |
| south_bottleneck | 2672 | -5.70284 | 6.07784 | 10.1226 | 5 | 9 | 0 | south_bottleneck_veh_002655 |

## Sorted by RMSE descending

| group | comparedVehicles | bias | MAE | RMSE | medianAbsError | p95AbsError | absDurationError_gt_1000 | topAbsErrorVehicleID |
| --- | --- | --- | --- | --- | --- | --- | --- | --- |
| oversat_all | 13694 | -318.371 | 382.241 | 759.2 | 158 | 1555 | 1323 | oversat_all_veh_002607 |
| ALL | 47623 | -116.94 | 136.862 | 413.313 | 8 | 676 | 1323 | oversat_all_veh_002607 |
| southwest_bottleneck | 2672 | -170.175 | 171.349 | 207.728 | 191 | 344 | 0 | southwest_bottleneck_veh_002067 |
| west_bottleneck | 3006 | -141.697 | 148.677 | 183.268 | 120 | 381 | 0 | west_bottleneck_veh_000591 |
| north_bottleneck | 2672 | -50.2305 | 50.4828 | 77.2989 | 9 | 152 | 0 | north_bottleneck_veh_000047 |
| light_all_seed2 | 3280 | -9.0003 | 12.0875 | 27.0119 | 6 | 87.05 | 0 | light_all_seed2_veh_001192 |
| light_all_seed1 | 4018 | -10.2424 | 11.5565 | 26.2546 | 6 | 80 | 0 | light_all_seed1_veh_001354 |
| heavy_all | 8241 | -6.92756 | 10.5679 | 20.2251 | 7 | 19 | 0 | heavy_all_veh_003814 |
| free_all | 2050 | -6.59854 | 7.06488 | 14.8807 | 5 | 10 | 0 | free_all_veh_001360 |
| medium_core | 2646 | -6.50756 | 7.23394 | 12.7232 | 6 | 10 | 0 | medium_core_veh_000752 |
| east_bottleneck | 2672 | -7.73428 | 7.73428 | 11.884 | 6 | 12 | 0 | east_bottleneck_veh_001369 |
| south_bottleneck | 2672 | -5.70284 | 6.07784 | 10.1226 | 5 | 9 | 0 | south_bottleneck_veh_002655 |

## Sorted by absDurationError > 1000 descending

| group | comparedVehicles | bias | MAE | RMSE | medianAbsError | p95AbsError | absDurationError_gt_1000 | topAbsErrorVehicleID |
| --- | --- | --- | --- | --- | --- | --- | --- | --- |
| oversat_all | 13694 | -318.371 | 382.241 | 759.2 | 158 | 1555 | 1323 | oversat_all_veh_002607 |
| ALL | 47623 | -116.94 | 136.862 | 413.313 | 8 | 676 | 1323 | oversat_all_veh_002607 |
| east_bottleneck | 2672 | -7.73428 | 7.73428 | 11.884 | 6 | 12 | 0 | east_bottleneck_veh_001369 |
| free_all | 2050 | -6.59854 | 7.06488 | 14.8807 | 5 | 10 | 0 | free_all_veh_001360 |
| heavy_all | 8241 | -6.92756 | 10.5679 | 20.2251 | 7 | 19 | 0 | heavy_all_veh_003814 |
| light_all_seed1 | 4018 | -10.2424 | 11.5565 | 26.2546 | 6 | 80 | 0 | light_all_seed1_veh_001354 |
| light_all_seed2 | 3280 | -9.0003 | 12.0875 | 27.0119 | 6 | 87.05 | 0 | light_all_seed2_veh_001192 |
| medium_core | 2646 | -6.50756 | 7.23394 | 12.7232 | 6 | 10 | 0 | medium_core_veh_000752 |
| north_bottleneck | 2672 | -50.2305 | 50.4828 | 77.2989 | 9 | 152 | 0 | north_bottleneck_veh_000047 |
| south_bottleneck | 2672 | -5.70284 | 6.07784 | 10.1226 | 5 | 9 | 0 | south_bottleneck_veh_002655 |
| southwest_bottleneck | 2672 | -170.175 | 171.349 | 207.728 | 191 | 344 | 0 | southwest_bottleneck_veh_002067 |
| west_bottleneck | 3006 | -141.697 | 148.677 | 183.268 | 120 | 381 | 0 | west_bottleneck_veh_000591 |

## Notes

- Highest MAE group: `oversat_all` (382.241 s).
- Highest RMSE group: `oversat_all` (759.2 s).
- Most severe-duration-error vehicles (>1000 s): `oversat_all` (1323).
