edge_id,node_start,node_end,lane_num,speed,length,priority
-1004369132#0,7480410399,42437990,1,11.18,8.96,11
-1004369132#1,9010154521,7480410399,1,11.18,23.0,11
-1004369132#2,42429637,9010154521,1,11.18,34.47,11
-1004369132#3,7480410410,42429637,1,11.18,5.97,11
-1007811374#0,7499263657,42445630,1,11.18,5.96,12
-1007811374#1,7499263656,7499263657,1,11.18,22.43,12
-1007837779#0,8309479332,42455175,1,8.94,7.18,11
-1007837779#1,8309479358,8309479332,1,8.94,62.9,11
-1007837779#2,42453158,8309479358,1,8.94,7.22,11
-1007837780#0,8309479409,42430938,1,8.94,7.52,11
-1007837780#1,8309479428,8309479409,1,8.94,60.37,11
-1007837780#2,42455013,8309479428,1,8.94,7.68,11
-1007837781#0,8309479427,42455013,1,8.94,6.76,11
-1007837781#1,8309479456,8309479427,1,8.94,65.79,11
-1007837781#2,42446571,8309479456,1,8.94,8.13,11
-1007846636,42437316,4281505674,1,22.22,9.76,10
-1010159653#0,5083818853,7816179466,2,11.18,30.3,4
-1010159653#1,272195271,5083818853,2,11.18,9.92,4
-1013655882#0,10743755758,42427735,1,22.22,6.64,10
-1013655882#1,10743755833,10743755758,1,22.22,65.86,10
-1013655882#10,10743755853,42444854,1,22.22,8.07,10
-1013655882#11,42434259,10743755853,1,22.22,78.21,10
-1013655882#12,42448655,42434259,1,22.22,84.65,10
-1013655882#13,42448661,42448655,1,22.22,79.12,10
-1013655882#14,42439210,42448661,1,22.22,79.13,10
-1013655882#15,42434338,42439210,1,22.22,79.49,10
-1013655882#16,42443582,42434338,1,22.22,79.07,10
-1013655882#17,10869707902,42443582,1,22.22,78.2,10
-1013655882#18,42448674,10869707902,1,22.22,8.81,10
-1013655882#2,42447399,10743755833,1,22.22,7.4,10
-1013655882#3,10743755832,42447399,1,22.22,8.45,10
-1013655882#4,10743755847,10743755832,1,22.22,64.4,10
-1013655882#5,42438291,10743755847,1,22.22,6.48,10
-1013655882#6,10743755848,42438291,1,22.22,8.29,10
-1013655882#7,42443658,10743755848,1,22.22,71.81,10
-1013655882#8,10743755854,42443658,1,22.22,71.92,10
-1013655882#9,42444854,10743755854,1,22.22,6.29,10
-1013655883#0,8835729561,3898480791,1,22.22,92.04,10
-1013655883#1,42427649,8835729561,1,22.22,7.06,10
-1014336157,42437324,595352889,1,27.78,29.59,11
-1015379881,246858433,4308240257,1,11.18,15.23,3
-1015679930#0,5836025488,42446849,1,11.18,26.49,3
-1015679930#1,42446854,5836025488,1,11.18,14.57,3
-1015679931,42445286,1702442163,1,11.18,14.35,3
-1016425694,4205820212,9374838670,1,11.18,20.75,11
-1020162350#0,6254630500,9178805724,1,11.18,50.91,11
-1020162350#1,42446138,6254630500,1,11.18,12.09,11
-1024634984#0,7075509770,42446086,3,27.78,10.35,11
-1024634984#1,9448174588,7075509770,3,27.78,54.26,11
-1027227117#0,3686061920,42439191,1,11.18,11.8,10
-1027227117#1,9140927083,3686061920,1,11.18,19.52,10
-1029634742#0,10166004086,9916138285,1,11.18,20.95,10
-1029634742#1,9916138281,10166004086,1,11.18,0.58,10
-1029634742#2,42431118,9916138281,1,11.18,6.94,10
-1029634742#3,9916138282,42431118,1,11.18,7.2,10
-1029634742#4,9492618964,9916138282,1,11.18,29.2,10
-1029634743#0,9916138286,9492618964,1,11.18,36.18,10
-1029634743#1,42431116,9916138286,1,11.18,7.45,10
-1029634744#0,9496980743,42431113,1,11.18,8.27,10
-1029634744#1,9916138289,9496980743,1,11.18,64.57,10
-1029634744#2,42431116,9916138289,1,11.18,7.26,10
-1030243868#0,7801775715,42431102,1,11.18,7.5,10
-1030243868#1,9496980741,7801775715,1,11.18,64.87,10
-1030243868#2,42431104,9496980741,1,11.18,6.56,10
-1030243869#0,9496980739,42431104,2,22.22,8.06,10
-1030243869#1,9496980731,9496980739,2,22.22,35.75,10
-1030243870#0,9496980735,9496980731,1,22.22,29.61,10
-1030243870#1,42431106,9496980735,1,22.22,6.91,10
-1030243871#0,9496980736,42431106,1,22.22,7.23,10
-1030243871#1,9916138295,9496980736,1,22.22,64.77,10
-1030243871#2,42431107,9916138295,1,22.22,8.28,10
-1030243872#0,9916138292,42431107,2,11.18,6.87,10
-1030243872#1,9496980732,9916138292,2,11.18,33.75,10
-1030243873#0,9916138291,9496980732,1,11.18,31.94,10
-1030243873#1,42431108,9916138291,1,11.18,6.78,10
-1030243874#0,6880029875,9496980733,1,11.18,32.36,10
-1030243874#1,42431113,6880029875,1,11.18,6.28,10
-1030243875#0,6880029851,9496980733,1,11.18,33.88,10
-1030243875#1,42431111,6880029851,1,11.18,6.82,10
-1030243877,42431108,6912871508,1,22.22,6.97,10
-1031982728,1764400297,42452485,2,27.78,15.59,12
-1033101550#0,9518268744,2340960702,1,13.89,28.84,3
-1033101550#1,1504153604,9518268744,1,13.89,10.56,3
-1038772919#0,3212472853,42437996,1,11.18,8.84,11
-1038772919#1,3212472646,3212472853,1,11.18,3.87,11
-1038772919#2,5804809463,3212472646,1,11.18,4.05,11
-1038772919#3,42437962,5804809463,1,11.18,9.09,11
-103917119#0,9569897417,42433027,1,11.18,8.75,11
-103917119#1,9569882306,9569897417,1,11.18,71.97,11
-103917119#2,42433024,9569882306,1,11.18,8.92,11
-103917119#3,9569882305,42433024,1,11.18,6.9,11
-103917119#4,9569882295,9569882305,1,11.18,68.42,11
-103917119#5,42433020,9569882295,1,11.18,9.24,11
-1040863520#0,9507816942,42449890,3,11.18,7.88,12
-1040863520#1,9679181057,9507816942,3,11.18,59.88,12
-1040863520#2,42446875,9679181057,3,11.18,6.41,12
-1040863520#3,9679181065,42446875,3,11.18,7.79,12
-1040863520#4,9679181047,9679181065,3,11.18,60.01,12
-1040863520#5,42437283,9679181047,3,11.18,7.400000000000001,12
-104144064,1764400302,42432785,2,27.78,12.02,12
-104315946#0,9561557611,42445561,1,13.89,56.43,3
-104315946#1,42445046,9561557611,1,13.89,8.21,3
-104315947#0,9561557612,1203709420,1,13.89,23.91,3
-104315947#1,42435412,9561557612,1,13.89,7.78,3
-1043350176,42428858,5763775589,1,13.89,22.43,3
-1043350179#0,9520170425,1506591534,1,13.89,8.85,3
-1043350179#1,10050039071,9520170425,1,13.89,68.67,3
-1043350179#2,1332860731,10050039071,1,13.89,7.93,3
-1043350179#3,10050039074,1332860731,1,13.89,9.51,3
-1043350179#4,10050004447,10050039074,1,13.89,68.47,3
-1043350179#5,1332860726,10050004447,1,13.89,9.07,3
-1047067668,6868145381,7620540917,1,13.89,8.34,3
-1051550982#0,8309479554,42436944,1,8.94,6.58,11
-1051550982#1,4298781041,8309479554,1,8.94,70.75,11
-1051550982#2,42439006,4298781041,1,8.94,10.2,11
-1067449180#0,8309478839,42433354,1,11.18,8.75,3
-1067449180#1,9800536167,8309478839,1,11.18,44.43,3
-1067449185#0,8309478843,5784502858,1,11.18,2.7,3
-1067449185#1,42433356,8309478843,1,11.18,8.35,3
-1068067608#0,5815643290,42429630,1,11.18,13.34,3
-1068067608#1,9805151008,5815643290,1,11.18,3.53,3
-1068067609,42429633,5815643310,1,11.18,9.79,3
-1080319437#0,8309479339,42437349,1,8.94,7.05,11
-1080319437#1,8309479333,8309479339,1,8.94,62.83,11
-1080319437#2,42455175,8309479333,1,8.94,7.13,11
-1080319438#0,8309479357,42453158,1,8.94,7.33,11
-1080319438#1,10778677019,8309479357,1,8.94,32.77,11
-1080319439#0,8309479395,42449029,1,8.94,5.72,11
-1080319439#1,8309479410,8309479395,1,8.94,62.33,11
-1080319439#2,42430938,8309479410,1,8.94,7.51,11
-1080324899#0,6407228007,9166241193,1,11.18,58.96,10
-1080324899#1,4515465264,6407228007,1,11.18,11.36,10
-1080324900,9166241204,42426665,2,11.18,98.09,10
-1080324903,7785803398,589927991,2,11.18,5.9,3
-1080419242#0,9559444361,3099327955,2,11.18,8.7,10
-1080419242#1,9903051303,9559444361,2,11.18,168.92,10
-1080419243#0,8758345323,9903051303,2,11.18,71.4,10
-1080419243#1,2141026532,8758345323,2,11.18,9.79,10
-1080419243#2,42439887,2141026532,2,11.18,15.41,10
-1080424222#0,9557088452,9903127425,2,11.18,59.71,11
-1080424222#1,42432659,9557088452,2,11.18,16.5,11
-1080796656#0,7924346893,42435403,1,11.18,6.86,3
-1080796656#1,9906259297,7924346893,1,11.18,15.85,3
-1080796657,6289180287,6289180295,1,22.22,7.65,6
-1080862159#0,3278932313,42440397,2,11.18,8.92,11
-1080862159#1,9906826293,3278932313,2,11.18,47.42,11
-1080862160,9906826295,9906826293,2,11.18,35.9,11
-1080862161#0,9906826297,42446021,3,11.18,13.020000000000001,11
-1080862161#1,9906826299,9906826297,3,11.18,34.67,11
-1080862162#0,9906826301,9906826300,1,11.18,33.05,11
-1080862162#1,596776089,9906826301,1,11.18,10.83,11
-1080862163,9906826298,9906826299,2,11.18,42.25,11
-1080862164,9906826300,9906826298,1,11.18,13.7,11
-1080862165,42459137,596776089,2,11.18,17.11,11
-1080862166#0,9906826302,42459137,3,11.18,11.31,11
-1080862166#1,9906826303,9906826302,3,11.18,35.71,11
-1080862167,9906826304,9906826303,1,11.18,45.24,11
-1080862168#0,10125087304,42447105,2,11.18,10.59,11
-1080862168#1,9906826305,10125087304,2,11.18,50.71,11
-1080862169#0,10125087305,9906826304,1,11.18,45.17,11
-1080862169#1,42447105,10125087305,1,11.18,10.57,11
-1080862170,9906826306,9906826305,1,11.18,34.25,11
-1080862171#0,9906826307,9906826306,1,11.18,45.17,11
-1080862171#1,42450015,9906826307,1,11.18,14.17,11
-1080862172#0,9906826309,42450015,1,11.18,13.1,11
-1080862172#1,9906826308,9906826309,1,11.18,46.77,11
-1080862173,9906826310,9906826308,1,11.18,83.93,11
-1080862174#0,8250715783,9906826310,1,11.18,59.99,11
-1080862174#1,42443027,8250715783,1,11.18,12.01,11
-1080862175#0,8250715775,42443027,2,11.18,14.17,11
-1080862175#1,9906826311,8250715775,2,11.18,42.71,11
-1080862176#0,6691104526,9906826312,1,11.18,46.86,11
-1080862176#1,42456060,6691104526,1,11.18,14.03,11
-1080862177#0,6691104524,42456060,2,11.18,13.59,11
-1080862177#1,9906826313,6691104524,2,11.18,38.36,11
-1080862178,9906826314,9906826313,2,11.18,37.63,11
-1080862179#0,6689923786,9906826315,1,11.18,50.48,11
-1080862179#1,42428020,6689923786,1,11.18,11.98,11
-1080862180#0,6689923788,42428020,3,11.18,12.449999999999998,11
-1080862180#1,9906887423,6689923788,3,11.18,34.9,11
-1080862180#2,9906826316,9906887423,3,11.18,4.05,11
-1080862791#0,3119952610,3119952619,2,11.18,23.36,11
-1080862791#1,9906879190,3119952610,2,11.18,107.61,11
-1080862792#0,7834025527,9906879190,2,11.18,37.83,11
-1080862792#1,42429342,7834025527,2,11.18,13.44,11
-1080862793#0,7834030834,42429342,2,11.18,13.19,11
-1080862793#1,9906879191,7834030834,2,11.18,62.96,11
-1080862794#0,7924099694,42429334,2,11.18,10.42,11
-1080862794#1,9906879192,7924099694,2,11.18,94.54,11
-1080862795#0,7924094070,9906879192,2,11.18,37.27,11
-1080862795#1,42429338,7924094070,2,11.18,13.98,11
-1080862796#0,7924094077,42429334,2,11.18,10.55,11
-1080862796#1,7924099812,7924094077,2,11.18,127.3,11
-1080862796#2,42429330,7924099812,2,11.18,11.11,11
-1080862797,596776164,42429330,1,11.18,17.33,11
-1080862798#0,3392519867,9906879194,2,11.18,41.86,11
-1080862798#1,42429314,3392519867,2,11.18,9.5,11
-1080862799,9906879194,9906879193,2,11.18,26.35,11
-1080863335,2059304029,2059304024,1,11.18,64.17,11
-1080864177,9906904518,4205805389,1,11.18,39.13,11
-1080864178,4205805389,3248774451,1,11.18,41.36,11
-1080864179#0,9897810840,42443347,2,11.18,11.49,11
-1080864179#1,5316108106,9897810840,2,11.18,53.03,11
-1080864180#0,4906056158,9906904523,2,11.18,33.78,11
-1080864180#1,42422592,4906056158,2,11.18,10.3,11
-1080864181#0,9906904524,7912855687,2,11.18,22.84,11
-1080864181#1,4205820213,9906904524,2,11.18,29.82,11
-1080864183,9906904528,4205805392,3,11.18,59.91,11
-1080866700,42457660,596776260,3,11.18,21.64,11
-1080866701#0,6270714178,9906892370,1,27.78,63.97,11
-1080866701#1,42446086,6270714178,1,27.78,10.76,11
-1080866702#0,7058749372,42443268,1,11.18,8.92,11
-1080866702#1,7066686013,7058749372,1,11.18,30.18,11
-1080871810,1733612459,9906953433,1,13.89,33.8,4
-1080978583#0,8094558972,9181607984,1,11.18,48.14,12
-1080978583#1,42444242,8094558972,1,11.18,8.42,12
-1080978584#0,42433243,42433218,1,11.18,29.95,12
-1080978584#1,11032985217,42433243,1,11.18,5.5,12
-1080978584#2,11032985226,11032985217,1,11.18,81.44,12
-1080978584#3,42438476,11032985226,1,11.18,5.76,12
-1080978585#0,11032985358,42438476,2,11.18,25.21,12
-1080978585#1,278609760,11032985358,2,11.18,47.16,12
-1080978585#2,42444108,278609760,2,11.18,46.85,12
-1080978586#0,1538237325,42444108,2,11.18,69.9,12
-1080978586#1,8276469282,1538237325,2,11.18,176.94,12
-1080978586#2,42437135,8276469282,2,11.18,8.75,12
-1080978587,11040029985,11040080970,1,11.18,35.54,12
-1080982427#0,4161568811,1989931124,1,11.18,36.96,11
-1080982427#1,42440754,4161568811,1,11.18,10.34,11
-1080982430#0,4161568341,9907956902,1,11.18,39.66,11
-1080982430#1,42440743,4161568341,1,11.18,14.64,11
-1080982431#0,9907956911,9907956910,1,11.18,33.98,11
-1080982431#1,8309479684,9907956911,1,11.18,18.15,11
-1080982431#2,42440737,8309479684,1,11.18,12.29,11
-1080982432,9907956910,9907956912,1,11.18,68.94,11
-1080982433#0,5148103566,9907956916,1,11.18,50.06,3
-1080982433#1,42438784,5148103566,1,11.18,6.54,3
-1080982434#0,8310246306,42440710,2,11.18,10.88,3
-1080982434#1,9907978318,8310246306,2,11.18,41.46,3
-1080982435#0,8310246315,5416901182,2,11.18,59.84,3
-1080982435#1,42430253,8310246315,2,11.18,12.59,3
-1080982436#0,8310246318,9907978323,2,11.18,55.16,3
-1080982436#1,42430253,8310246318,2,11.18,13.37,3
-1080982437#0,8310246339,42439823,1,11.18,11.6,3
-1080982437#1,5244228885,8310246339,1,11.18,36.33,3
-1080982438#0,8310246342,42439823,2,11.18,12.01,3
-1080982438#1,9907978327,8310246342,2,11.18,37.19,3
-1080982439#0,8310246332,9907978333,2,11.18,32.91,3
-1080982439#1,42435596,8310246332,2,11.18,11.39,3
-1080982440#0,3670742460,42440721,2,11.18,12.02,3
-1080982440#1,9907978334,3670742460,2,11.18,22.18,3
-1081824061#0,8307641833,42440820,2,11.18,7.06,13
-1081824061#1,8307641823,8307641833,2,11.18,74.67,13
-1081824061#2,8996353563,8307641823,2,11.18,10.11,13
-1081893303#0,7837165559,9915560877,2,11.18,19.63,11
-1081893303#1,42435257,7837165559,2,11.18,7.05,11
-1081893303#2,7837178992,42435257,2,11.18,7.3,11
-1081893303#3,9915560878,7837178992,2,11.18,16.67,11
-1081895353#0,9170771794,9915712168,2,11.18,43.78,11
-1081895353#1,42427915,9170771794,2,11.18,15.25,11
-1081895354#0,7106818624,9915712170,1,11.18,46.67,11
-1081895354#1,7106818626,7106818624,1,11.18,13.55,11
-1081895355#0,7784826630,42424851,2,11.18,7.98,11
-1081895355#1,9915712170,7784826630,2,11.18,19.78,11
-1081895356#0,2539225339,7106818626,2,11.18,13.21,11
-1081895356#1,7106818635,2539225339,2,11.18,66.25,11
-1081895356#2,7106818623,7106818635,2,11.18,7.15,11
-1081976618#0,7106818620,7106818623,2,11.18,7.64,11
-1081976618#1,9796827004,7106818620,2,11.18,66.2,11
-1081976618#2,7106818627,9796827004,2,11.18,6.75,11
-1081976618#3,9796827006,7106818627,2,11.18,7.51,11
-1081976618#4,9796827009,9796827006,2,11.18,65.4,11
-1081976618#5,42421993,9796827009,2,11.18,6.76,11
-1081976618#6,9796827008,42421993,2,11.18,7.48,11
-1081976618#7,7123525299,9796827008,2,11.18,65.61,11
-1081978812,8727756052,42431034,1,11.18,8.04,10
-1081978814,42431019,8727756099,1,11.18,11.63,10
-1086766006,60927838,60927837,1,11.18,114.09,11
-1086962995#0,3874681623,8261122872,2,11.18,7.93,12
-1086962995#1,42437678,3874681623,2,11.18,12.86,12
-1087048475#0,10173152538,9960054857,2,27.78,64.28,12
-1087048475#1,42432825,10173152538,2,27.78,12.03,12
-1088005912#0,8119542591,9968663365,1,11.18,26.52,3
-1088005912#1,42455897,8119542591,1,11.18,13.47,3
-1088320646,4015192894,9971262455,2,11.18,21.44,11
-1088320647#0,4296650377,42442889,3,11.18,13.410000000000002,11
-1088320647#1,4015192893,4296650377,3,11.18,46.12,11
-1088320648#0,5690422189,42442889,2,11.18,12.68,11
-1088320648#1,9971262458,5690422189,2,11.18,34.98,11
-1088320649#0,4132605271,5266429277,2,11.18,35.54,11
-1088320649#1,42448701,4132605271,2,11.18,14.34,11
-1088320650#0,4132605272,42448701,3,11.18,13.729999999999999,11
-1088320650#1,9971262460,4132605272,3,11.18,34.92,11
-1088320651#0,8835579646,9971262462,2,11.18,25.78,11
-1088320651#1,42446925,8835579646,2,11.18,9.88,11
-1088320652#0,9971262461,42446925,2,11.18,9.17,11
-1088320652#1,10166167597,9971262461,2,11.18,0.82,11
-1088320652#2,9971262463,10166167597,2,11.18,35.38,11
-1088320653#0,10166167540,9971262464,2,11.18,31.31,11
-1088320653#1,42448693,10166167540,2,11.18,8.9,11
-1088320654#0,3019039007,42428201,2,11.18,9.01,11
-1088320654#1,4763900915,3019039007,2,11.18,27.25,11
-1088320655#0,3019039006,9971262468,2,11.18,59.43,11
-1088320655#1,42437881,3019039006,2,11.18,11.18,11
-1088320656#0,9971262469,42430271,2,11.18,12.99,11
-1088320656#1,9971262471,9971262469,2,11.18,34.98,11
-1088320657#0,9971262470,9971262472,2,11.18,28.65,11
-1088320657#1,42430271,9971262470,2,11.18,12.7,11
-1088320658#0,10171337696,42437890,2,11.18,12.82,11
-1088320658#1,4205565526,10171337696,2,11.18,28.56,11
-1088321123#0,9971263899,9971263898,2,11.18,47.64,11
-1088321123#1,42437914,9971263899,2,11.18,13.83,11
-1088325193#0,3932847281,9971314375,2,11.18,32.23,12
-1088325193#1,5131026388,3932847281,2,11.18,13.86,12
-1088325194,9971314378,42445382,2,11.18,29.99,12
-1088325195#0,8119462466,9971314381,2,11.18,29.4,12
-1088325195#1,3786901743,8119462466,2,11.18,8.97,12
-1088325196#0,8133342841,42437644,3,11.18,13.11,12
-1088325196#1,9971314382,8133342841,3,11.18,34.35,12
-1088325197#0,5851792229,9971314388,2,11.18,42.26,12
-1088325197#1,42437663,5851792229,2,11.18,12.24,12
-1088325198,2779131560,6905716423,2,11.18,7.44,12
-1088325199,9971314390,9971314389,2,11.18,41.04,12
-1090633956,9971262467,4763900915,2,11.18,11.82,11
-1090755974#0,1814477468,9832349990,2,11.18,4.34,11
-1090755974#1,4592061570,1814477468,2,11.18,9.29,11
-1090755974#2,3601295702,4592061570,2,11.18,8.78,11
-1090755974#3,4207683793,3601295702,2,11.18,61.59,11
-1091706625#0,4276517114,4763900906,2,11.18,26.27,11
-1091706625#1,42445867,4276517114,2,11.18,9.72,11
-1091726255#0,6221717910,42447166,2,11.18,9.69,11
-1091726255#1,6254816633,6221717910,2,11.18,126.93,11
-1091726255#2,42457660,6254816633,2,11.18,9.29,11
-1092553225,42432967,10005912258,1,11.18,35.16,11
-1095014324#0,8740550825,4207702050,1,11.18,7.66,11
-1095014324#1,42436285,8740550825,1,11.18,8.41,11
-1095014324#2,8740550828,42436285,1,11.18,8.32,11
-1095014324#3,8740550835,8740550828,1,11.18,63.42,11
-1095014324#4,42442764,8740550835,1,11.18,8.16,11
-1095014325,42451879,5403858703,1,11.18,20.1,11
-1096304299,2821304138,10039501934,1,11.18,9.04,3
-1106736160#0,9561229751,10127304318,2,27.78,63.35,12
-1106736160#1,42429226,9561229751,2,27.78,10.01,12
-1106938541#0,10128931547,10128931543,1,13.89,18.71,3
-1106938541#1,10128931544,10128931547,1,13.89,36.27,3
-110985802#0,9566869964,42454102,1,13.89,10.04,3
-110985802#1,7134871407,9566869964,1,13.89,73.96,3
-110985802#2,5403873744,7134871407,1,13.89,38.72,3
-110985802#3,42433075,5403873744,1,13.89,11.56,3
-110985802#4,5403873743,42433075,1,13.89,12.86,3
-110985802#5,5549743255,5403873743,1,13.89,72.84,3
-110985802#6,9563795520,5549743255,1,13.89,25.15,3
-110985802#7,42449644,9563795520,1,13.89,7.73,3
-1123880569,42427894,10079540192,1,22.22,10.71,10
-1123882067,9906953435,9906953438,1,13.89,9.1,4
-1123883122,42428653,1061531454,2,11.18,17.47,11
-1125106323,8840333845,8262936616,1,11.18,4.46,4
-1125256558#0,2531682690,8213944614,1,11.18,14.64,4
-1125256558#1,8262936679,2531682690,1,11.18,60.97,4
-1125256558#2,42422035,8262936679,1,11.18,11.24,4
-1126410242#0,8262936613,10299850024,1,11.18,1.27,4
-1126410242#1,42422038,8262936613,1,11.18,7.48,4
-1128358854,42436178,4149936245,1,11.18,7.37,3
-1133523764#0,1764746049,42440499,1,13.89,7.77,3
-1133523764#1,7171114289,1764746049,1,13.89,36.0,3
-1133523764#2,42440502,7171114289,1,13.89,70.11,3
-1133806010#0,10311946149,42440258,1,11.18,9.6,12
-1133806010#1,10311946199,10311946149,1,11.18,67.34,12
-1133806010#2,3350498747,10311946199,1,11.18,7.09,12
-1135143380#0,6214889059,10581577906,2,11.18,7.64,11
-1135143380#1,42428049,6214889059,2,11.18,8.95,11
-1135342273#0,11153640056,1773055865,2,11.18,17.43,3
-1135342273#1,8827539962,11153640056,2,11.18,4.71,3
-1135342273#2,3234401386,8827539962,2,11.18,56.47,3
-1135342273#3,7132405548,3234401386,2,11.18,12.41,3
-1135342275#0,9910234385,7132405548,2,11.18,8.4,3
-1135342275#1,7477038792,9910234385,2,11.18,20.64,3
-1135342275#2,9910222078,7477038792,2,11.18,34.64,3
-1135342275#3,7132406726,9910222078,2,11.18,21.57,3
-1135342275#4,42425955,7132406726,2,11.18,8.34,3
-1135342276#0,4878781669,10583167614,1,11.18,31.98,3
-1135342276#1,42445466,4878781669,1,11.18,12.11,3
-1135342277#0,8279851411,1253070785,2,11.18,33.71,3
-1135342277#1,42445466,8279851411,2,11.18,10.04,3
-1135361330#0,5362212155,10583318293,3,27.78,39.09,12
-1135361330#1,42433229,5362212155,3,27.78,6.14,12
-1136699156#0,5159452344,486869282,3,11.18,12.160000000000002,11
-1136699156#1,10596183144,5159452344,3,11.18,54.9,11
-1136699157,10596183145,10596183144,2,11.18,45.27,11
-1136699158#0,8231896503,10596183145,2,11.18,25.02,11
-1136699158#1,42437113,8231896503,2,11.18,5.68,11
-1136699159#0,8231896502,42437113,2,11.18,6.11,11
-1136699159#1,6906849818,8231896502,2,11.18,125.92,11
-1136699159#2,42432083,6906849818,2,11.18,5.72,11
-1136699160#0,9543294809,10596183146,2,11.18,34.1,11
-1136699160#1,5783022072,9543294809,2,11.18,11.74,11
-1136699160#2,1918039877,5783022072,2,11.18,9.38,11
-1136952921#0,3974095818,10598594003,2,11.18,35.78,12
-1136952921#1,42428287,3974095818,2,11.18,13.08,12
-1137046265#0,7335430595,42430540,1,11.18,5.41,4
-1137046265#1,1253070923,7335430595,1,11.18,29.18,4
-1137046265#2,8279851418,1253070923,1,11.18,97.86,4
-1137046265#3,42428405,8279851418,1,11.18,8.4,4
-1138164083,42427494,3874681611,2,11.18,11.67,11
-1145069303#0,10311946241,3350498747,1,11.18,6.65,12
-1145069303#1,11032958096,10311946241,1,11.18,92.76,12
-1145069303#2,42433218,11032958096,1,11.18,6.87,12
-1146051565#0,7604384328,42427159,1,11.18,6.73,11
-1146051565#1,7604384339,7604384328,1,11.18,42.24,11
-1146051565#2,42427156,7604384339,1,11.18,7.39,11
-1146051565#3,7604384341,42427156,1,11.18,6.96,11
-1146051565#4,7604384352,7604384341,1,11.18,63.67,11
-1146051565#5,42427152,7604384352,1,11.18,7.19,11
-1146402185#0,9569882309,42442697,2,27.78,8.04,11
-1146402185#1,10668997778,9569882309,2,27.78,32.06,11
-1146402186#0,9569882314,10668997778,2,27.78,35.45,11
-1146402186#1,42437319,9569882314,2,27.78,8.13,11
-1146402187#0,9569882313,42437319,2,27.78,14.55,11
-1146402187#1,10668997779,9569882313,2,27.78,37.77,11
-1146402188,42442702,10668997779,1,27.78,24.3,11
-1146402189#0,8725182263,42442702,2,27.78,14.92,11
-1146402189#1,42442703,8725182263,2,27.78,9.9,11
-1146402190#0,6836035776,42442703,2,27.78,6.96,11
-1146402190#1,10668997780,6836035776,2,27.78,31.23,11
-1146402191#0,6836035775,10668997780,1,27.78,35.39,11
-1146402191#1,2075592658,6836035775,1,27.78,5.61,11
-1146402192,42432223,2075592658,1,27.78,21.73,11
-1146402193#0,6836035772,42432223,2,27.78,5.75,11
-1146402193#1,6836035780,6836035772,2,27.78,36.44,11
-1146402193#2,42442710,6836035780,2,27.78,9.02,11
-1146402194#0,6836035778,42442710,2,27.78,10.21,11
-1146402194#1,7675910661,6836035778,2,27.78,11.24,11
-1146402194#2,10668997781,7675910661,2,27.78,19.73,11
-1146402195#0,6836035782,10668997781,1,27.78,29.91,11
-1146402195#1,42442717,6836035782,1,27.78,6.98,11
-1146402196#0,6836035783,42442717,1,27.78,6.73,11
-1146402196#1,10668997782,6836035783,1,27.78,19.01,11
-1146402197#0,6836035767,10668997782,2,27.78,39.67,11
-1146402197#1,42435198,6836035767,2,27.78,7.66,11
-1146402199#0,9908577534,42435198,2,27.78,5.84,11
-1146402199#1,6836035765,9908577534,2,27.78,5.4,11
-1146402199#2,10668997783,6836035765,2,27.78,30.4,11
-1146402200,42439783,10668997783,1,27.78,12.94,11
-1146402201#0,6836035763,42439783,1,27.78,25.69,11
-1146402201#1,42434989,6836035763,1,27.78,6.44,11
-1146402202#0,6836035762,42434989,1,27.78,6.24,11
-1146402202#1,10668997784,6836035762,1,27.78,25.47,11
-1146402203#0,6836035760,10668997784,2,27.78,37.94,11
-1146402203#1,42442722,6836035760,2,27.78,7.04,11
-1146402204#0,6836035758,10668997785,1,27.78,27.46,11
-1146402204#1,42429452,6836035758,1,27.78,8.15,11
-1146402205#0,6836035761,42442722,1,27.78,5.59,11
-1146402205#1,765365632,6836035761,1,27.78,11.0,11
-1146748992#0,9566892699,42442738,1,13.89,11.08,3
-1146748992#1,1253602816,9566892699,1,13.89,69.69,3
-1151035737#0,8276468524,10707585709,2,11.18,37.0,12
-1151035737#1,42454600,8276468524,2,11.18,4.0,12
-1152535933#0,9563821081,42427190,1,8.94,10.28,12
-1152535933#1,42444097,9563821081,1,8.94,75.39,12
-1156469243#0,3316834250,496707003,1,11.18,55.64,11
-1156469243#1,8279851251,3316834250,1,11.18,37.66,11
-1156469243#2,3212472978,8279851251,1,11.18,8.79,11
-1156475401#0,8231896473,42432099,2,11.18,6.63,3
-1156475401#1,3314293725,8231896473,2,11.18,81.38,3
-1156475401#2,486867513,3314293725,2,11.18,11.14,3
-1156810185#0,7685650169,42444479,2,11.18,6.28,12
-1156810185#1,7685535239,7685650169,2,11.18,94.67,12
-1156810185#2,588546891,7685535239,2,11.18,5.59,12
-1159051925#0,4161568813,5147744247,1,8.94,41.21,11
-1159051925#1,42440754,4161568813,1,8.94,12.64,11
-1159051944#0,8309479570,10778672288,1,8.94,38.85,11
-1159051944#1,42436957,8309479570,1,8.94,7.5,11
-1159052040#0,3716628973,3624790934,1,8.94,75.58,4
-1159052040#1,1989931095,3716628973,1,8.94,36.12,4
-1159053669#0,7977873287,10778677019,1,8.94,31.26,11
-1159053669#1,42444833,7977873287,1,8.94,6.58,11
-1164741792,6086355078,10832508151,1,13.89,84.62,3
-116672333#0,2823833538,3914863405,2,11.18,206.79,11
-116672333#1,9971263900,2823833538,2,11.18,40.41,11
-116672333#2,42437914,9971263900,2,11.18,13.55,11
-1167572190,42430589,3914863405,2,11.18,13.12,11
-1180567731#0,7120723135,1764400304,1,27.78,30.38,12
-1180567731#1,9561420846,7120723135,1,27.78,102.36,12
-1180567731#2,42445634,9561420846,1,27.78,8.28,12
-1180567732,42452495,10964555776,1,27.78,7.4,12
-1184516019#0,10710993577,42431889,1,11.18,10.1,3
-1184516019#1,11002109566,10710993577,1,11.18,5.75,3
-1188730080#0,6411125219,8518556691,1,11.18,7.08,11
-1188730080#1,11038072318,6411125219,1,11.18,4.08,11
-1188730080#2,42433554,11038072318,1,11.18,11.08,11
-1188730092,5804835269,42447428,1,11.18,4.44,12
-1188730152#0,11038072374,42433554,1,11.18,7.48,11
-1188730152#1,5804713751,11038072374,1,11.18,5.68,11
-1188730152#2,11038072550,5804713751,1,11.18,27.35,11
-1188954618#0,7476429026,11040029985,1,11.18,18.25,12
-1188954618#1,42423295,7476429026,1,11.18,6.79,12
-1188964152,11040080970,9907942851,1,11.18,21.49,12
-1189284691,5610570649,11043134785,2,27.78,66.87,12
-1189567314,42440408,11038072541,1,11.18,6.04,3
-1193079854#0,10867399389,42448674,1,13.89,8.83,3
-1193079854#1,42442638,10867399389,1,13.89,154.57,3
-1193079855,42442638,42442635,1,27.78,79.32,11
-1197063253#0,9566997284,42433030,2,11.18,10.18,11
-1197063253#1,11107581285,9566997284,2,11.18,30.14,11
-1197063254,11107581284,11107581285,1,11.18,19.78,11
-1197063255,42433027,2499803009,1,11.18,16.46,11
-1197063256,2499803009,42437326,1,22.22,14.15,5
-1197065242#0,9904552002,11107628433,1,11.18,41.33,10
-1197065242#1,1241742563,9904552002,1,11.18,12.77,10
-1197065243#0,7050687064,7050687060,1,11.18,10.69,10
-1197065243#1,6456467046,7050687064,1,11.18,36.34,10
-1197069043#0,1772058064,42426747,1,11.18,8.6,12
-1197069043#1,11107654706,1772058064,1,11.18,30.43,12
-1203376569#0,4206997170,42433718,1,11.18,7.84,3
-1203376569#1,4876543173,4206997170,1,11.18,63.47,3
-1203376569#2,9802614802,4876543173,1,11.18,8.47,3
-1203376570#0,4954604349,42433715,1,11.18,7.68,3
-1203376570#1,4206997167,4954604349,1,11.18,63.66,3
-1203376570#2,42433718,4206997167,1,11.18,8.21,3
-1203376571#0,4207000203,42433712,1,11.18,10.05,3
-1203376571#1,4876394045,4207000203,1,11.18,62.32,3
-1203376571#2,42433715,4876394045,1,11.18,8.51,3
-1203376572#0,4207000189,246901366,1,11.18,147.53,3
-1203376572#1,42433712,4207000189,1,11.18,13.02,3
-1203376573,42427411,9802614802,1,11.18,8.91,3
-125525165#0,8310246529,42432000,1,11.18,8.06,3
-125525165#1,7153367758,8310246529,1,11.18,42.88,3
-125525165#2,42437775,7153367758,1,11.18,105.39,3
-125525165#3,8310246483,42437775,1,11.18,95.39,3
-125525165#4,42427744,8310246483,1,11.18,9.06,3
-125525171#0,8279851242,6330018917,1,11.18,8.99,3
-125525171#1,7480301988,8279851242,1,11.18,55.61,3
-125525171#2,6330018915,7480301988,1,11.18,89.06,3
-125525171#3,8310246640,6330018915,1,11.18,32.02,3
-125525171#4,42437763,8310246640,1,11.18,6.72,3
-127690685#0,7410938056,42431614,1,11.18,13.2,11
-127690685#1,8304497233,7410938056,1,11.18,147.33,11
-127690685#2,42431617,8304497233,1,11.18,7.39,11
-132500852,42431666,4515465265,1,8.94,144.32,11
-132500932#0,9561209099,42429708,1,8.94,11.3,10
-132500932#1,7249923670,9561209099,1,8.94,7.23,10
-132500932#2,42429709,7249923670,1,8.94,104.19,10
-139919706#0,8261123379,9971300853,1,11.18,42.1,12
-139919706#1,42434427,8261123379,1,11.18,13.74,12
-154716101#0,10168235688,595254571,1,11.18,75.92,3
-154716101#1,1672106382,10168235688,1,11.18,7.93,3
-154716101#2,10168235687,1672106382,1,11.18,10.59,3
-154716101#3,10098621377,10168235687,1,11.18,61.86,3
-154716101#4,595245925,10098621377,1,11.18,6.72,3
-154716105#0,10098711648,595254573,1,11.18,10.24,3
-154716105#1,595254571,10098711648,1,11.18,71.18,3
-157405685,42422026,889298452,1,11.18,30.12,3
-161387757#0,6670244845,42427991,2,13.89,12.04,4
-161387757#1,9906953433,6670244845,2,13.89,26.56,4
-161387759#0,1733612464,1733612459,1,13.89,37.54,4
-161387759#1,1733612450,1733612464,1,13.89,22.53,4
-164624785#0,7604384205,42449627,1,22.22,7.38,10
-164624785#1,7604384192,7604384205,1,22.22,67.71,10
-164624785#2,42446337,7604384192,1,22.22,6.36,10
-164624785#3,7604384186,42446337,1,22.22,13.98,10
-164624785#4,8722881560,7604384186,1,22.22,65.19,10
-164624785#5,42436812,8722881560,1,22.22,6.64,10
-164624785#6,8722881558,42436812,1,22.22,7.41,10
-164624785#7,9550791729,8722881558,1,22.22,65.36,10
-164624785#8,42449631,9550791729,1,22.22,6.65,10
-164664263#0,9566997293,42455234,1,22.22,9.74,10
-164664263#1,9566997298,9566997293,1,22.22,60.43,10
-164664263#2,42432226,9566997298,1,22.22,6.12,10
-164664263#3,9566997299,42432226,1,22.22,8.38,10
-164664263#4,9566997264,9566997299,1,22.22,58.43,10
-164664263#5,42455238,9566997264,1,22.22,8.3,10
-164756872#0,8929221219,42427216,1,8.94,8.27,10
-164756872#1,9476704231,8929221219,1,8.94,49.99,10
-164756872#2,9476704238,9476704231,1,8.94,51.91,10
-164756872#3,9338511506,9476704238,1,8.94,150.68,10
-164756872#4,1205714875,9338511506,1,8.94,7.83,10
-164756916#0,8929221217,42427216,1,8.94,10.85,3
-164756916#1,9464289820,8929221217,1,8.94,68.8,3
-164756916#2,42428144,9464289820,1,8.94,7.4,3
-164756917#0,9563795515,42429044,1,8.94,12.88,10
-164756917#1,9563795516,9563795515,1,8.94,66.15,10
-164756917#2,42454240,9563795516,1,8.94,6.12,10
-164756917#3,9563795519,42454240,1,8.94,7.49,10
-164756917#4,42442378,9563795519,1,8.94,69.16,10
-164758478#0,9563795511,42449641,1,13.89,10.11,3
-164758478#1,9563795512,9563795511,1,13.89,83.92,3
-164758478#2,42429044,9563795512,1,13.89,11.6,3
-164839573#0,7588420582,1764387325,2,27.78,26.43,12
-164839573#1,7016431217,7588420582,2,27.78,87.24,12
-164839573#10,42452485,9561344709,2,27.78,6.35,12
-164839573#2,9561344690,7016431217,2,27.78,97.75,12
-164839573#3,42443522,9561344690,2,27.78,7.25,12
-164839573#4,9561344688,42443522,2,27.78,7.13,12
-164839573#5,9561344698,9561344688,2,27.78,89.86,12
-164839573#6,42448930,9561344698,2,27.78,8.06,12
-164839573#7,9561344697,42448930,2,27.78,7.84,12
-164839573#8,42431177,9561344697,2,27.78,67.17,12
-164839573#9,9561344709,42431177,2,27.78,71.58,12
-164842049#0,7045648152,42445634,1,27.78,10.1,12
-164842049#1,9561420845,7045648152,1,27.78,2.86,12
-164842049#2,7045648147,9561420845,1,27.78,69.97,12
-164842049#3,9561420842,7045648147,1,27.78,85.05,12
-164842049#4,10964555776,9561420842,1,27.78,9.06,12
-164843933#0,9561344638,589927883,1,27.78,52.14,12
-164843933#1,1764424345,9561344638,1,27.78,14.52,12
-164843942#0,9561344637,1764424345,2,27.78,16.13,12
-164843942#1,1764424330,9561344637,2,27.78,50.85,12
-164846390#0,8725139237,1764424330,2,27.78,9.51,12
-164846390#1,42445644,8725139237,2,27.78,140.04,12
-164846390#10,4215780093,7694163696,2,27.78,37.24,12
-164846390#2,9563435886,42445644,2,27.78,30.77,12
-164846390#3,7518438079,9563435886,2,27.78,15.21,12
-164846390#4,9563435901,7518438079,2,27.78,26.28,12
-164846390#5,42451736,9563435901,2,27.78,6.76,12
-164846390#6,9563435900,42451736,2,27.78,6.06,12
-164846390#7,7265584435,9563435900,2,27.78,56.92,12
-164846390#8,42435415,7265584435,2,27.78,16.42,12
-164846390#9,7694163696,42435415,2,27.78,8.55,12
-164866814#0,9563662423,42431257,2,27.78,11.37,12
-164866814#1,42446609,9563662423,2,27.78,62.78,12
-164866814#2,42455705,42446609,2,27.78,66.68,12
-164866814#3,6860593881,42455705,2,27.78,22.78,12
-164866814#4,3327370783,6860593881,2,27.78,34.49,12
-164866815,5890982665,1763748995,2,27.78,18.65,12
-164873475#0,9561395291,42441009,2,27.78,10.72,12
-164873475#1,9561561621,9561395291,2,27.78,108.74,12
-164873475#2,42441007,9561561621,2,27.78,9.29,12
-164873475#3,9561561622,42441007,2,27.78,9.4,12
-164873475#4,42441000,9561561622,2,27.78,65.88,12
-164873488,42425959,374451674,1,13.89,33.25,4
-164873891#0,9561566544,42440494,1,27.78,13.35,12
-164873891#1,5890982665,9561566544,1,27.78,20.02,12
-164874889#0,9561561662,42431230,1,8.94,8.72,10
-164874889#1,8952453948,9561561662,1,8.94,63.29,10
-164874889#2,42431234,8952453948,1,8.94,7.73,10
-164875072,42434370,1202018697,1,8.94,106.92,3
-164877022#0,42435412,42445046,1,22.22,78.19,10
-164877022#1,9561566527,42435412,1,22.22,72.69,10
-164877022#10,9561208925,9561566519,1,22.22,62.37,10
-164877022#11,42431260,9561208925,1,22.22,15.18,10
-164877022#2,42445051,9561566527,1,22.22,7.49,10
-164877022#3,9561566526,42445051,1,22.22,7.85,10
-164877022#4,9561566517,9561566526,1,22.22,64.34,10
-164877022#5,42445054,9561566517,1,22.22,7.41,10
-164877022#6,9561557616,42445054,1,22.22,8.04,10
-164877022#7,9561566520,9561557616,1,22.22,64.05,10
-164877022#8,42440499,9561566520,1,22.22,7.5,10
-164877022#9,9561566519,42440499,1,22.22,8.1,10
-164877023#0,9561566528,42445051,1,22.22,9.28,10
-164877023#1,1763748994,9561566528,1,22.22,158.14,10
-164877023#2,42455493,1763748994,1,22.22,13.65,10
-165366872#0,8952453925,42429220,1,22.22,11.55,10
-165366872#1,9561420929,8952453925,1,22.22,95.41,10
-165366872#2,42437923,9561420929,1,22.22,10.49,10
-165366872#3,9561420927,42437923,1,22.22,8.5,10
-165366872#4,9561420925,9561420927,1,22.22,97.47,10
-165366872#5,42427867,9561420925,1,22.22,13.81,10
-165398358#0,9561208919,42431260,1,13.89,14.86,3
-165398358#1,3718637426,9561208919,1,13.89,66.16,3
-165398359#0,9563662421,42444873,1,22.22,166.84,10
-165398359#1,42454553,9563662421,1,22.22,10.44,10
-165399494,1544809885,42429704,1,22.22,13.1,10
-165422866,60929261,60927838,1,11.18,199.08,11
-165426549#0,9935945728,42441805,1,27.78,182.96,11
-165426549#1,42441823,9935945728,1,27.78,9.25,11
-165453010#0,9935945727,761293078,1,27.78,9.97,11
-165453010#1,595352902,9935945727,1,27.78,352.86,11
-165468359#0,42444028,42449127,1,27.78,86.02,11
-165468359#1,42449139,42444028,1,27.78,93.73,11
-165468359#2,7712934592,42449139,1,27.78,12.99,11
-165468359#3,2140997997,7712934592,1,27.78,72.01,11
-165473832#0,9903127419,42434255,2,11.18,7.46,11
-165473832#1,9903106016,9903127419,2,11.18,68.29,11
-165473832#2,42432963,9903106016,2,11.18,12.36,11
-165473832#3,9903106014,42432963,2,11.18,12.89,11
-165473832#4,42434259,9903106014,2,11.18,128.08,11
-165473832#5,42434262,42434259,2,11.18,132.41,11
-165473832#6,9703359668,42434262,2,11.18,255.53,11
-165473832#7,561035361,9703359668,2,11.18,11.08,11
-165777195#0,8231909731,1773076513,2,11.18,46.39,12
-165777195#1,42432184,8231909731,2,11.18,9.99,12
-165893413#0,6791440545,3579432160,1,13.89,9.79,3
-165893413#1,7168010780,6791440545,1,13.89,99.83,3
-166038132#0,6369613023,1775260897,1,11.18,81.75,11
-166038132#1,42445603,6369613023,1,11.18,6.67,11
-166084358#0,8251054454,6166969757,1,13.89,12.53,3
-166084358#1,8251054462,8251054454,1,13.89,184.85,3
-166084358#2,42431186,8251054462,1,13.89,9.74,3
-167922072#0,6597464528,42430333,2,11.18,13.46,12
-167922072#1,10598594003,6597464528,2,11.18,160.61,12
-167922076#0,9235539555,42428287,2,11.18,8.07,12
-167922076#1,9235539548,9235539555,2,11.18,30.99,12
-167922076#2,42437363,9235539548,2,11.18,11.31,12
-167922077#0,10171120541,42434439,2,11.18,11.27,12
-167922077#1,9535571856,10171120541,2,11.18,100.21,12
-167922077#2,42437368,9535571856,2,11.18,13.55,12
-169267538#0,3874681634,62915549,3,11.18,11.82,12
-169267538#1,4500916751,3874681634,3,11.18,54.27,12
-169381957#0,9899924394,42431004,3,11.18,13.660000000000002,11
-169381957#1,3235708630,9899924394,3,11.18,212.42999999999998,11
-169381957#2,42428634,3235708630,3,11.18,12.44,11
-169381959#0,9177400762,42431004,2,11.18,13.79,10
-169381959#1,7818397388,9177400762,2,11.18,35.73,10
-169381961#0,7595763587,4207865789,2,27.78,51.71,12
-169381961#1,42430745,7595763587,2,27.78,16.84,12
-169381963#0,7248638333,42432871,3,11.18,13.81,3
-169381963#1,7248638335,7248638333,3,11.18,67.48,3
-169381963#2,42440567,7248638335,3,11.18,8.88,3
-169381963#3,7248638327,42440567,3,11.18,8.97,3
-169381963#4,7248638337,7248638327,3,11.18,64.66,3
-169381963#5,42440566,7248638337,3,11.18,7.36,3
-169381964#0,9492556584,42431004,2,11.18,12.7,11
-169381964#1,4207865790,9492556584,2,11.18,33.83,11
-181334353#0,1763608189,42436301,1,8.94,5.81,3
-181334353#1,8718862718,1763608189,1,8.94,2.09,3
-181334353#2,3965020557,8718862718,1,8.94,65.48,3
-181334353#3,42427212,3965020557,1,8.94,9.14,3
-181699235#0,9563821019,42438218,1,8.94,6.01,3
-181699235#1,9563769790,9563821019,1,8.94,88.79,3
-193048148#0,9561561663,42431230,1,8.94,8.54,10
-193048148#1,9561229733,9561561663,1,8.94,115.93,10
-193048148#2,42458728,9561229733,1,8.94,8.79,10
-193048149#0,8952453943,42431234,1,8.94,6.58,10
-193048149#1,8952453932,8952453943,1,8.94,79.77,10
-193048149#2,42429222,8952453932,1,8.94,12.18,10
-194923760,42431635,42431630,1,11.18,85.19,3
-194923762#0,4161569114,42430942,1,8.94,9.72,3
-194923762#1,274342024,4161569114,1,8.94,54.14,3
-194923763#0,8309479408,42430938,1,8.94,9.76,10
-194923763#1,42421828,8309479408,1,8.94,118.05,10
-194923763#2,8309479446,42421828,1,8.94,91.68,10
-194923763#3,42430942,8309479446,1,8.94,9.91,10
-194923764#0,4298757036,42439006,1,11.18,9.72,11
-194923764#1,9907956893,4298757036,1,11.18,19.36,11
-194923764#2,9907956888,9907956893,1,11.18,155.53,11
-194923764#3,4298757049,9907956888,1,11.18,30.73,11
-194923764#4,42439001,4298757049,1,11.18,9.65,11
-194923764#5,4298757069,42439001,1,11.18,7.85,11
-194923764#6,4806876058,4298757069,1,11.18,41.36,11
-194923764#7,1989931124,4806876058,1,11.18,129.66,11
-194923765,42448714,5137747688,2,11.18,30.36,11
-194923769#0,5173625924,42437786,1,11.18,30.76,12
-194923769#1,9907942851,5173625924,1,11.18,63.69,12
-194923770,5041369237,42452084,1,11.18,10.15,11
-194923778#0,4885904498,42422283,2,27.78,9.53,12
-194923778#1,10583318293,4885904498,2,27.78,46.46,12
-194923791#0,8262308702,42436439,1,27.78,10.48,11
-194923791#1,4557517554,8262308702,1,27.78,19.9,11
-194923798#0,4878851614,42427300,2,11.18,11.49,3
-194923798#1,10583167614,4878851614,2,11.18,33.41,3
-194926839,9971262455,4015192893,2,11.18,106.62,11
-194926840#0,4290991591,406048768,2,11.18,69.93,12
-194926840#1,42445392,4290991591,2,11.18,14.86,12
-194926845,10858288590,42437678,2,11.18,22.28,12
-195743134#0,10173250036,4212649297,1,27.78,4.98,11
-195743134#1,42442586,10173250036,1,27.78,10.09,11
-195743134#2,10173250035,42442586,1,27.78,8.56,11
-195743134#3,10173362952,10173250035,1,27.78,27.47,11
-195743134#4,42442589,10173362952,1,27.78,7.51,11
-195743134#5,10173362955,42442589,1,27.78,7.4,11
-195743134#6,10055123055,10173362955,1,27.78,65.35,11
-195743134#7,42442592,10055123055,1,27.78,6.3,11
-195743135#0,10055123056,42442592,1,27.78,8.0,11
-195743135#1,7124965421,10055123056,1,27.78,51.44,11
-195743135#10,42434098,10170977557,1,27.78,8.08,11
-195743135#2,3894470285,7124965421,1,27.78,14.47,11
-195743135#3,42442596,3894470285,1,27.78,7.21,11
-195743135#4,10055113542,42442596,1,27.78,7.29,11
-195743135#5,10171135919,10055113542,1,27.78,66.33,11
-195743135#6,42438247,10171135919,1,27.78,5.66,11
-195743135#7,10171129715,42438247,1,27.78,9.27,11
-195743135#8,7124965415,10171129715,1,27.78,41.4,11
-195743135#9,10170977557,7124965415,1,27.78,97.83,11
-195743138#0,7689146644,42431898,1,11.18,12.9,3
-195743138#1,7689146645,7689146644,1,11.18,112.69,3
-195743138#2,42431902,7689146645,1,11.18,8.66,3
-195743152#0,7830685378,4207892897,1,27.78,39.61,11
-195743152#1,42423674,7830685378,1,27.78,11.14,11
-195743153#0,7779666015,42425232,1,11.18,10.87,11
-195743153#1,7779666008,7779666015,1,11.18,68.53,11
-195743153#10,7801840676,42435333,1,11.18,73.45,11
-195743153#11,7801840675,7801840676,1,11.18,6.54,11
-195743153#12,7784826638,7801840675,1,11.18,72.69,11
-195743153#13,42435336,7784826638,1,11.18,7.04,11
-195743153#14,7784826637,42435336,1,11.18,11.04,11
-195743153#15,7784826645,7784826637,1,11.18,61.43,11
-195743153#16,42435337,7784826645,1,11.18,7.52,11
-195743153#17,7784826644,42435337,1,11.18,7.35,11
-195743153#18,3602679383,7784826644,1,11.18,12.09,11
-195743153#19,7784826657,3602679383,1,11.18,54.05,11
-195743153#2,7779666009,7779666008,1,11.18,75.71,11
-195743153#20,42421728,7784826657,1,11.18,11.8,11
-195743153#21,7784826655,42421728,1,11.18,14.12,11
-195743153#22,42432736,7784826655,1,11.18,72.07,11
-195743153#23,761849081,42432736,1,11.18,73.37,11
-195743153#24,42435341,761849081,1,11.18,6.69,11
-195743153#3,7779666003,7779666009,1,11.18,66.46,11
-195743153#4,42425570,7779666003,1,11.18,10.36,11
-195743153#5,7779666012,42425570,1,11.18,10.63,11
-195743153#6,7083286381,7779666012,1,11.18,65.7,11
-195743153#7,42435331,7083286381,1,11.18,6.37,11
-195743153#8,7083286371,42435331,1,11.18,7.78,11
-195743153#9,42435333,7083286371,1,11.18,72.27,11
-195743154#0,7108033377,42424439,2,11.18,13.63,11
-195743154#1,7108199736,7108033377,2,11.18,65.03,11
-195743154#2,42425232,7108199736,2,11.18,13.7,11
-195743156#0,7104620786,42424225,2,11.18,10.08,11
-195743156#1,3248774449,7104620786,2,11.18,145.83,11
-195743156#2,9915712168,3248774449,2,11.18,109.44,11
-195743160#0,5487817605,4888361107,1,22.22,16.59,10
-195743160#1,5539478573,5487817605,1,22.22,25.38,10
-195743162#0,6216836424,42448278,2,11.18,13.31,10
-195743162#1,6216836419,6216836424,2,11.18,53.82,10
-195743162#2,4443803073,6216836419,2,11.18,6.31,10
-195743162#3,6216836439,4443803073,2,11.18,8.19,10
-195743162#4,7924346625,6216836439,2,11.18,15.13,10
-195743162#5,6515676485,7924346625,2,11.18,33.4,10
-195743162#6,42424117,6515676485,2,11.18,1.16,10
-195743164#0,8310246184,9907978334,2,11.18,64.72,3
-195743164#1,42434352,8310246184,2,11.18,8.95,3
-195743169#0,4207313500,42428007,1,13.89,13.39,3
-195743169#1,4207313496,4207313500,1,13.89,119.6,3
-195743169#2,596799866,4207313496,1,13.89,48.99,3
-195743170,42450641,42451744,1,11.18,26.08,11
-195743175#0,6070217083,42443056,3,11.18,12.47,10
-195743175#1,5637143330,6070217083,3,11.18,60.18,10
-195743175#2,4980915578,5637143330,3,11.18,130.49,10
-195743175#3,42449007,4980915578,3,11.18,12.729999999999999,10
-195743176#0,7103815260,42438513,1,13.89,8.29,3
-195743176#1,7103815257,7103815260,1,13.89,66.72,3
-195743176#2,42451754,7103815257,1,13.89,7.22,3
-195743176#3,7103815268,42451754,1,13.89,7.73,3
-195743176#4,7135164283,7103815268,1,13.89,65.15,3
-195743176#5,42439416,7135164283,1,13.89,7.62,3
-195743176#6,7135164277,42439416,1,13.89,7.47,3
-195743176#7,7135164266,7135164277,1,13.89,66.24,3
-195743176#8,42448257,7135164266,1,13.89,7.43,3
-195743186#0,10171363560,42421731,1,13.89,12.64,3
-195743186#1,10171241065,10171363560,1,13.89,67.28,3
-195743186#10,10171241046,10171363592,1,13.89,50.77,3
-195743186#11,5838916777,10171241046,1,13.89,13.55,3
-195743186#2,42432737,10171241065,1,13.89,5.63,3
-195743186#3,10171241064,42432737,1,13.89,7.8,3
-195743186#4,10171241055,10171241064,1,13.89,65.96,3
-195743186#5,42447295,10171241055,1,13.89,6.36,3
-195743186#6,10171241054,42447295,1,13.89,7.15,3
-195743186#7,10171363593,10171241054,1,13.89,65.88,3
-195743186#8,42447303,10171363593,1,13.89,6.79,3
-195743186#9,10171363592,42447303,1,13.89,7.77,3
-195743187#0,10165996964,42437188,1,13.89,13.18,3
-195743187#1,10168010394,10165996964,1,13.89,66.27,3
-195743187#10,10168029034,10127369914,1,13.89,65.72,3
-195743187#11,42429744,10168029034,1,13.89,6.66,3
-195743187#12,10168029030,42429744,1,13.89,7.33,3
-195743187#13,10168029041,10168029030,1,13.89,66.06,3
-195743187#14,42445219,10168029041,1,13.89,6.49,3
-195743187#15,10168029038,42445219,1,13.89,7.69,3
-195743187#16,10168029061,10168029038,1,13.89,65.11,3
-195743187#17,42447336,10168029061,1,13.89,6.99,3
-195743187#2,42447323,10168010394,1,13.89,6.81,3
-195743187#3,10168010391,42447323,1,13.89,7.41,3
-195743187#4,10168010395,10168010391,1,13.89,66.19,3
-195743187#5,42447326,10168010395,1,13.89,5.94,3
-195743187#6,8250876257,42447326,1,13.89,8.01,3
-195743187#7,8250876243,8250876257,1,13.89,65.24,3
-195743187#8,42447330,8250876243,1,13.89,6.62,3
-195743187#9,10127369914,42447330,1,13.89,7.13,3
-195743188#0,9150598852,42436734,1,22.22,7.34,10
-195743188#1,10171069622,9150598852,1,22.22,65.2,10
-195743188#2,42440146,10171069622,1,22.22,7.69,10
-195743188#3,10171069625,42440146,1,22.22,6.5,10
-195743188#4,10171087501,10171069625,1,22.22,65.1,10
-195743188#5,42440144,10171087501,1,22.22,13.92,10
-195743189,246858435,42429570,1,27.78,28.66,11
-195743192#0,7925258658,42435240,1,11.18,7.3,3
-195743192#1,42439506,7925258658,1,11.18,72.69,3
-195743192#2,6216836436,42439506,1,11.18,71.59,3
-195743192#3,42448283,6216836436,1,11.18,8.1,3
-195743192#4,6216836417,42448283,1,11.18,7.42,3
-195743192#5,6216836418,6216836417,1,11.18,65.2,3
-195743192#6,42448278,6216836418,1,11.18,13.24,3
-195743193#0,1329122365,595245836,1,11.18,72.59,3
-195743193#1,42437845,1329122365,1,11.18,8.13,3
-195743193#2,1329122499,42437845,1,11.18,8.59,3
-195743193#3,42438301,1329122499,1,11.18,73.97,3
-195743193#4,9170766751,42438301,1,11.18,66.21,3
-195743193#5,42438300,9170766751,1,11.18,10.14,3
-195743195#0,4876648469,42427412,1,11.18,10.7,3
-195743195#1,4876645530,4876648469,1,11.18,57.77,3
-195743195#2,42440628,4876645530,1,11.18,7.51,3
-195743197#0,5815643323,42446854,1,11.18,12.68,3
-195743197#1,588592974,5815643323,1,11.18,91.51,3
-195743197#2,4143835081,588592974,1,11.18,92.72,3
-195743197#3,246866806,4143835081,1,11.18,6.28,3
-195743199#0,7139624471,42421960,1,11.18,7.78,12
-195743199#1,11041048757,7139624471,1,11.18,51.02,12
-195743199#10,11040439528,11040280570,1,11.18,18.67,12
-195743199#11,7706695208,11040439528,1,11.18,58.66,12
-195743199#12,42431898,7706695208,1,11.18,9.67,12
-195743199#2,11041048729,11041048757,1,11.18,9.84,12
-195743199#3,11041048756,11041048729,1,11.18,10.94,12
-195743199#4,11040253954,11041048756,1,11.18,45.22,12
-195743199#5,8276468771,11040253954,1,11.18,6.0,12
-195743199#6,5228410329,8276468771,1,11.18,6.44,12
-195743199#7,1251359553,5228410329,1,11.18,18.06,12
-195743199#8,11040253955,1251359553,1,11.18,5.48,12
-195743199#9,11040280570,11040253955,1,11.18,6.31,12
-195743200,1061531654,42421745,1,27.78,22.12,11
-195743201#0,10171363583,4205830392,1,27.78,58.98,11
-195743201#1,42421737,10171363583,1,27.78,12.37,11
-195743202#0,6814306901,42437188,1,22.22,9.39,10
-195743202#1,6814306907,6814306901,1,22.22,111.3,10
-195743202#2,42437196,6814306907,1,22.22,11.31,10
-195743203#0,595412557,42429827,2,27.78,20.04,12
-195743203#1,7598970693,595412557,2,27.78,17.62,12
-195743203#2,7598970691,7598970693,2,27.78,20.43,12
-195743203#3,4207752454,7598970691,2,27.78,9.09,12
-195743206,561035349,42428892,1,22.22,20.84,10
-195743208#0,8660596959,42435644,2,11.18,13.28,12
-195743208#1,3799564975,8660596959,2,11.18,60.9,12
-195743208#2,10691086263,3799564975,2,11.18,62.16,12
-195743208#3,9421121461,10691086263,2,11.18,7.94,12
-195743208#4,10691086262,9421121461,2,11.18,8.49,12
-195743208#5,9413881838,10691086262,2,11.18,107.83,12
-195743208#6,42437654,9413881838,2,11.18,13.56,12
-195743213#0,9900507022,42438819,2,11.18,64.96,3
-195743213#1,42438300,9900507022,2,11.18,8.74,3
-195743214#0,6909727932,4207887847,1,11.18,9.38,11
-195743214#1,3269834161,6909727932,1,11.18,32.6,11
-195743214#2,9001520873,3269834161,1,11.18,183.04,11
-195743214#3,42443336,9001520873,1,11.18,13.22,11
-195743215#0,4906056153,42424032,1,11.18,7.84,11
-195743215#1,9374838670,4906056153,1,11.18,26.45,11
-195743218#0,8687882770,42431099,2,27.78,13.58,11
-195743218#1,587812578,8687882770,2,27.78,190.65,11
-195743221#0,6912871512,6912871508,1,11.18,66.27,10
-195743221#1,42431111,6912871512,1,11.18,6.59,10
-195743222#0,7595748177,4207854762,2,27.78,33.18,11
-195743222#1,42430985,7595748177,2,27.78,8.94,11
-195743223#0,8687882774,4205805402,1,11.18,27.67,10
-195743223#1,42431099,8687882774,1,11.18,13.69,10
-195743224#0,9492542209,42431002,2,11.18,7.32,11
-195743224#1,9374838669,9492542209,2,11.18,64.79,11
-195743224#2,42431000,9374838669,2,11.18,10.89,11
-195743267#0,1659428714,42427412,1,11.18,11.68,3
-195743267#1,4145424858,1659428714,1,11.18,52.57,3
-195743267#2,889585049,4145424858,1,11.18,8.56,3
-195743554#0,4544006773,9166033062,1,8.94,10.22,11
-195743554#1,9166033063,4544006773,1,8.94,2.15,11
-195743554#10,7120676183,42455051,1,8.94,8.89,11
-195743554#11,7120757700,7120676183,1,8.94,59.09,11
-195743554#12,42453175,7120757700,1,8.94,7.21,11
-195743554#13,7120676181,42453175,1,8.94,5.59,11
-195743554#14,3316524008,7120676181,1,8.94,4.28,11
-195743554#15,9166033059,3316524008,1,8.94,60.79,11
-195743554#16,42444829,9166033059,1,8.94,7.0,11
-195743554#17,9166033058,42444829,1,8.94,7.51,11
-195743554#18,4216045808,9166033058,1,8.94,58.45,11
-195743554#19,42434215,4216045808,1,8.94,7.67,11
-195743554#2,7977832442,9166033063,1,8.94,71.34,11
-195743554#20,4216045800,42434215,1,8.94,8.88,11
-195743554#21,4216045802,4216045800,1,8.94,61.9,11
-195743554#22,42434148,4216045802,1,8.94,6.96,11
-195743554#3,42453604,7977832442,1,8.94,8.29,11
-195743554#4,7977832441,42453604,1,8.94,9.6,11
-195743554#5,7977832448,7977832441,1,8.94,64.61,11
-195743554#6,42437343,7977832448,1,8.94,7.01,11
-195743554#7,8921278265,42437343,1,8.94,6.94,11
-195743554#8,7977832452,8921278265,1,8.94,63.84,11
-195743554#9,42455051,7977832452,1,8.94,7.81,11
-195743555#0,8262308485,42430828,1,11.18,13.92,11
-195743555#1,42432205,8262308485,1,11.18,56.52,11
-195743555#2,8262308350,42432205,1,11.18,50.7,11
-195743555#3,42432208,8262308350,1,11.18,9.31,11
-195745911#0,9941087938,42440679,1,11.18,6.92,11
-195745911#1,42440792,9941087938,1,11.18,61.95,11
-195745912#0,4980798204,4215812466,2,11.18,57.72,12
-195745912#1,10169411251,4980798204,2,11.18,1.57,12
-195745912#2,42444457,10169411251,2,11.18,7.92,12
-195745913#0,4980798213,42444458,2,27.78,13.17,12
-195745913#1,5161751673,4980798213,2,27.78,111.69,12
-195745913#2,8741475156,5161751673,2,27.78,50.34,12
-195745913#3,8741475160,8741475156,2,27.78,14.1,12
-195745913#4,4980799121,8741475160,2,27.78,15.54,12
-195745913#5,42443116,4980799121,2,27.78,13.44,12
-195922666#0,2346800737,42438306,1,11.18,9.22,3
-195922666#1,61272284,2346800737,1,11.18,75.19,3
-195922666#2,595245840,61272284,1,11.18,34.33,3
-196116964,4207731296,4378236645,1,27.78,17.46,11
-196116966,595473048,42423116,1,27.78,10.41,11
-196116967#0,42434262,42442621,1,27.78,87.1,11
-196116967#1,42442625,42434262,1,27.78,84.44,11
-196116967#2,42442628,42442625,1,27.78,79.4,11
-196116967#3,42439213,42442628,1,27.78,79.41,11
-196116967#4,42434340,42439213,1,27.78,79.69,11
-196116967#5,42442635,42434340,1,27.78,78.1,11
-196116968,10668997785,765365632,1,27.78,27.45,11
-196116969#0,9550751264,42442733,2,27.78,8.3,11
-196116969#1,9566914923,9550751264,2,27.78,64.23,11
-196116969#2,42428080,9566914923,2,27.78,6.71,11
-196116969#3,9566914922,42428080,2,27.78,7.63,11
-196116969#4,42427016,9566914922,2,27.78,32.15,11
-196116969#5,4207702046,42427016,2,27.78,9.33,11
-196116971#0,6916346823,1504153626,1,27.78,11.96,11
-196116971#1,6916346847,6916346823,1,27.78,65.43,11
-196116971#2,3579432161,6916346847,1,27.78,6.29,11
-196116972#0,748726612,42442651,1,27.78,77.93,11
-196116972#1,42433339,748726612,1,27.78,7.08,11
-196116972#2,42442656,42433339,1,27.78,82.21,11
-196116972#3,42442659,42442656,1,27.78,76.47,11
-196116972#4,42438257,42442659,1,27.78,79.64,11
-196116972#5,9935939406,42438257,1,27.78,72.07,11
-196116972#6,42442664,9935939406,1,27.78,6.31,11
-196116973#0,6836035739,42455238,1,11.18,10.44,10
-196116973#1,6836035818,6836035739,1,11.18,39.8,10
-196116973#10,42434992,6836035749,1,11.18,6.74,10
-196116973#11,6836035752,42434992,1,11.18,7.81,10
-196116973#12,6836035754,6836035752,1,11.18,61.64,10
-196116973#13,42455245,6836035754,1,11.18,6.82,10
-196116973#14,6836035756,42455245,1,11.18,7.99,10
-196116973#15,8723021880,6836035756,1,11.18,63.53,10
-196116973#16,42429457,8723021880,1,11.18,9.1,10
-196116973#17,8723021883,42429457,1,11.18,9.52,10
-196116973#18,8722881596,8723021883,1,11.18,66.0,10
-196116973#19,42454611,8722881596,1,11.18,7.03,10
-196116973#2,6836035741,6836035818,1,11.18,19.15,10
-196116973#20,8722881594,42454611,1,11.18,7.74,10
-196116973#21,8722881590,8722881594,1,11.18,63.95,10
-196116973#22,42446331,8722881590,1,11.18,10.23,10
-196116973#23,8722881592,42446331,1,11.18,11.7,10
-196116973#24,8722881613,8722881592,1,11.18,66.74,10
-196116973#25,42436807,8722881613,1,11.18,7.23,10
-196116973#26,8722881616,42436807,1,11.18,7.76,10
-196116973#27,8723021823,8722881616,1,11.18,64.62,10
-196116973#28,42455252,8723021823,1,11.18,6.48,10
-196116973#29,8723021826,42455252,1,11.18,7.7,10
-196116973#3,42447418,6836035741,1,11.18,6.65,10
-196116973#30,8723021914,8723021826,1,11.18,61.97,10
-196116973#31,42452147,8723021914,1,11.18,9.69,10
-196116973#32,8723021917,42452147,1,11.18,9.31,10
-196116973#33,595473019,8723021917,1,11.18,2.79,10
-196116973#4,6836035743,42447418,1,11.18,7.99,10
-196116973#5,6836035745,6836035743,1,11.18,58.51,10
-196116973#6,42454622,6836035745,1,11.18,7.25,10
-196116973#7,9908577542,42454622,1,11.18,7.22,10
-196116973#8,6836035747,9908577542,1,11.18,3.86,10
-196116973#9,6836035749,6836035747,1,11.18,64.48,10
-196116986#0,10170893934,42442569,1,27.78,11.53,11
-196116986#1,7372610405,10170893934,1,27.78,246.48,11
-196116986#2,42435359,7372610405,1,27.78,10.32,11
-196116987#0,10170893931,42442569,1,27.78,15.24,11
-196116987#1,2706603536,10170893931,1,27.78,38.31,11
-196116987#2,10170704051,2706603536,1,27.78,203.76,11
-196116987#3,3579432156,10170704051,1,27.78,10.35,11
-196116988#0,1740700804,4207892896,2,27.78,179.71,11
-196116988#1,42423674,1740700804,2,27.78,11.24,11
-196116992#0,4980851584,42456115,2,11.18,14.45,10
-196116992#1,10170834270,4980851584,2,11.18,201.66,10
-196116992#2,42443085,10170834270,2,11.18,12.86,10
-196116995#0,4980799124,42423203,2,27.78,11.46,12
-196116995#1,42443116,4980799124,2,27.78,13.78,12
-196117014#0,11153640069,42433537,1,11.18,5.84,11
-196117014#1,4158810011,11153640069,1,11.18,36.88,11
-196117019#0,9168585673,42439673,1,22.22,14.18,10
-196117019#1,42439686,9168585673,1,22.22,111.76,10
-196117019#10,42439724,8725182218,1,22.22,83.08,10
-196117019#11,8725182236,42439724,1,22.22,85.29,10
-196117019#12,42439728,8725182236,1,22.22,6.37,10
-196117019#13,748726642,42439728,1,22.22,7.64,10
-196117019#14,4281505674,748726642,1,22.22,67.71,10
-196117019#2,42439708,42439686,1,22.22,56.03,10
-196117019#3,7022869487,42439708,1,22.22,54.85,10
-196117019#4,42439711,7022869487,1,22.22,23.84,10
-196117019#5,764738938,42439711,1,22.22,18.14,10
-196117019#6,42438255,764738938,1,22.22,61.94,10
-196117019#7,42439718,42438255,1,22.22,84.02,10
-196117019#8,42439721,42439718,1,22.22,133.9,10
-196117019#9,8725182218,42439721,1,22.22,11.1,10
-196117023#0,8725182230,42437316,1,22.22,9.45,10
-196117023#1,42439730,8725182230,1,22.22,67.97,10
-196117023#2,6836035791,42439730,1,22.22,24.02,10
-196117023#3,42432218,6836035791,1,22.22,6.25,10
-196117044#0,7209676816,5838916777,1,13.89,15.26,3
-196117044#1,42446733,7209676816,1,13.89,72.97,3
-196117044#2,42437218,42446733,1,13.89,78.88,3
-196117044#3,7087041454,42437218,1,13.89,72.97,3
-196117044#4,42431210,7087041454,1,13.89,6.81,3
-196117053#0,1332843571,42434264,2,27.78,11.42,11
-196117053#1,42441955,1332843571,2,27.78,77.97,11
-196117053#2,42441956,42441955,2,27.78,78.94,11
-196117053#3,42439216,42441956,2,27.78,80.0,11
-196117053#4,42434343,42439216,2,27.78,80.33,11
-196117055,4215780092,42433138,2,11.18,16.48,11
-196117056#0,10171508883,7732243558,1,11.18,52.9,11
-196117056#1,42432929,10171508883,1,11.18,10.61,11
-196117056#10,10171865567,7594173332,1,11.18,4.09,11
-196117056#11,42432933,10171865567,1,11.18,4.56,11
-196117056#2,10171508882,42432929,1,11.18,13.42,11
-196117056#3,10173362965,10171508882,1,11.18,65.3,11
-196117056#4,42432931,10173362965,1,11.18,6.81,11
-196117056#5,10173362962,42432931,1,11.18,8.07,11
-196117056#6,10171865581,10173362962,1,11.18,65.64,11
-196117056#7,42432932,10171865581,1,11.18,7.59,11
-196117056#8,10171865580,42432932,1,11.18,8.7,11
-196117056#9,7594173332,10171865580,1,11.18,61.69,11
-196117057#0,5403868129,42427769,1,27.78,6.57,11
-196117057#1,5403868134,5403868129,1,27.78,65.75,11
-196117057#2,1762221470,5403868134,1,27.78,7.96,11
-196117057#3,5403868135,1762221470,1,27.78,5.65,11
-196117057#4,5403868140,5403868135,1,27.78,66.16,11
-196117057#5,42433115,5403868140,1,27.78,10.09,11
-196117058,5475725289,42432985,2,11.18,52.68,11
-196117059#0,5815643298,42446825,1,11.18,6.76,3
-196117059#1,5813259934,5815643298,1,11.18,79.21,3
-196117059#2,246866830,5813259934,1,11.18,5.86,3
-196117060#0,10166004080,42421741,1,27.78,14.85,11
-196117060#1,4205830395,10166004080,1,27.78,29.24,11
-196117062,42437177,3099327952,1,11.18,14.24,10
-196117063#0,9520170419,1506591536,1,13.89,9.01,3
-196117063#1,9518300228,9520170419,1,13.89,67.57,3
-196117063#2,470209122,9518300228,1,13.89,8.68,3
-196117063#3,9518300230,470209122,1,13.89,10.82,3
-196117063#4,7785881426,9518300230,1,13.89,66.65,3
-196117063#5,7620540917,7785881426,1,13.89,9.6,3
-196117064#0,7004347452,1504153626,1,13.89,12.8,3
-196117064#1,2340960702,7004347452,1,13.89,214.32,3
-196117067,42428863,561035343,2,27.78,26.7,12
-196117073,9907978323,5244228885,1,11.18,157.76,3
-196117074,9907978333,9907978327,1,11.18,178.23,3
-196117075#0,8262308693,4557517554,1,11.18,6.18,11
-196117075#1,10820673908,8262308693,1,11.18,134.89,11
-196117075#2,42454325,10820673908,1,11.18,8.97,11
-196117075#3,10820673906,42454325,1,11.18,7.96,11
-196117075#4,2671667947,10820673906,1,11.18,51.82,11
-196117075#5,3874650225,2671667947,1,11.18,45.13,11
-196117075#6,42454328,3874650225,1,11.18,10.02,11
-196117076#0,8668349552,42432985,2,27.78,91.55,12
-196117076#1,8668349549,8668349552,2,27.78,13.38,12
-196117076#2,42442651,8668349549,2,27.78,49.37,12
-196117077#0,748726593,42439673,2,27.78,74.28,12
-196117077#1,42432985,748726593,2,27.78,24.4,12
-196117078,561035370,42428956,2,27.78,18.44,12
-196117080,561035382,42433035,1,22.22,20.43,10
-196117081#0,9566997265,42455238,1,22.22,10.49,10
-196117081#1,9566927266,9566997265,1,22.22,87.06,10
-196117081#2,42433035,9566927266,1,22.22,9.41,10
-196117083#0,8785244293,42428329,2,27.78,11.59,12
-196117083#1,10082626070,8785244293,2,27.78,73.83,12
-196117083#2,42435714,10082626070,2,27.78,12.04,12
-196117084#0,6534229350,2698702581,2,11.18,23.94,12
-196117084#1,10082710032,6534229350,2,11.18,113.45,12
-196117084#2,42445037,10082710032,2,11.18,12.77,12
-197294052#0,6836035777,42442710,1,22.22,14.76,10
-197294052#1,9566997263,6836035777,1,22.22,117.27,10
-197294052#2,42455238,9566997263,1,22.22,9.04,10
-197469195#0,9561209102,42436929,1,8.94,73.8,3
-197469195#1,42454538,9561209102,1,8.94,8.61,3
-197469195#2,9561209105,42454538,1,8.94,10.47,3
-197469195#3,9561209101,9561209105,1,8.94,97.98,3
-197469195#4,42432882,9561209101,1,8.94,5.49,3
-204083299,371337241,2140994070,2,27.78,15.9,12
-220536846#0,2059304032,2059304029,2,11.18,36.18,11
-220536846#1,7106818626,2059304032,2,11.18,14.09,11
-220544055,1946814074,6946139598,1,11.18,34.81,11
-223486853#0,9550791860,42444069,1,22.22,9.79,10
-223486853#1,9550791805,9550791860,1,22.22,71.11,10
-223486853#2,42428090,9550791805,1,22.22,7.23,10
-223486853#3,9550791806,42428090,1,22.22,6.39,10
-223486853#4,9550791790,9550791806,1,22.22,64.83,10
-223486853#5,42449637,9550791790,1,22.22,8.18,10
-223486855#0,9550791822,4215760966,1,8.94,46.16,12
-223486855#1,42444081,9550791822,1,8.94,5.57,12
-223486855#2,9550791824,42444081,1,8.94,9.2,12
-223486855#3,42430951,9550791824,1,8.94,54.05,12
-223486855#4,9563821078,42430951,1,8.94,73.08,12
-223486855#5,42427190,9563821078,1,8.94,9.75,12
-223486856#0,9566938927,60926076,1,8.94,9.07,11
-223486856#1,7485731543,9566938927,1,8.94,27.06,11
-223486856#2,9563821106,7485731543,1,8.94,37.09,11
-223486856#3,42427185,9563821106,1,8.94,5.85,11
-223486857#0,9550791859,42444069,1,22.22,10.67,10
-223486857#1,9550791868,9550791859,1,22.22,56.94,10
-223486857#10,9563795522,9563795509,1,22.22,59.79,10
-223486857#11,42449644,9563795522,1,22.22,8.58,10
-223486857#12,9563795521,42449644,1,22.22,9.81,10
-223486857#13,9563795404,9563795521,1,22.22,70.28,10
-223486857#14,42445680,9563795404,1,22.22,6.89,10
-223486857#15,9563795403,42445680,1,22.22,8.13,10
-223486857#16,8740550853,9563795403,1,22.22,69.4,10
-223486857#17,42436293,8740550853,1,22.22,9.19,10
-223486857#18,8740550856,42436293,1,22.22,9.26,10
-223486857#19,8740550862,8740550856,1,22.22,63.14,10
-223486857#2,42449639,9550791868,1,22.22,5.66,10
-223486857#20,42449653,8740550862,1,22.22,6.49,10
-223486857#21,8740550860,42449653,1,22.22,7.63,10
-223486857#22,8740550741,8740550860,1,22.22,64.98,10
-223486857#23,42449654,8740550741,1,22.22,6.79,10
-223486857#24,8740550746,42449654,1,22.22,7.4,10
-223486857#25,9563795473,8740550746,1,22.22,61.22,10
-223486857#26,42449656,9563795473,1,22.22,7.07,10
-223486857#27,9563795472,42449656,1,22.22,9.47,10
-223486857#28,42437944,9563795472,1,22.22,73.26,10
-223486857#29,42427773,42437944,1,22.22,83.99,10
-223486857#3,9550791867,42449639,1,22.22,7.71,10
-223486857#30,5403868125,42427773,1,22.22,100.71,10
-223486857#31,42433138,5403868125,1,22.22,12.68,10
-223486857#4,9550791876,9550791867,1,22.22,61.22,10
-223486857#5,42438199,9550791876,1,22.22,7.94,10
-223486857#6,9550791875,42438199,1,22.22,11.2,10
-223486857#7,9563795510,9550791875,1,22.22,57.55,10
-223486857#8,42449641,9563795510,1,22.22,7.31,10
-223486857#9,9563795509,42449641,1,22.22,7.72,10
-223486858#0,9550791839,42429029,2,27.78,10.48,12
-223486858#1,9550791844,9550791839,2,27.78,55.6,12
-223486858#10,9563795528,9563795513,2,27.78,60.64,12
-223486858#11,42429058,9563795528,2,27.78,10.72,12
-223486858#12,9563795527,42429058,2,27.78,7.82,12
-223486858#13,5549743258,9563795527,2,27.78,12.19,12
-223486858#14,9563795531,5549743258,2,27.78,29.5,12
-223486858#15,42429072,9563795531,2,27.78,7.2,12
-223486858#16,9563795532,42429072,2,27.78,7.39,12
-223486858#17,10151452108,9563795532,2,27.78,9.91,12
-223486858#18,10151452111,10151452108,2,27.78,17.45,12
-223486858#19,10151452100,10151452111,2,27.78,18.09,12
-223486858#2,42429032,9550791844,2,27.78,6.41,12
-223486858#20,9563795476,10151452100,2,27.78,54.19,12
-223486858#21,42429083,9563795476,2,27.78,7.91,12
-223486858#22,9563795477,42429083,2,27.78,10.37,12
-223486858#23,9563795380,9563795477,2,27.78,117.34,12
-223486858#24,42429094,9563795380,2,27.78,7.14,12
-223486858#25,6882325985,42429094,2,27.78,7.48,12
-223486858#26,7588472450,6882325985,2,27.78,89.06,12
-223486858#27,42429100,7588472450,2,27.78,41.35,12
-223486858#28,6882325996,42429100,2,27.78,17.07,12
-223486858#29,42429104,6882325996,2,27.78,8.99,12
-223486858#3,5549743266,42429032,2,27.78,43.26,12
-223486858#30,6882325995,42429104,2,27.78,8.78,12
-223486858#31,7395403290,6882325995,2,27.78,117.98,12
-223486858#32,42427780,7395403290,2,27.78,7.62,12
-223486858#33,7395403287,42427780,2,27.78,7.71,12
-223486858#34,7050793930,7395403287,2,27.78,36.94,12
-223486858#35,42429109,7050793930,2,27.78,6.72,12
-223486858#36,7050770279,42429109,2,27.78,7.22,12
-223486858#37,7740582994,7050770279,2,27.78,30.13,12
-223486858#38,8904913030,7740582994,2,27.78,57.75,12
-223486858#4,9563795507,5549743266,2,27.78,27.02,12
-223486858#5,42429035,9563795507,2,27.78,8.48,12
-223486858#6,9563795506,42429035,2,27.78,10.68,12
-223486858#7,9563795514,9563795506,2,27.78,57.24,12
-223486858#8,42429044,9563795514,2,27.78,8.09,12
-223486858#9,9563795513,42429044,2,27.78,8.64,12
-223503126#0,9935939401,587934268,1,27.78,95.45,11
-223503126#1,2512378850,9935939401,1,27.78,16.93,11
-223508325#0,9566927285,42428973,1,27.78,7.69,11
-223508325#1,6840573381,9566927285,1,27.78,130.89,11
-223508325#2,6840573384,6840573381,1,27.78,28.0,11
-223508325#3,9566927273,6840573384,1,27.78,7.55,11
-223508325#4,42427133,9566927273,1,27.78,10.46,11
-223874079,595473185,42449634,1,22.22,9.48,10
-223879808#0,9561420822,42429222,2,27.78,10.91,12
-223879808#1,10127304318,9561420822,2,27.78,48.93,12
-223879811#0,9561420931,4830733459,2,27.78,70.97,11
-223879811#1,42427870,9561420931,2,27.78,10.46,11
-223879812#0,9561229750,42429226,1,8.94,12.33,10
-223879812#1,42453354,9561229750,1,8.94,96.56,10
-223879813#0,9561229748,42429226,2,27.78,9.99,12
-223879813#1,5071822871,9561229748,2,27.78,12.98,12
-223879815#0,9561229761,42427873,1,27.78,8.5,11
-223879815#1,6477406867,9561229761,1,27.78,24.22,11
-223902542#0,9561229754,42437925,1,22.22,9.01,10
-223902542#1,9561229772,9561229754,1,22.22,58.87,10
-223902542#2,42437926,9561229772,1,22.22,7.84,10
-223902543#0,9561229749,42429226,1,22.22,12.58,10
-223902543#1,9561229757,9561229749,1,22.22,81.11,10
-223902543#2,42437925,9561229757,1,22.22,10.47,10
-223902543#3,9561229755,42437925,1,22.22,8.57,10
-223902543#4,9561229763,9561229755,1,22.22,96.68,10
-223902543#5,42427873,9561229763,1,22.22,13.41,10
-223902549#0,9561420934,42431242,1,22.22,10.4,10
-223902549#1,9561229756,9561420934,1,22.22,110.87,10
-223902549#2,42437925,9561229756,1,22.22,9.69,10
-223902550#0,9561420909,4207641227,2,27.78,73.11,12
-223902550#1,42431252,9561420909,2,27.78,10.72,12
-223902550#2,9561420907,42431252,2,27.78,8.23,12
-223902550#3,9561420904,9561420907,2,27.78,31.84,12
-223902550#4,42431257,9561420904,2,27.78,12.54,12
-224065673#0,7784459434,42439588,2,11.18,12.3,11
-224065673#1,4205440411,7784459434,2,11.18,24.38,11
-224065674#0,4081385769,4205440417,1,11.18,45.01,11
-224065674#1,42432957,4081385769,1,11.18,6.14,11
-224065674#2,7784459463,42432957,1,11.18,7.72,11
-224065674#3,7784459421,7784459463,1,11.18,63.66,11
-224065674#4,42432960,7784459421,1,11.18,8.67,11
-224065676#0,10171324742,42439598,1,22.22,7.84,10
-224065676#1,10166154761,10171324742,1,22.22,65.41,10
-224065676#10,10166154730,10166154778,1,22.22,64.31,10
-224065676#11,42439601,10166154730,1,22.22,7.27,10
-224065676#2,42435981,10166154761,1,22.22,6.26,10
-224065676#3,10166154763,42435981,1,22.22,7.55,10
-224065676#4,10171324733,10166154763,1,22.22,64.31,10
-224065676#5,42439599,10171324733,1,22.22,7.22,10
-224065676#6,10171324729,42439599,1,22.22,7.64,10
-224065676#7,10166154782,10171324729,1,22.22,65.46,10
-224065676#8,42433789,10166154782,1,22.22,6.27,10
-224065676#9,10166154778,42433789,1,22.22,7.82,10
-226007046#0,9935939405,42442664,2,27.78,7.37,11
-226007046#1,9935939390,9935939405,2,27.78,65.33,11
-226007046#2,42442671,9935939390,2,27.78,9.13,11
-226007046#3,9935939388,42442671,2,27.78,8.43,11
-226007046#4,4378236636,9935939388,2,27.78,43.0,11
-226007046#5,42433014,4378236636,2,27.78,7.82,11
-226007048#0,9484666551,42427206,1,8.94,7.11,11
-226007048#1,8718862727,9484666551,1,8.94,182.97,11
-226007048#2,42427212,8718862727,1,8.94,7.51,11
-226007049#0,9566927314,42427136,1,27.78,8.43,11
-226007049#1,9566927274,9566927314,1,27.78,208.11,11
-226007049#2,42427133,9566927274,1,27.78,10.86,11
-226007050#0,8718862726,42427212,1,8.94,7.7,11
-226007050#1,8929221220,8718862726,1,8.94,233.29,11
-226007050#2,42427216,8929221220,1,8.94,8.0,11
-226007051#0,9563821080,42427190,1,8.94,10.11,11
-226007051#1,9563795434,9563821080,1,8.94,124.18,11
-226007051#2,42427196,9563795434,1,8.94,6.6,11
-226007051#3,9426376313,42427196,1,8.94,7.62,11
-226007051#4,765251416,9426376313,1,8.94,80.49,11
-226007051#5,9426376315,765251416,1,8.94,47.35,11
-226007051#6,42427206,9426376315,1,8.94,7.26,11
-226007052#0,7604384350,42427152,1,11.18,7.1,11
-226007052#1,7604384364,7604384350,1,11.18,64.39,11
-226007052#2,42427150,7604384364,1,11.18,7.63,11
-226007052#3,7604384362,42427150,1,11.18,7.6,11
-226007052#4,7604384375,7604384362,1,11.18,61.55,11
-226007052#5,42427146,7604384375,1,11.18,8.17,11
-226007074#0,7693632085,587934139,1,13.89,155.51,3
-226007074#1,595352907,7693632085,1,13.89,80.08,3
-226007078#0,9561566534,42455493,2,27.78,12.68,12
-226007078#1,42446797,9561566534,2,27.78,61.48,12
-226007079#0,9563662424,42431257,2,27.78,16.15,12
-226007079#1,9561566543,9563662424,2,27.78,61.51,12
-226007079#2,42440494,9561566543,2,27.78,7.17,12
-226015259#0,7925258531,42443826,1,11.18,9.33,3
-226015259#1,7925258516,7925258531,1,11.18,65.26,3
-226015259#2,42435240,7925258516,1,11.18,7.12,3
-226040985#0,5204194239,246866828,1,11.18,6.47,3
-226040985#1,42431629,5204194239,1,11.18,57.13,3
-226040986#0,4872753345,4215665528,1,11.18,43.18,11
-226040986#1,42431626,4872753345,1,11.18,12.49,11
-226041016#0,6369613057,42451660,1,11.18,8.48,11
-226041016#1,5043087530,6369613057,1,11.18,64.26,11
-226041016#2,42429643,5043087530,1,11.18,6.61,11
-226041016#3,5043087534,42429643,1,11.18,5.55,11
-226041016#4,5043084247,5043087534,1,11.18,57.22,11
-226041016#5,42437996,5043084247,1,11.18,8.89,11
-226041024#0,9140954078,42454433,1,13.89,13.75,3
-226041024#1,6928075146,9140954078,1,13.89,152.04,3
-226126658,42438160,60929278,1,11.18,78.47,11
-226126754,60929261,42438160,1,11.18,15.58,11
-226193904#0,5215015524,42437401,1,11.18,11.43,3
-226193904#1,6859615817,5215015524,1,11.18,39.1,3
-226193905#0,5813259914,246866798,1,11.18,5.87,3
-226193905#1,5215013204,5813259914,1,11.18,84.7,3
-226193905#2,42437401,5215013204,1,11.18,11.73,3
-226193928#0,5215013199,42437401,2,11.18,10.04,3
-226193928#1,7816666405,5215013199,2,11.18,32.85,3
-226193929#0,8094558976,42444242,1,11.18,10.36,12
-226193929#1,42427256,8094558976,1,11.18,19.88,12
-226193929#2,8276469219,42427256,1,11.18,60.47,12
-226193929#3,42440356,8276469219,1,11.18,7.46,12
-226193929#4,8276469220,42440356,1,11.18,7.75,12
-226193929#5,588455899,8276469220,1,11.18,19.13,12
-226193929#6,10311946146,588455899,1,11.18,44.97,12
-226193929#7,42440258,10311946146,1,11.18,10.49,12
-22904149#0,3914863402,246580466,2,11.18,8.88,11
-22904149#1,4207978494,3914863402,2,11.18,28.77,11
-22904155#0,10064959236,42430749,2,27.78,7.9,11
-22904155#1,595269639,10064959236,2,27.78,34.84,11
-22904166,246580797,42427494,1,11.18,17.97,11
-22909247,593816275,42431156,1,11.18,163.86,11
-22928102#0,246866788,588593611,1,11.18,11.8,3
-22928102#1,2782283122,246866788,1,11.18,9.86,3
-22928102#2,8821317924,2782283122,1,11.18,5.85,3
-22928102#3,9802614798,8821317924,1,11.18,22.59,3
-22937242,62915549,42437379,2,11.18,24.73,12
-23048670#0,7103600810,42440397,3,11.18,12.660000000000002,11
-23048670#1,1834852936,7103600810,3,11.18,43.12,11
-231393430#0,10931501319,486867513,1,11.18,8.91,3
-231393430#1,42429773,10931501319,1,11.18,11.45,3
-234726497#0,7784459413,42432961,1,22.22,13.64,10
-234726497#1,42447389,7784459413,1,22.22,98.26,10
-234726497#2,8835657112,42447389,1,22.22,72.5,10
-234726497#3,42447399,8835657112,1,22.22,8.56,10
-234726497#4,10743755834,42447399,1,22.22,8.63,10
-234726497#5,10172767658,10743755834,1,22.22,111.99,10
-234726497#6,42442613,10172767658,1,22.22,11.91,10
-242514166#0,7604384231,42433043,1,11.18,7.85,11
-242514166#1,7604384218,7604384231,1,11.18,61.89,11
-242514166#10,8722881576,8722881604,1,11.18,65.15,11
-242514166#11,42433057,8722881576,1,11.18,9.2,11
-242514166#12,8722881570,42433057,1,11.18,10.57,11
-242514166#13,5403873782,8722881570,1,11.18,68.07,11
-242514166#14,42433058,5403873782,1,11.18,6.62,11
-242514166#15,5403873779,42433058,1,11.18,7.15,11
-242514166#16,5403873778,5403873779,1,11.18,66.07,11
-242514166#17,42433060,5403873778,1,11.18,5.82,11
-242514166#18,5403873777,42433060,1,11.18,7.52,11
-242514166#19,5403873774,5403873777,1,11.18,62.62,11
-242514166#2,42433044,7604384218,1,11.18,6.41,11
-242514166#20,42433062,5403873774,1,11.18,9.52,11
-242514166#21,595473222,42433062,1,11.18,10.1,11
-242514166#3,7604384216,42433044,1,11.18,7.77,11
-242514166#4,8722881599,7604384216,1,11.18,64.14,11
-242514166#5,42429466,8722881599,1,11.18,8.81,11
-242514166#6,8722881597,42429466,1,11.18,9.77,11
-242514166#7,8722881602,8722881597,1,11.18,65.38,11
-242514166#8,42433046,8722881602,1,11.18,7.48,11
-242514166#9,8722881604,42433046,1,11.18,7.71,11
-242514167#0,8746375049,42428984,2,27.78,9.26,12
-242514167#1,9566927255,8746375049,2,27.78,4.23,12
-242514167#2,2499757469,9566927255,2,27.78,46.93,12
-242517195#0,9566997295,42455234,1,13.89,9.81,3
-242517195#1,9566997283,9566997295,1,13.89,39.02,3
-242517195#2,42433030,9566997283,1,13.89,13.36,3
-243046572,42427883,42427881,1,22.22,78.54,10
-243046573#0,764742010,42434251,1,22.22,47.72,10
-243046573#1,42440056,764742010,1,22.22,37.12,10
-243046573#10,589927880,42438018,1,22.22,89.75,10
-243046573#2,42440059,42440056,1,22.22,79.33,10
-243046573#3,42439228,42440059,1,22.22,79.24,10
-243046573#4,42434314,42439228,1,22.22,79.29,10
-243046573#5,42440065,42434314,1,22.22,78.99,10
-243046573#6,42440069,42440065,1,22.22,78.25,10
-243046573#7,42440072,42440069,1,22.22,79.18,10
-243046573#8,42440075,42440072,1,22.22,78.05,10
-243046573#9,42438018,42440075,1,22.22,82.01,10
-243046578,42439620,42427881,1,13.89,88.41,3
-243056522#0,10899250515,42438271,1,13.89,38.52,3
-243056522#1,5522138340,10899250515,1,13.89,18.71,3
-243056522#2,5522138338,5522138340,1,13.89,20.27,3
-243056522#3,8229962385,5522138338,1,13.89,16.54,3
-243056522#4,5522138336,8229962385,1,13.89,4.31,3
-243056522#5,9557086586,5522138336,1,13.89,49.3,3
-243056522#6,3099326122,9557086586,1,13.89,9.71,3
-243056522#7,42438275,3099326122,1,13.89,13.93,3
-243056523#0,9557110432,589927996,1,11.18,5.38,11
-243056523#1,42447346,9557110432,1,11.18,9.28,11
-243056523#2,9557110433,42447346,1,11.18,8.0,11
-243056523#3,9557110372,9557110433,1,11.18,135.25,11
-243056523#4,42456831,9557110372,1,11.18,8.24,11
-246085471#0,8262936390,1431790464,1,11.18,7.14,4
-246085471#1,10285341226,8262936390,1,11.18,120.4,4
-246085471#2,8213944614,10285341226,1,11.18,6.5,4
-247047850,561035346,42428876,1,13.89,19.99,3
-250049336,2565683767,2565683769,1,11.18,19.55,3
-250049337#0,7144807588,2565699085,1,11.18,19.39,3
-250049337#1,8304497772,7144807588,1,11.18,54.42,3
-250049337#2,5812723035,8304497772,1,11.18,12.27,3
-250049338,2565683769,2565683776,1,11.18,35.46,3
-250049339,2565699085,2565683767,1,11.18,8.55,3
-250267912#0,4528918668,2567558915,1,11.18,16.02,3
-250267912#1,42440798,4528918668,1,11.18,10.55,3
-25166891#0,4216045834,42430914,1,8.94,10.6,3
-25166891#1,4161568744,4216045834,1,8.94,205.64,3
-25166891#2,42430924,4161568744,1,8.94,8.02,3
-25166891#3,4161568740,42430924,1,8.94,7.5,3
-25166891#4,8309479411,4161568740,1,8.94,210.27,3
-25166891#5,42430938,8309479411,1,8.94,10.19,3
-25166922#0,4161568816,42440754,1,11.18,10.12,4
-25166922#1,7958994531,4161568816,1,11.18,74.23,4
-25166922#2,5145323793,7958994531,1,11.18,278.21,4
-25167210#0,8309479365,42444835,1,8.94,8.38,10
-25167210#1,42434237,8309479365,1,8.94,64.97,10
-25167210#2,4301307684,42434237,1,8.94,73.65,10
-25167210#3,42455412,4301307684,1,8.94,5.8,10
-25167210#4,3659184788,42455412,1,8.94,5.84,10
-25167210#5,42449038,3659184788,1,8.94,69.53,10
-25167210#6,4301308489,42449038,1,8.94,66.81,10
-25167210#7,42430942,4301308489,1,8.94,8.64,10
-25167462,42430945,274342021,1,8.94,59.98,3
-25196678#0,8310245663,42446245,1,11.18,46.51,3
-25196678#1,3670609093,8310245663,1,11.18,6.48,3
-252227354#0,10082484569,42430749,1,13.89,14.15,4
-252227354#1,4682935360,10082484569,1,13.89,113.23,4
-252227354#2,7117112644,4682935360,1,13.89,75.97,4
-252227354#3,4872443916,7117112644,1,13.89,56.13,4
-252227354#4,247123651,4872443916,1,13.89,6.86,4
-252227354#5,61272887,247123651,1,13.89,41.79,4
-25564571#0,5119807680,278639868,1,11.18,8.29,3
-25564571#1,10564522618,5119807680,1,11.18,127.5,3
-25564571#2,10564522615,10564522618,1,11.18,7.26,3
-25564571#3,3898690201,10564522615,1,11.18,35.64,3
-25564571#4,3884569931,3898690201,1,11.18,14.22,3
-25564580#0,9369042070,278639868,1,11.18,118.86,3
-25564580#1,42448469,9369042070,1,11.18,10.68,3
-256902831#0,8307637696,42428411,1,11.18,8.5,3
-256902831#1,9149294706,8307637696,1,11.18,47.86,3
-256902831#2,1253070785,9149294706,1,11.18,48.71,3
-263088941#0,8310246494,588455701,1,11.18,29.72,11
-263088941#1,42437773,8310246494,1,11.18,8.13,11
-273019807,2779131559,2779131560,2,11.18,28.12,12
-273019810#0,5851809157,9971314390,2,11.18,43.65,12
-273019810#1,3270031002,5851809157,2,11.18,6.61,12
-273019810#2,5851809158,3270031002,2,11.18,8.16,12
-273019810#3,5165644099,5851809158,2,11.18,111.56,12
-273019810#4,42437670,5165644099,2,11.18,12.68,12
-275016228#0,9121386335,9121386334,2,11.18,6.69,4
-275016228#1,4878831008,9121386335,2,11.18,7.41,4
-276670360#0,8309479291,1773121034,2,11.18,9.54,12
-276670360#1,6100764861,8309479291,2,11.18,15.4,12
-276670360#2,8309479114,6100764861,2,11.18,48.2,12
-276670360#3,1773084402,8309479114,2,11.18,7.9,12
-277201109#0,7706695210,42431898,1,11.18,11.77,3
-277201109#1,7706695195,7706695210,1,11.18,37.71,3
-277201109#2,42431889,7706695195,1,11.18,7.48,3
-278882488#0,10169411298,4212658371,2,27.78,43.94,12
-278882488#1,596776654,10169411298,2,27.78,5.96,12
-305323021,3099327930,42440376,1,13.89,12.73,3
-305323023,42435957,3099327976,1,13.89,14.01,3
-305323026,42440385,3099327965,1,13.89,14.53,3
-305323028#0,10170875048,3099327952,1,11.18,10.05,10
-305323028#1,5481882788,10170875048,1,11.18,158.54,10
-305323028#2,8758345339,5481882788,1,11.18,78.51,10
-305323028#3,2141026506,8758345339,1,11.18,11.15,10
-305323030,3099326120,42453246,2,27.78,15.14,12
-305323032,42453241,3099326118,1,13.89,14.62,3
-305323035#0,10170875037,3099326120,2,27.78,9.56,12
-305323035#1,5266458359,10170875037,2,27.78,114.94,12
-305323035#2,5266458357,5266458359,2,27.78,4.94,12
-305323035#3,5266458358,5266458357,2,27.78,4.31,12
-305323035#4,5266458361,5266458358,2,27.78,113.3,12
-305323035#5,2141026503,5266458361,2,27.78,11.18,12
-305323035#6,42439861,2141026503,2,27.78,15.06,12
-308329351,42452495,1764405361,1,22.22,10.57,10
-308329352#0,9561420824,42429222,2,27.78,10.45,12
-308329352#1,9561399411,9561420824,2,27.78,157.38,12
-308329352#10,9561395279,9561420857,2,27.78,111.08,12
-308329352#11,42429215,9561395279,2,27.78,10.18,12
-308329352#2,42429220,9561399411,2,27.78,9.56,12
-308329352#3,8952453922,42429220,2,27.78,9.56,12
-308329352#4,9561420860,8952453922,2,27.78,157.99,12
-308329352#5,42429217,9561420860,2,27.78,9.1,12
-308329352#6,9561420861,42429217,2,27.78,10.48,12
-308329352#7,9561420856,9561420861,2,27.78,63.47,12
-308329352#8,42429216,9561420856,2,27.78,6.87,12
-308329352#9,9561420857,42429216,2,27.78,8.83,12
-308329353#0,9561566538,42452495,2,27.78,9.54,12
-308329353#1,1763748995,9561566538,2,27.78,74.21,12
-309956784#0,6791440546,3579432162,1,27.78,9.74,11
-309956784#1,6886295088,6791440546,1,27.78,63.12,11
-309956784#10,7598688515,6993051360,1,27.78,28.1,11
-309956784#11,6823995476,7598688515,1,27.78,43.73,11
-309956784#12,42442584,6823995476,1,27.78,16.13,11
-309956784#2,42438928,6886295088,1,27.78,8.08,11
-309956784#3,7198971072,42438928,1,27.78,6.76,11
-309956784#4,3579426492,7198971072,1,27.78,66.92,11
-309956784#5,7087063689,3579426492,1,27.78,6.33,11
-309956784#6,7087041442,7087063689,1,27.78,5.16,11
-309956784#7,10055027280,7087041442,1,27.78,78.79,11
-309956784#8,42421852,10055027280,1,27.78,7.28,11
-309956784#9,6993051360,42421852,1,27.78,8.3,11
-317400962#0,5829827195,42433581,1,11.18,9.2,3
-317400962#1,4745829026,5829827195,1,11.18,37.79,3
-317400962#2,5481866326,4745829026,1,11.18,8.63,3
-317400962#3,5481866323,5481866326,1,11.18,35.65,3
-317400962#4,8309479000,5481866323,1,11.18,42.82,3
-317400962#5,1692433924,8309479000,1,11.18,7.2,3
-318474882,9170842304,3248816568,1,11.18,263.34,11
-320464096#0,9492556545,42431037,2,22.22,11.57,10
-320464096#1,7818397397,9492556545,2,22.22,34.5,10
-320464097#0,9492556533,42431037,2,11.18,12.12,11
-320464097#1,10039645587,9492556533,2,11.18,219.11,11
-320464097#2,42441564,10039645587,2,11.18,10.02,11
-320516787,42428674,1061531603,1,11.18,16.87,11
-320516790#0,9492556609,42431039,1,11.18,7.3,10
-320516790#1,9492542196,9492556609,1,11.18,64.95,10
-320516790#2,42431044,9492542196,1,11.18,7.81,10
-326119844#0,6477406868,3327370783,2,27.78,30.25,12
-326119844#1,9561209106,6477406868,2,27.78,29.24,12
-326119844#2,42427877,9561209106,2,27.78,39.97,12
-326119844#3,42445773,42427877,2,27.78,27.26,12
-326119844#4,9561208949,42445773,2,27.78,6.14,12
-326119844#5,42449593,9561208949,2,27.78,71.44,12
-326119844#6,42439432,42449593,2,27.78,78.35,12
-326119844#7,42429960,42439432,2,27.78,80.66,12
-326119844#8,9563662425,42429960,2,27.78,70.7,12
-326119844#9,42454553,9563662425,2,27.78,13.94,12
-327917960#0,8379835875,8379847773,1,27.78,4.81,11
-327917960#1,8379847770,8379835875,1,27.78,59.95,11
-327917960#2,42442577,8379847770,1,27.78,7.03,11
-327917960#3,2308955220,42442577,1,27.78,7.04,11
-327917960#4,8376039722,2308955220,1,27.78,64.09,11
-327917960#5,42442578,8376039722,1,27.78,8.58,11
-327917960#6,7004347453,42442578,1,27.78,7.64,11
-327917960#7,7004347451,7004347453,1,27.78,54.6,11
-327917960#8,1504153626,7004347451,1,27.78,12.93,11
-32946655#0,6747028072,42440565,1,11.18,6.3,3
-32946655#1,7248638334,6747028072,1,11.18,65.26,3
-32946655#2,42440566,7248638334,1,11.18,7.69,3
-33117579#0,9166241198,9166241204,1,11.18,142.54,10
-33117579#1,9166241193,9166241198,1,11.18,172.87,10
-33117585,2140994070,371337239,2,27.78,10.23,12
-33146650,42434519,374486339,1,13.89,170.56,4
-33146652,374486339,374486503,1,13.89,30.24,4
-332388684#0,10170875032,3395083621,2,27.78,50.39,12
-332388684#1,42453246,10170875032,2,27.78,8.82,12
-332388685,3395083621,3395083620,2,27.78,53.88,12
-335935797#0,8127675279,3430331122,1,11.18,60.73,4
-335935797#1,42436598,8127675279,1,11.18,13.88,4
-335935798#0,8119193332,42436590,1,11.18,14.25,4
-335935798#1,3430331121,8119193332,1,11.18,69.92,4
-336872312#0,3917296974,42425348,1,27.78,18.19,11
-336872312#1,595314114,3917296974,1,27.78,60.62,11
-346951422#0,8575682945,3533937800,1,13.89,8.53,3
-346951422#1,1672106385,8575682945,1,13.89,72.67,3
-34769546#0,4273797604,589099734,2,27.78,64.71,12
-34769546#1,406048768,4273797604,2,27.78,7.7,12
-349272149#0,10171865596,42448607,1,22.22,9.24,10
-349272149#1,10171069499,10171865596,1,22.22,77.18,10
-349272149#2,42448605,10171069499,1,22.22,5.41,10
-349272151#0,5481863734,3551738975,1,13.89,108.44,3
-349272151#1,10173362953,5481863734,1,13.89,65.84,3
-349272151#2,42442589,10173362953,1,13.89,10.66,3
-34958053,42431293,7106607090,1,11.18,5.34,11
-352705236#0,3584752291,42433298,1,11.18,8.14,4
-352705236#1,3584752506,3584752291,1,11.18,124.04,4
-352705236#2,3584752508,3584752506,1,11.18,9.09,4
-352858405,595245843,42425223,1,11.18,37.27,11
-353220077#0,6070360948,42443054,2,11.18,12.4,11
-353220077#1,6181480024,6070360948,2,11.18,191.48,11
-353220077#2,42450044,6181480024,2,11.18,13.74,11
-353220077#3,6070360950,42450044,2,11.18,13.69,11
-353220077#4,6221717772,6070360950,2,11.18,131.13,11
-353220077#5,42447166,6221717772,2,11.18,9.78,11
-355192293#0,6216541801,42450468,1,11.18,12.99,3
-355192293#1,5481998057,6216541801,1,11.18,41.4,3
-355192293#2,5481998054,5481998057,1,11.18,70.5,3
-36185649#0,9140940628,42452882,1,11.18,12.21,3
-36185649#1,10957063846,9140940628,1,11.18,138.89,3
-36185649#2,370927297,10957063846,1,11.18,47.52,3
-36271338#0,9987259770,42432451,1,11.18,13.2,3
-36271338#1,4136147002,9987259770,1,11.18,63.82,3
-36271338#2,42432458,4136147002,1,11.18,8.85,3
-36271338#3,2929098298,42432458,1,11.18,8.78,3
-36271338#4,10171269362,2929098298,1,11.18,3.83,3
-36271338#5,4556126016,10171269362,1,11.18,33.43,3
-36271338#6,4556120771,4556126016,1,11.18,39.21,3
-36271338#7,4556120772,4556120771,1,11.18,7.77,3
-36271338#8,9987259771,4556120772,1,11.18,29.52,3
-36271338#9,42432464,9987259771,1,11.18,13.64,3
-364026609,3099327951,42445587,1,13.89,14.45,3
-36801165#0,8288270550,593839894,2,11.18,8.25,12
-36801165#1,8261122946,8288270550,2,11.18,61.81,12
-36801165#2,42430651,8261122946,2,11.18,8.14,12
-36806903#0,10089242337,42434427,3,11.18,55.20000000000001,12
-36806903#1,9971314388,10089242337,3,11.18,15.13,12
-37182106#0,7727569325,42457209,1,11.18,49.46,3
-37182106#1,7595748182,7727569325,1,11.18,49.04,3
-37182106#2,42430983,7595748182,1,11.18,13.65,3
-37182106#3,7595763585,42430983,1,11.18,13.89,3
-37182106#4,595245920,7595763585,1,11.18,85.4,3
-375165665,6680686985,42432856,2,27.78,11.75,12
-377472336,3808464456,42434519,1,13.89,29.44,4
-380096992#0,7640871287,42429900,1,11.18,14.02,3
-380096992#1,5278266721,7640871287,1,11.18,41.99,3
-381477004#0,9987259759,42454006,1,11.18,7.26,4
-381477004#1,4699874257,9987259759,1,11.18,62.71,4
-381477004#2,42449689,4699874257,1,11.18,10.59,4
-381477008#0,7640871316,42442918,1,11.18,13.81,11
-381477008#1,6166333257,7640871316,1,11.18,83.46,11
-384178812#0,4205565536,6279091713,2,11.18,6.47,11
-384178812#1,4890040965,4205565536,2,11.18,95.46,11
-384178812#2,8239225259,4890040965,2,11.18,151.69,11
-384178812#3,42437909,8239225259,2,11.18,16.61,11
-384178814,561042190,3786901743,2,11.18,17.92,12
-384178817#0,7139624482,42453902,2,11.18,7.14,12
-384178817#1,10707585709,7139624482,2,11.18,33.83,12
-384649121#0,9413881840,42437654,2,11.18,12.08,12
-384649121#1,8567060233,9413881840,2,11.18,115.39,12
-384649121#2,9698661088,8567060233,2,11.18,7.35,12
-384649121#3,8567060240,9698661088,2,11.18,6.99,12
-384649121#4,6224278787,8567060240,2,11.18,105.28,12
-384649121#5,4886228959,6224278787,2,11.18,16.22,12
-384649121#6,6224277845,4886228959,2,11.18,3.92,12
-384649121#7,42430304,6224277845,2,11.18,11.41,12
-384826723#0,4136179170,9140884594,1,11.18,65.24,12
-384826723#1,42442937,4136179170,1,11.18,14.28,12
-38605246#0,8262936326,42440347,1,11.18,6.41,4
-38605246#1,5362205528,8262936326,1,11.18,50.59,4
-38605246#2,42440350,5362205528,1,11.18,14.94,4
-38605247#0,8094558986,42440353,1,11.18,17.91,3
-38605247#1,4985377335,8094558986,1,11.18,64.08,3
-38605247#2,42440356,4985377335,1,11.18,8.58,3
-386103991#0,10171865574,4207743630,1,11.18,48.33,11
-386103991#1,42432936,10171865574,1,11.18,5.34,11
-386103991#10,10171603056,10171603049,1,11.18,67.16,11
-386103991#11,42432950,10171603056,1,11.18,6.31,11
-386103991#2,10171865573,42432936,1,11.18,7.9,11
-386103991#3,5420927291,10171865573,1,11.18,70.8,11
-386103991#4,4078840307,5420927291,1,11.18,55.55,11
-386103991#5,5864595633,4078840307,1,11.18,91.82,11
-386103991#6,3579426938,5864595633,1,11.18,67.43,11
-386103991#7,42432947,3579426938,1,11.18,16.7,11
-386103991#8,42432949,42432947,1,11.18,5.68,11
-386103991#9,10171603049,42432949,1,11.18,7.97,11
-387128266#0,7924094055,42429338,1,11.18,12.57,11
-387128266#1,7834030835,7924094055,1,11.18,190.08,11
-387128266#2,42429340,7834030835,1,11.18,13.26,11
-388316170#0,8276468753,11002109566,1,11.18,5.69,3
-388316170#1,8276468827,8276468753,1,11.18,40.48,3
-388316170#2,42431877,8276468827,1,11.18,5.68,3
-388695705#0,8307641549,42432246,2,11.18,6.6,13
-388695705#1,7641859745,8307641549,2,11.18,65.37,13
-388695705#2,42435451,7641859745,2,11.18,6.37,13
-388696206#0,10173152535,42432825,2,27.78,12.22,12
-388696206#1,10125227998,10173152535,2,27.78,125.18,12
-388696206#2,596775935,10125227998,2,27.78,10.57,12
-391864585#0,7834025539,42429340,2,11.18,12.55,11
-391864585#1,3119952619,7834025539,2,11.18,33.76,11
-39662323#0,6214824222,42433551,1,11.18,8.94,3
-39662323#1,42440435,6214824222,1,11.18,68.92,3
-39662323#2,3683162987,42440435,1,11.18,9.97,3
-39662323#3,7595185930,3683162987,1,11.18,9.33,3
-39662323#4,5804835266,7595185930,1,11.18,78.65,3
-39662323#5,11038072541,5804835266,1,11.18,9.05,3
-397839400#0,3783073288,42453613,1,8.94,11.15,10
-397839400#1,3783071223,3783073288,1,8.94,4.1,10
-397839400#10,42444835,4161569138,1,8.94,8.34,10
-397839400#2,8309479316,3783071223,1,8.94,64.64,10
-397839400#3,42437354,8309479316,1,8.94,6.98,10
-397839400#4,8309479315,42437354,1,8.94,6.96,10
-397839400#5,4301308542,8309479315,1,8.94,63.28,10
-397839400#6,42455396,4301308542,1,8.94,6.45,10
-397839400#7,8309479324,42455396,1,8.94,8.05,10
-397839400#8,42453160,8309479324,1,8.94,69.08,10
-397839400#9,4161569138,42453160,1,8.94,69.73,10
-39956203#0,8231942816,42433551,1,11.18,10.02,11
-39956203#1,3234087898,8231942816,1,11.18,64.5,11
-39956203#2,42433553,3234087898,1,11.18,82.09,11
-39956203#3,8518556691,42433553,1,11.18,30.19,11
-400334766#0,42422366,4205820213,1,11.18,16.79,11
-400334766#1,42425188,42422366,1,11.18,59.15,11
-400456494#0,6512341611,42447419,1,2.78,53.28,2
-400456494#1,42456259,6512341611,1,2.78,4.43,2
-402097158#0,7004416693,470209120,1,13.89,10.54,3
-402097158#1,3579426871,7004416693,1,13.89,75.95,3
-403405990#0,8312361695,42452816,1,11.18,10.55,3
-403405990#1,8304498523,8312361695,1,11.18,111.22,3
-403405990#2,42436327,8304498523,1,11.18,10.41,3
-404253730#0,3235708625,3235708624,1,11.18,20.15,11
-404253730#1,42428634,3235708625,1,11.18,10.23,11
-407580298#0,9559408286,1795811317,1,13.89,179.91,3
-407580298#1,42427834,9559408286,1,13.89,12.69,3
-40879216#0,3316837973,42452556,1,11.18,24.52,3
-40879216#1,7830788153,3316837973,1,11.18,30.72,3
-40879216#2,42444116,7830788153,1,11.18,9.44,3
-412117872,4142105812,42436083,1,11.18,10.75,3
-413201428,889585049,4145424858,1,11.18,39.93,3
-413212450#0,7686972446,2034011052,2,11.18,51.03,12
-413212450#1,42444353,7686972446,2,11.18,8.2,12
-413212450#2,7685185613,42444353,2,11.18,8.86,12
-413212450#3,7685185610,7685185613,2,11.18,37.49,12
-413212450#4,42444479,7685185610,2,11.18,5.75,12
-414743582#0,479847979,4158673495,1,11.18,76.52,11
-414743582#1,4885904496,479847979,1,11.18,73.76,11
-414743582#2,42422283,4885904496,1,11.18,14.99,11
-414744944,5706568672,3884569924,2,11.18,41.14,12
-414751458#0,8827539964,4158807592,2,27.78,12.23,12
-414751458#1,11153640062,8827539964,2,27.78,3.35,12
-414751458#2,588455743,11153640062,2,27.78,10.45,12
-414751576#0,6678001125,42425955,1,11.18,9.04,3
-414751576#1,4878851617,6678001125,1,11.18,141.12,3
-414751576#2,42427300,4878851617,1,11.18,12.08,3
-416618175#0,9566938943,42427168,1,11.18,6.85,11
-416618175#1,9566938954,9566938943,1,11.18,59.12,11
-416618175#2,42427164,9566938954,1,11.18,7.22,11
-416618175#3,9566938953,42427164,1,11.18,7.06,11
-416618175#4,7604384330,9566938953,1,11.18,64.95,11
-416618175#5,42427159,7604384330,1,11.18,7.16,11
-418371676#0,7372610423,42435359,1,11.18,11.41,10
-418371676#1,7099250754,7372610423,1,11.18,202.57,10
-418371676#10,7004321555,3579432159,1,11.18,6.43,10
-418371676#11,1506445789,7004321555,1,11.18,71.41,10
-418371676#12,8376008907,1506445789,1,11.18,63.97,10
-418371676#13,3579432160,8376008907,1,11.18,12.44,10
-418371676#14,7001614545,3579432160,1,11.18,9.98,10
-418371676#15,6864814368,7001614545,1,11.18,70.72,10
-418371676#16,42435380,6864814368,1,11.18,6.41,10
-418371676#17,6791440543,42435380,1,11.18,6.42,10
-418371676#18,6791440561,6791440543,1,11.18,169.4,10
-418371676#19,3579432162,6791440561,1,11.18,12.22,10
-418371676#2,42431186,7099250754,1,11.18,37.65,10
-418371676#3,42435360,42431186,1,11.18,82.94,10
-418371676#4,42435362,42435360,1,11.18,83.18,10
-418371676#5,6993998848,42435362,1,11.18,75.09,10
-418371676#6,1506445821,6993998848,1,11.18,10.29,10
-418371676#7,8379840021,1506445821,1,11.18,10.0,10
-418371676#8,7004422485,8379840021,1,11.18,147.58,10
-418371676#9,3579432159,7004422485,1,11.18,7.96,10
-420354142,42429752,1773076511,2,11.18,9.96,12
-420354362#0,5804835280,5041369237,1,11.18,54.42,11
-420354362#1,42451593,5804835280,1,11.18,7.27,11
-420355081#0,10606723134,4202950101,2,11.18,65.76,12
-420355081#1,5161246301,10606723134,2,11.18,5.67,12
-420356168#0,10168825861,42449945,2,11.18,12.43,12
-420356168#1,4202958490,10168825861,2,11.18,66.41,12
-420356169#0,10168825864,42449945,2,11.18,14.39,12
-420356169#1,4011390051,10168825864,2,11.18,42.94,12
-420356169#2,4202958489,4011390051,2,11.18,24.47,12
-420356170#0,3842788777,561042204,2,11.18,11.11,12
-420356170#1,561042203,3842788777,2,11.18,9.31,12
-420357621#0,4918486958,42427965,2,27.78,10.35,11
-420357621#1,8586594919,4918486958,2,27.78,10.95,11
-420357621#2,4918486965,8586594919,2,27.78,53.1,11
-420357621#3,42427968,4918486965,2,27.78,7.37,11
-420357622#0,4918486970,42427968,2,27.78,8.28,11
-420357622#1,42427970,4918486970,2,27.78,72.8,11
-420357623,4378236618,42427970,2,27.78,9.83,11
-420358886#0,4625620215,4202984490,2,11.18,34.31,13
-420358886#1,5161246307,4625620215,2,11.18,13.69,13
-420358887#0,8307641530,42440804,2,11.18,5.74,13
-420358887#1,8307641548,8307641530,2,11.18,61.72,13
-420358887#2,42432246,8307641548,2,11.18,5.78,13
-420358888#0,8307641529,4202984490,2,11.18,31.41,13
-420358888#1,42440804,8307641529,2,11.18,5.72,13
-420509471#0,5851792230,42437663,2,11.18,15.16,12
-420509471#1,5481859182,5851792230,2,11.18,41.96,12
-420509471#2,2649092010,5481859182,2,11.18,101.79,12
-420509471#3,10691086268,2649092010,2,11.18,7.84,12
-420509471#4,10691086265,10691086268,2,11.18,7.5,12
-420509471#5,8660596958,10691086265,2,11.18,87.86,12
-420509471#6,42435644,8660596958,2,11.18,14.18,12
-420519634,9971262462,9971262460,2,11.18,70.42,11
-420522443#0,8307642050,42432194,1,11.18,6.64,11
-420522443#1,8307642056,8307642050,1,11.18,66.61,11
-420522443#2,42432199,8307642056,1,11.18,5.48,11
-420522443#3,8307642059,42432199,1,11.18,6.12,11
-420522443#4,42432201,8307642059,1,11.18,67.83,11
-420522695#0,3670742435,42428493,1,11.18,10.07,3
-420522695#1,3670742477,3670742435,1,11.18,59.34,3
-420522695#2,42440721,3670742477,1,11.18,11.67,3
-420526338#0,8309479157,42428471,1,11.18,8.41,3
-420526338#1,3919350758,8309479157,1,11.18,103.41,3
-420526338#2,42439236,3919350758,1,11.18,11.61,3
-420590040,42432980,4205440431,1,11.18,29.15,11
-420590041,2504882506,4205440429,1,11.18,80.22,11
-420590042,4205440430,2504882506,2,11.18,31.34,11
-420590043#0,9903127417,42432963,2,11.18,13.08,11
-420590043#1,4205440425,9903127417,2,11.18,24.3,11
-420590044#0,7784459411,42432961,2,11.18,8.23,11
-420590044#1,4205440422,7784459411,2,11.18,23.8,11
-420590045#0,7784459443,42432954,2,11.18,8.03,11
-420590045#1,4205440415,7784459443,2,11.18,24.08,11
-420590046,10005912258,4205440426,1,11.18,44.32,11
-420590047,4205440424,4205440422,1,11.18,262.08,11
-420590048#0,7784459420,42432960,2,11.18,5.99,11
-420590048#1,4205440418,7784459420,2,11.18,23.46,11
-420590049#0,7784459451,4205440415,1,11.18,40.47,11
-420590049#1,42432955,7784459451,1,11.18,7.64,11
-420590050#0,10171603055,42432950,2,11.18,8.0,11
-420590050#1,4205440409,10171603055,2,11.18,25.27,11
-420590052#0,7784459412,4205440419,1,11.18,20.84,11
-420590052#1,42432961,7784459412,1,11.18,8.42,11
-420590053,4205440431,4205440430,2,11.18,21.71,11
-420590054#0,7784459450,42432955,1,11.18,6.55,11
-420590054#1,7784459458,7784459450,1,11.18,65.61,11
-420590054#2,42432956,7784459458,1,11.18,8.27,11
-420590055#0,7784459457,42432956,2,11.18,7.54,11
-420590055#1,4205440417,7784459457,2,11.18,21.89,11
-420590056#0,7784459435,4205440409,1,11.18,43.2,11
-420590056#1,42439588,7784459435,1,11.18,10.94,11
-420590057,4205440429,4205440428,1,11.18,26.02,11
-420590059,42431643,4205440427,1,27.78,29.32,11
-420590060#0,7784459444,4205440411,1,11.18,43.6,11
-420590060#1,42432954,7784459444,1,11.18,6.72,11
-420590061,42432970,42432967,1,11.18,79.23,11
-420590063#0,42432974,42431643,1,11.18,80.05,11
-420590063#1,4205440428,42432974,1,11.18,55.28,11
-420590064#0,42432983,42432980,1,11.18,82.71,11
-420590064#1,5475725290,42432983,1,11.18,47.48,11
-420590065,4205440426,4205440425,1,11.18,47.45,11
-420590066,4205440419,4205440418,2,11.18,23.3,11
-420590067#0,9903106015,4205440424,1,11.18,21.33,11
-420590067#1,42432963,9903106015,1,11.18,12.3,11
-420590068#0,8795723384,42453717,2,27.78,7.69,12
-420590068#1,10049830845,8795723384,2,27.78,42.46,12
-420590068#2,561035343,10049830845,2,27.78,11.61,12
-420590069#0,10050045627,42442584,2,27.78,13.84,12
-420590069#1,4207752456,10050045627,2,27.78,70.55,12
-420590070#0,10049830849,42428863,2,27.78,10.41,12
-420590070#1,5266458373,10049830849,2,27.78,35.11,12
-420590072#0,4205440421,9903127424,2,11.18,16.68,11
-420590072#1,8758299311,4205440421,2,11.18,65.96,11
-420590072#2,2141026518,8758299311,2,11.18,11.23,11
-420590073,42434246,2141026518,1,27.78,15.54,11
-420598373#0,10166167537,4205565512,2,11.18,42.88,11
-420598373#1,4597668041,10166167537,2,11.18,9.6,11
-420598407#0,9971262478,42435624,2,11.18,12.24,11
-420598407#1,4205565530,9971262478,2,11.18,248.68,11
-420598407#2,42437890,4205565530,2,11.18,12.87,11
-420598415,9971262472,4205565526,2,11.18,191.45,11
-420623119,3248774451,4205805390,2,11.18,85.16,11
-420623120#0,3248774664,9906904518,1,11.18,11.99,11
-420623120#1,3392519879,3248774664,1,11.18,27.57,11
-420623120#2,42427915,3392519879,1,11.18,12.22,11
-420623121#0,7106818630,7106818626,3,11.18,11.410000000000002,11
-420623121#1,4205805392,7106818630,3,11.18,38.63,11
-420623122,7065533341,4205805400,3,27.78,12.660000000000002,11
-420623123#0,8687882768,42431099,3,27.78,12.97,11
-420623123#1,4205805400,8687882768,3,27.78,26.91,11
-420623124#0,7004379678,4205805396,2,27.78,33.71,11
-420623124#1,1061531807,7004379678,2,27.78,8.97,11
-420623125#0,2542108150,42428714,1,27.78,9.77,11
-420623125#1,1061531807,2542108150,1,27.78,12.84,11
-420623126#0,9492542188,42431096,1,11.18,7.33,10
-420623126#1,4205805397,9492542188,1,11.18,34.86,10
-420623127#0,8687882791,4205805397,1,22.22,30.63,10
-420623127#1,42431099,8687882791,1,22.22,12.01,10
-420623128#0,7801775761,42431102,1,11.18,7.6,10
-420623128#1,4205805402,7801775761,1,11.18,38.49,10
-420624663,42425223,4205820212,1,11.18,30.42,11
-420625564#0,7004436786,4205830397,1,27.78,31.67,11
-420625564#1,1061531654,7004436786,1,27.78,11.15,11
-420625565#0,10171363559,4205830391,1,27.78,27.74,11
-420625565#1,42421731,10171363559,1,27.78,8.06,11
-420625567#0,10166004077,42421741,1,27.78,10.44,11
-420625567#1,10171363586,10166004077,1,27.78,249.82,11
-420625567#2,42421737,10171363586,1,27.78,12.53,11
-420625568#0,6900903307,42421749,1,27.78,12.86,11
-420625568#1,6900903299,6900903307,1,27.78,33.36,11
-420625569,4205830397,4205830395,1,27.78,113.15,11
-420625570#0,10171363562,42421731,1,27.78,10.32,11
-420625570#1,4205830392,10171363562,1,27.78,53.28,11
-420625573#0,7784826658,42421728,1,27.78,11.79,11
-420625573#1,4205830390,7784826658,1,27.78,24.79,11
-420627056#0,6670244837,4205892229,1,11.18,55.37,10
-420627056#1,42428005,6670244837,1,11.18,12.87,10
-420772653,246858448,42431626,1,11.18,26.59,11
-420863271#0,9561420935,4207641229,2,27.78,29.99,12
-420863271#1,42431242,9561420935,2,27.78,8.79,12
-420863272,4207641229,4207641228,2,27.78,38.72,12
-420863273#0,9561420933,42427870,2,27.78,13.06,12
-420863273#1,4207641228,9561420933,2,27.78,28.18,12
-420863274#0,9561420937,42431242,2,27.78,10.46,12
-420863274#1,4207641231,9561420937,2,27.78,30.85,12
-420863275#0,9561420930,42427870,2,27.78,11.46,12
-420863275#1,4207641227,9561420930,2,27.78,26.72,12
-420872197#0,3601295764,42448707,3,11.18,13.76,11
-420872197#1,4207683795,3601295764,3,11.18,30.66,11
-420872199#0,3601295737,4207683793,2,11.18,33.19,11
-420872199#1,42448714,3601295737,2,11.18,11.15,11
-420872201#0,4296697329,4015192894,2,11.18,27.35,11
-420872201#1,42448707,4296697329,2,11.18,13.61,11
-420872204#0,4207683803,5131026388,1,11.18,13.75,12
-420872204#1,4207683802,4207683803,1,11.18,45.39,12
-420872204#2,42445387,4207683802,1,11.18,7.46,12
-420872205#0,4290981311,42445392,3,11.18,18.82,12
-420872205#1,6298391908,4290981311,3,11.18,27.24,12
-420872205#2,9971314370,6298391908,3,11.18,24.459999999999997,12
-420872209#0,9987340019,4207683805,2,11.18,92.19,11
-420872209#1,42434962,9987340019,2,11.18,8.79,11
-420874479#0,9421763704,42442755,1,27.78,6.8,11
-420874479#1,4207702050,9421763704,1,27.78,62.82,11
-420874480#0,7581538677,4207702049,1,27.78,15.68,11
-420874480#1,9566869986,7581538677,1,27.78,38.72,11
-420874480#2,42438186,9566869986,1,27.78,11.42,11
-420874482#0,9566914919,4207702046,1,27.78,27.17,11
-420874482#1,42442734,9566914919,1,27.78,14.51,11
-420874483#0,9566869985,42438186,1,27.78,9.71,11
-420874483#1,42442745,9566869985,1,27.78,64.55,11
-420874483#2,42442750,42442745,1,27.78,77.18,11
-420874483#3,9421763708,42442750,1,27.78,79.25,11
-420874483#4,42442755,9421763708,1,27.78,7.96,11
-420874485#0,9566914918,42442734,2,27.78,10.28,11
-420874485#1,42442738,9566914918,2,27.78,33.33,11
-420874486,589927883,4207702054,1,27.78,201.41,12
-420874488#0,1762221468,42433151,1,27.78,11.99,11
-420874488#1,42453586,1762221468,1,27.78,28.88,11
-420874492#0,9566914920,42442734,2,22.22,14.03,10
-420874492#1,4207702048,9566914920,2,22.22,27.7,10
-420878810,6363741213,4207731296,1,27.78,26.05,11
-420878812#0,9569882300,42442684,1,27.78,9.32,11
-420878812#1,9569882310,9569882300,1,27.78,69.15,11
-420878812#2,42442697,9569882310,1,27.78,6.14,11
-420878817#0,9703359681,4207731295,1,27.78,29.71,11
-420878817#1,42452130,9703359681,1,27.78,9.45,11
-420881453,4207752449,4207752450,2,27.78,80.44,12
-420881454#0,10169411255,4207752448,2,11.18,101.42,12
-420881454#1,4980798206,10169411255,2,11.18,1.74,12
-420881454#2,42444457,4980798206,2,11.18,8.41,12
-420881455#0,5266458353,42444452,2,27.78,10.39,12
-420881455#1,4207752450,5266458353,2,27.78,31.65,12
-420881456#0,10169411293,42444456,2,27.78,5.74,12
-420881456#1,4207752448,10169411293,2,27.78,25.5,12
-420881457#0,10170762177,4207752449,2,27.78,23.43,12
-420881457#1,42444453,10170762177,2,27.78,10.67,12
-420881459#0,5266458351,4207752451,2,27.78,105.3,12
-420881459#1,5266458350,5266458351,2,27.78,5.14,12
-420881459#2,5266458352,5266458350,2,27.78,5.79,12
-420881459#3,3395083620,5266458352,2,27.78,34.72,12
-420881461,42429827,6824030325,2,27.78,14.07,12
-420881462#0,10050045625,4207752455,2,27.78,68.07,12
-420881462#1,42442584,10050045625,2,27.78,13.93,12
-420881463#0,8795723382,4207752456,2,27.78,145.09,12
-420881463#1,42453717,8795723382,2,27.78,7.67,12
-420881464,4207752455,4207752454,2,27.78,70.86,12
-420882490,4207743629,4207743628,1,11.18,25.26,11
-420882491#0,10168029050,4207743629,1,11.18,21.81,11
-420882491#1,42432905,10168029050,1,11.18,12.65,11
-420882492#0,10171865566,42432933,2,11.18,8.62,11
-420882492#1,4207743630,10171865566,2,11.18,19.4,11
-420882493#0,10171219248,42429735,2,11.18,9.83,11
-420882493#1,4207743628,10171219248,2,11.18,23.97,11
-420882494#0,10171102345,4207743627,2,11.18,48.03,11
-420882494#1,42432897,10171102345,2,11.18,7.98,11
-420882495#0,10168029046,42432905,1,11.18,8.27,11
-420882495#1,6431058183,10168029046,1,11.18,16.66,11
-420882495#2,10206355950,6431058183,1,11.18,20.51,11
-420882495#3,7004398488,10206355950,1,11.18,43.09,11
-420882495#4,42432917,7004398488,1,11.18,8.48,11
-420886628#0,7649571481,42443054,3,11.18,12.199999999999998,11
-420886628#1,5653832464,7649571481,3,11.18,102.07,11
-420890074#0,5708198394,3884569931,2,11.18,12.21,12
-420890074#1,4207806921,5708198394,2,11.18,32.42,12
-420890077#0,5708198395,4207806921,2,11.18,43.23,12
-420890077#1,42444277,5708198395,2,11.18,15.48,12
-420894342#0,7595748183,4207854754,1,27.78,27.42,11
-420894342#1,42430745,7595748183,1,27.78,11.81,11
-420894362#0,7595748176,42430981,2,27.78,7.98,11
-420894362#1,4207854757,7595748176,2,27.78,38.65,11
-420894363#0,7595763586,3956129964,2,27.78,33.2,11
-420894363#1,42430981,7595763586,2,27.78,7.23,11
-420894365#0,7595748175,42430983,3,27.78,8.34,11
-420894365#1,7640353301,7595748175,3,27.78,30.72,11
-420894366#0,7595763590,4207854757,2,27.78,25.5,11
-420894366#1,42430983,7595763590,2,27.78,7.71,11
-420894367#0,9900687739,42430984,3,27.78,8.29,11
-420894367#1,4207854760,9900687739,3,27.78,33.26,11
-420894368#0,7591060178,3956129964,2,27.78,31.21,11
-420894368#1,42421985,7591060178,2,27.78,8.5,11
-420894370#0,7050687037,42430989,3,27.78,10.34,11
-420894370#1,4207854762,7050687037,3,27.78,30.03,11
-420894373#0,7595748184,4207854760,2,27.78,30.13,11
-420894373#1,42430985,7595748184,2,27.78,8.86,11
-420894374#0,7591060177,4207854755,1,27.78,39.95,11
-420894374#1,42421985,7591060177,1,27.78,7.66,11
-420894375#0,9492556568,4207854764,2,11.18,35.75,11
-420894375#1,42431004,9492556568,2,11.18,13.67,11
-420894376#0,7591060181,2061592973,1,27.78,8.01,11
-420894376#1,4207854755,7591060181,1,27.78,23.51,11
-420895468#0,9557088454,42432659,2,11.18,15.52,11
-420895468#1,7662671172,9557088454,2,11.18,91.56,11
-420895468#2,7662671164,7662671172,2,11.18,36.33,11
-420895468#3,7662671181,7662671164,2,11.18,10.46,11
-420895468#4,9903127424,7662671181,2,11.18,16.66,11
-420895470,589927915,4207863954,2,27.78,378.63,12
-420895471#0,7612920605,371337241,2,27.78,21.46,12
-420895471#1,4207863954,7612920605,2,27.78,41.02,12
-420895732#0,4870256103,4207865789,2,27.78,33.95,12
-420895732#1,7443617343,4870256103,2,27.78,79.11,12
-420895733#0,9899952551,4207865790,2,11.18,59.42,11
-420895733#1,42424032,9899952551,2,11.18,9.87,11
-420897874#0,7837165554,5706568625,1,11.18,7.4,11
-420897874#1,4207881093,7837165554,1,11.18,28.3,11
-420898705#0,7106318837,42435275,3,11.18,11.42,11
-420898705#1,4207887847,7106318837,3,11.18,23.75,11
-420899371,4207892896,4207892895,1,27.78,30.01,11
-420899372#0,7830685371,42430394,1,27.78,12.64,11
-420899372#1,4207892895,7830685371,1,27.78,39.85,11
-420899373,4207892897,4347550074,1,27.78,114.34,11
-420900705#0,3278932289,4207903863,2,11.18,31.2,11
-420900705#1,42436475,3278932289,2,11.18,8.79,11
-420904618#0,10168212452,42437371,2,27.78,13.81,12
-420904618#1,8393241417,10168212452,2,27.78,121.66,12
-420904618#2,10171120543,8393241417,2,27.78,5.28,12
-420904618#3,42434439,10171120543,2,27.78,8.71,12
-420904620,9019680388,42430673,1,11.18,10.32,12
-420904621#0,1993431127,4500916751,2,11.18,54.09,12
-420904621#1,6293725833,1993431127,2,11.18,85.32,12
-420904658#0,8119462464,561042190,2,11.18,8.9,12
-420904658#1,8133342857,8119462464,2,11.18,129.98,12
-420904658#2,42445365,8133342857,2,11.18,10.53,12
-420904659#0,8133342849,4207937589,2,11.18,95.9,12
-420904659#1,42437644,8133342849,2,11.18,12.22,12
-420908127#0,3914863399,4207978494,2,11.18,33.29,11
-420908127#1,42430589,3914863399,2,11.18,10.93,11
-420908135#0,3914863409,246580466,2,11.18,11.37,11
-420908135#1,4872498376,3914863409,2,11.18,103.98,11
-420908136,3874681611,4872498376,2,11.18,38.19,11
-421505920#0,10050045626,42442584,1,27.78,15.53,11
-421505920#1,4212649297,10050045626,1,27.78,66.7,11
-421506977,42444456,596776654,2,27.78,28.49,12
-421506978,4212658371,4212658372,2,27.78,41.43,12
-421506979#0,10170762174,42444453,2,27.78,8.99,12
-421506979#1,4212658372,10170762174,2,27.78,41.12,12
-421824309#0,8827539969,4158810011,1,11.18,7.17,11
-421824309#1,3898690235,8827539969,1,11.18,9.14,11
-421824309#2,588455742,3898690235,1,11.18,8.92,11
-421826773#0,3314293726,42429773,2,11.18,12.17,12
-421826773#1,4215596089,3314293726,2,11.18,36.52,12
-421831216#0,1772096965,279151954,2,11.18,8.86,12
-421831216#1,2034011052,1772096965,2,11.18,35.3,12
-421832642#0,8304497235,42431617,1,11.18,10.01,11
-421832642#1,4215665528,8304497235,1,11.18,114.6,11
-421838875#0,9550791838,42429029,1,22.22,11.19,10
-421838875#1,9550791861,9550791838,1,22.22,53.15,10
-421838875#2,42444069,9550791861,1,22.22,9.61,10
-421838878#0,9550791841,42429029,2,8.94,13.57,12
-421838878#1,4215760966,9550791841,2,8.94,19.32,12
-421840992#0,9561566535,4215780093,2,27.78,31.45,12
-421840992#1,42455493,9561566535,2,27.78,10.84,12
-421840993#0,5403868131,4215780092,1,11.18,29.58,11
-421840993#1,42427769,5403868131,1,11.18,7.58,11
-421844225#0,4980798212,42444458,2,27.78,12.67,12
-421844225#1,4215812465,4980798212,2,27.78,32.7,12
-421844226,4215812466,4215812465,2,27.78,41.47,12
-421851200#0,10121802235,42423564,3,11.18,9.77,12
-421851200#1,10170862025,10121802235,3,11.18,130.66,12
-421851200#2,2711029280,10170862025,3,11.18,13.62,12
-421851201#0,10836437297,4215909068,3,11.18,19.32,12
-421851201#1,10170751095,10836437297,3,11.18,10.800000000000002,12
-421851201#2,42423564,10170751095,3,11.18,6.84,12
-421851202#0,10836164178,371037281,1,11.18,9.37,11
-421851202#1,4215909069,10836164178,1,11.18,33.44,11
-421852042#0,7595763591,4215913814,2,27.78,46.69,12
-421852042#1,42430745,7595763591,2,27.78,12.6,12
-421853581,248709622,1946814074,1,11.18,84.2,11
-421853642,4215936660,9906904528,2,11.18,90.03,11
-421853643#0,9906904530,42443353,2,11.18,11.84,11
-421853643#1,9547662378,9906904530,2,11.18,249.51,11
-421853643#2,42442480,9547662378,2,11.18,11.45,11
-42786502#0,11153640073,42437749,2,11.18,14.94,12
-42786502#1,5378294677,11153640073,2,11.18,85.3,12
-42786502#2,42439813,5378294677,2,11.18,8.63,12
-42786502#3,5378294671,42439813,2,11.18,6.79,12
-42786502#4,7477081377,5378294671,2,11.18,13.25,12
-42786502#5,8827539965,7477081377,2,11.18,55.09,12
-42786502#6,9925342284,8827539965,2,11.18,12.97,12
-42786502#7,4158807592,9925342284,2,11.18,14.37,12
-428569356,4205565512,4276517126,2,11.18,89.83,11
-438363728,246858431,42437396,1,13.89,26.1,3
-438366913#0,3898690193,42433229,2,27.78,9.52,12
-438366913#1,5446626916,3898690193,2,27.78,46.16,12
-438366913#2,5362212156,5446626916,2,27.78,56.82,12
-438366913#3,42444271,5362212156,2,27.78,6.25,12
-438375431,1919595922,42427358,1,11.18,14.15,11
-438381568#0,4161568819,42440754,1,11.18,9.71,11
-438381568#1,1989931109,4161568819,1,11.18,34.8,11
-438381568#2,4161568803,1989931109,1,11.18,34.02,11
-438381568#3,42431482,4161568803,1,11.18,7.9,11
-438381568#4,4161568807,42431482,1,11.18,7.39,11
-438381568#5,1989931117,4161568807,1,11.18,49.81,11
-438381568#6,4161568865,1989931117,1,11.18,16.7,11
-438381568#7,42437830,4161568865,1,11.18,7.17,11
-438382685#0,10168841826,42446959,2,11.18,10.53,12
-438382685#1,7234050796,10168841826,2,11.18,99.42,12
-438382685#2,561042204,7234050796,2,11.18,36.9,12
-438383442#0,9150629545,42439887,1,11.18,11.82,10
-438383442#1,10743755873,9150629545,1,11.18,126.01,10
-438383442#2,10187641084,10743755873,1,11.18,116.47,10
-438383442#3,42435844,10187641084,1,11.18,12.27,10
-438383442#4,10187641087,42435844,1,11.18,12.86,10
-438383442#5,7784459432,10187641087,1,11.18,111.9,10
-438383442#6,42439588,7784459432,1,11.18,16.23,10
-438383443#0,9559433255,7541804761,2,11.18,12.67,10
-438383443#1,2328595430,9559433255,2,11.18,40.83,10
-438383443#2,9559444353,2328595430,2,11.18,96.92,10
-438383443#3,42437801,9559444353,2,11.18,11.53,10
-438383443#4,9559444355,42437801,2,11.18,10.87,10
-438383443#5,5481922120,9559444355,2,11.18,15.74,10
-438383443#6,9559444358,5481922120,2,11.18,106.75,10
-438383443#7,42453258,9559444358,2,11.18,7.66,10
-438384692#0,3955360023,42445916,2,11.18,10.72,12
-438384692#1,3942050699,3955360023,2,11.18,132.32,12
-438384692#2,42437358,3942050699,2,11.18,11.69,12
-438388090#0,8309479680,42440737,1,11.18,12.47,11
-438388090#1,9907956902,8309479680,1,11.18,163.55,11
-438389785#0,3919359291,42434140,3,11.18,9.91,12
-438389785#1,42443296,3919359291,3,11.18,38.18,12
-438389786#0,3985008870,42440729,2,11.18,13.83,11
-438389786#1,9907956912,3985008870,2,11.18,70.03,11
-438390724,9971262464,9971262463,2,11.18,65.43,11
-438899450,42422028,246858433,1,13.89,25.34,3
-438901171#0,7641859734,42435451,2,11.18,5.92,13
-438901171#1,6123654602,7641859734,2,11.18,23.23,13
-438901427#0,2151385506,3788379733,2,11.18,25.51,13
-438901427#1,42439550,2151385506,2,11.18,47.46,13
-438901427#2,4778174560,42439550,2,11.18,32.58,13
-438901427#3,42440838,4778174560,2,11.18,12.75,13
-438901945,1773055865,588455743,2,27.78,15.0,12
-439801896#0,9796881843,42435736,2,11.18,9.99,11
-439801896#1,7024230446,9796881843,2,11.18,14.53,11
-439801896#2,10171241032,7024230446,2,11.18,24.68,11
-439801896#3,42435743,10171241032,2,11.18,7.03,11
-439801897#0,6914116744,42441926,1,27.78,8.49,11
-439801897#1,42452276,6914116744,1,27.78,114.83,11
-439801898#0,3248816551,9150529698,1,27.78,23.51,11
-439801898#1,42435346,3248816551,1,27.78,8.51,11
-439801905#0,10171087505,42440138,1,13.89,8.08,3
-439801905#1,7598970689,10171087505,1,13.89,5.89,3
-439801905#2,6823995447,7598970689,1,13.89,16.55,3
-439801905#3,42429825,6823995447,1,13.89,9.56,3
-439801905#4,10171087503,42429825,1,13.89,12.32,3
-439801905#5,10171087497,10171087503,1,13.89,21.81,3
-439801905#6,42440144,10171087497,1,13.89,11.47,3
-439801907#0,2346800741,42438867,1,27.78,75.54,11
-439801907#1,42441668,2346800741,1,27.78,7.22,11
-439801907#10,1329122504,5115922047,1,27.78,64.63,11
-439801907#11,42424032,1329122504,1,27.78,15.44,11
-439801907#2,9168918189,42441668,1,27.78,7.38,11
-439801907#3,42441670,9168918189,1,27.78,74.41,11
-439801907#4,9895633503,42441670,1,27.78,75.12,11
-439801907#5,42441654,9895633503,1,27.78,8.69,11
-439801907#6,9895633504,42441654,1,27.78,6.81,11
-439801907#7,5115922042,9895633504,1,27.78,66.48,11
-439801907#8,42432572,5115922042,1,27.78,8.27,11
-439801907#9,5115922047,42432572,1,27.78,8.31,11
-439801908#0,10039612941,42422592,1,27.78,13.01,11
-439801908#1,10160791137,10039612941,1,27.78,66.06,11
-439801908#2,42428072,10160791137,1,27.78,8.94,11
-439842799#0,8307641997,42436129,1,11.18,9.47,3
-439842799#1,8307641996,8307641997,1,11.18,79.48,3
-439842799#2,42436894,8307641996,1,11.18,6.59,3
-439842840,373880031,246866806,1,11.18,15.86,3
-440122863#0,9561566543,42440494,2,27.78,7.17,12
-440122863#1,9563662424,9561566543,2,27.78,61.51,12
-440122863#2,42431257,9563662424,2,27.78,16.15,12
-440122878#0,9566892701,42442770,1,27.78,9.97,11
-440122878#1,42442773,9566892701,1,27.78,326.88,11
-440122879#0,8723021872,42429452,2,27.78,9.82,11
-440122879#1,8723021867,8723021872,2,27.78,64.31,11
-440122879#10,8723021845,42436806,2,27.78,6.56,11
-440122879#11,8722881554,8723021845,2,27.78,64.88,11
-440122879#12,42442728,8722881554,2,27.78,8.85,11
-440122879#13,8723021852,42442728,2,27.78,5.47,11
-440122879#14,9550751258,8723021852,2,27.78,63.51,11
-440122879#15,42423116,9550751258,2,27.78,8.92,11
-440122879#2,42442723,8723021867,2,27.78,6.29,11
-440122879#3,8723021864,42442723,2,27.78,9.37,11
-440122879#4,8341674803,8723021864,2,27.78,31.42,11
-440122879#5,8723021841,8341674803,2,27.78,31.91,11
-440122879#6,42423101,8723021841,2,27.78,13.25,11
-440122879#7,8723021839,42423101,2,27.78,12.31,11
-440122879#8,8723021843,8723021839,2,27.78,65.04,11
-440122879#9,42436806,8723021843,2,27.78,6.97,11
-440122880#0,9550791718,42429013,2,27.78,6.44,12
-440122880#1,9550791742,9550791718,2,27.78,63.5,12
-440122880#2,42429017,9550791742,2,27.78,10.71,12
-440122881#0,9550791717,42429011,2,27.78,8.2,12
-440122881#1,42429013,9550791717,2,27.78,10.54,12
-440122891#0,9561561628,42432802,1,8.94,5.62,11
-440122891#1,5490791423,9561561628,1,8.94,15.91,11
-440122891#2,5490791421,5490791423,1,8.94,40.56,11
-440122891#3,9561395269,5490791421,1,8.94,12.33,11
-440122891#4,42432799,9561395269,1,8.94,10.35,11
-440122896#0,9563821105,42427185,1,8.94,9.55,11
-440122896#1,9563821079,9563821105,1,8.94,89.82,11
-440122896#2,42427190,9563821079,1,8.94,8.72,11
-440122904#0,9561209104,42429946,1,8.94,75.37,10
-440122904#1,42454538,9561209104,1,8.94,7.38,10
-440122910#0,9703359683,42428962,1,27.78,9.43,11
-440122910#1,9935939397,9703359683,1,27.78,69.02,11
-440122910#2,2504882466,9935939397,1,27.78,7.74,11
-440122910#3,2512378850,2504882466,1,27.78,17.67,11
-440122912#0,4918486929,4378236618,2,27.78,61.07,11
-440122912#1,42427972,4918486929,2,27.78,7.14,11
-440681436#0,8309479569,42436957,1,8.94,7.26,11
-440681436#1,5147744247,8309479569,1,8.94,27.57,11
-440681437#0,3783144654,1919595922,1,8.94,11.07,11
-440681437#1,4219836765,3783144654,1,8.94,14.87,11
-440681437#2,42453610,4219836765,1,8.94,6.96,11
-440887371,4515465264,764738949,2,27.78,8.34,12
-441393113#0,6912871504,42441310,1,27.78,144.14,11
-441393113#1,2997576815,6912871504,1,27.78,100.74,11
-441393113#2,2329798629,2997576815,1,27.78,106.13,11
-441393113#3,6996574387,2329798629,1,27.78,102.41,11
-44164416#0,7784826662,2141026499,1,27.78,11.54,11
-44164416#1,1203883805,7784826662,1,27.78,239.0,11
-44164416#2,3099327964,1203883805,1,27.78,8.86,11
-44164416#3,42426374,3099327964,1,27.78,12.96,11
-44164416#4,2058920014,42426374,1,27.78,8.89,11
-44164416#5,595703226,2058920014,1,27.78,251.94,11
-44164419#0,7246038815,42454893,1,13.89,113.98,3
-44164419#1,302095403,7246038815,1,13.89,51.28,3
-44164429,374486503,42434559,1,13.89,33.79,4
-44225575,42453395,373880031,1,11.18,22.24,3
-444907552#0,3271250957,3579426874,1,13.89,5.58,3
-444907552#1,9518300227,3271250957,1,13.89,56.44,3
-444907552#10,10049835182,10050024777,1,13.89,150.63,3
-444907552#11,42443181,10049835182,1,13.89,10.96,3
-444907552#2,470209122,9518300227,1,13.89,12.37,3
-444907552#3,9518300229,470209122,1,13.89,12.8,3
-444907552#4,10050039073,9518300229,1,13.89,143.87,3
-444907552#5,1332860731,10050039073,1,13.89,9.03,3
-444907552#6,10050039072,1332860731,1,13.89,9.2,3
-444907552#7,10050024778,10050039072,1,13.89,228.04,3
-444907552#8,42421865,10050024778,1,13.89,7.52,3
-444907552#9,10050024777,42421865,1,13.89,9.84,3
-44763886#0,9550791773,42429023,2,27.78,9.54,12
-44763886#1,9550791784,9550791773,2,27.78,68.26,12
-44763886#2,42428094,9550791784,2,27.78,9.04,12
-44763886#3,9550791783,42428094,2,27.78,7.29,12
-44763886#4,9550791840,9550791783,2,27.78,73.45,12
-44763886#5,42429029,9550791840,2,27.78,10.8,12
-44763889,595473330,42429017,2,27.78,10.89,12
-451954039#0,6330018925,4487582556,1,11.18,59.9,3
-451954039#1,6330018967,6330018925,1,11.18,13.82,3
-451954039#2,6330018935,6330018967,1,11.18,12.02,3
-451954039#3,8231945186,6330018935,1,11.18,23.4,3
-451954039#4,42437768,8231945186,1,11.18,7.56,3
-451954039#5,8231945184,42437768,1,11.18,8.07,3
-451954039#6,6330018933,8231945184,1,11.18,57.26,3
-451954039#7,8231945180,6330018933,1,11.18,57.48,3
-451954039#8,42437770,8231945180,1,11.18,6.87,3
-451954042#0,8310246637,42437763,1,11.18,6.53,3
-451954042#1,4487582556,8310246637,1,11.18,6.25,3
-451954043,4487582557,482807376,1,13.89,12.92,3
-452339695#0,8307641631,42457821,1,11.18,10.06,11
-452339695#1,42433543,8307641631,1,11.18,10.15,11
-452493797#0,7472058110,42438090,1,13.89,14.32,3
-452493797#1,42438095,7472058110,1,13.89,72.56,3
-454031476#0,6369613050,42452067,1,11.18,8.05,11
-454031476#1,42432085,6369613050,1,11.18,100.38,11
-454031476#2,8307641649,42432085,1,11.18,7.45,11
-454031476#3,5159452349,8307641649,1,11.18,81.28,11
-454031476#4,42429754,5159452349,1,11.18,11.47,11
-45443072#0,10049857026,42441077,1,13.89,12.12,3
-45443072#1,42441080,10049857026,1,13.89,221.22,3
-454963832#0,8231896512,42432083,2,11.18,7.53,11
-454963832#1,6906849816,8231896512,2,11.18,24.62,11
-454963832#2,10596183146,6906849816,2,11.18,53.62,11
-455098896,4205440427,42432970,1,11.18,52.2,11
-455098897#0,42427888,42427883,1,22.22,79.27,10
-455098897#1,42427891,42427888,1,22.22,80.64,10
-455098897#2,10079540194,42427891,1,22.22,123.15,10
-455098897#3,10079540192,10079540194,1,22.22,17.73,10
-455674352,3579432156,42428782,1,27.78,18.97,11
-455675302,1506591536,1504153604,1,13.89,19.49,3
-455685737#0,9775435992,42442651,2,27.78,235.63,12
-455685737#1,561035370,9775435992,2,27.78,32.28,12
-455687907#0,8835729527,42438836,1,27.78,9.79,11
-455687907#1,10170977577,8835729527,1,27.78,63.76,11
-455687907#10,10181632166,10181632172,1,27.78,63.99,11
-455687907#11,42433797,10181632166,1,27.78,6.7,11
-455687907#12,10181632167,42433797,1,27.78,8.43,11
-455687907#13,10172767660,10181632167,1,27.78,63.65,11
-455687907#14,42442613,10172767660,1,27.78,7.4,11
-455687907#15,10172767659,42442613,1,27.78,8.64,11
-455687907#16,10172767667,10172767659,1,27.78,64.58,11
-455687907#17,42438292,10172767667,1,27.78,7.24,11
-455687907#18,10172767668,42438292,1,27.78,7.14,11
-455687907#19,10743755749,10172767668,1,27.78,65.11,11
-455687907#2,42442604,10170977577,1,27.78,7.73,11
-455687907#20,42442618,10743755749,1,27.78,7.68,11
-455687907#21,10743755751,42442618,1,27.78,6.03,11
-455687907#22,42442621,10743755751,1,27.78,70.71,11
-455687907#3,10170977575,42442604,1,27.78,8.88,11
-455687907#4,10170703041,10170977575,1,27.78,143.3,11
-455687907#5,42435940,10170703041,1,27.78,7.26,11
-455687907#6,10170703044,42435940,1,27.78,6.4,11
-455687907#7,10181632173,10170703044,1,27.78,65.49,11
-455687907#8,42442609,10181632173,1,27.78,6.4,11
-455687907#9,10181632172,42442609,1,27.78,8.25,11
-455688156#0,10168100426,42428892,1,22.22,8.99,10
-455688156#1,10055013017,10168100426,1,22.22,205.5,10
-455688156#2,7620631148,10055013017,1,22.22,11.45,10
-455689184#0,7004347455,3579432161,1,27.78,8.31,11
-455689184#1,7198971058,7004347455,1,27.78,62.45,11
-455689184#2,3579432162,7198971058,1,27.78,9.27,11
-456315007,9166033061,9166033062,2,11.18,14.58,12
-458106348#0,8310246336,42435596,1,11.18,16.03,3
-458106348#1,8431296950,8310246336,1,11.18,43.96,3
-458106348#2,4634753634,8431296950,1,11.18,185.47,3
-458106348#3,42436439,4634753634,1,11.18,10.22,3
-460589632#0,8261122904,42430646,3,11.18,7.25,12
-460589632#1,593915255,8261122904,3,11.18,21.11,12
-460596360#0,10165996999,42440104,1,13.89,9.4,3
-460596360#1,1774036559,10165996999,1,13.89,17.68,3
-460596360#2,7732243546,1774036559,1,13.89,65.29,3
-460596360#3,1775693483,7732243546,1,13.89,89.3,3
-460596360#4,42437196,1775693483,1,13.89,12.42,3
-460624363#0,5083818849,10299850024,1,11.18,92.83,4
-460624363#1,42422042,5083818849,1,11.18,8.55,4
-460657164#0,6691104519,42428022,2,27.78,8.16,11
-460657164#1,7834024299,6691104519,2,27.78,65.68,11
-460657164#10,7834030796,7834024305,2,27.78,66.51,11
-460657164#11,42428032,7834030796,2,27.78,7.1,11
-460657164#12,7834025580,42428032,2,27.78,7.64,11
-460657164#13,7834025515,7834025580,2,27.78,65.94,11
-460657164#14,42428034,7834025515,2,27.78,6.48,11
-460657164#15,7834025525,42428034,2,27.78,7.98,11
-460657164#16,7834025567,7834025525,2,27.78,67.33,11
-460657164#17,42428037,7834025567,2,27.78,11.92,11
-460657164#2,42428024,7834024299,2,27.78,6.54,11
-460657164#3,7834024288,42428024,2,27.78,7.44,11
-460657164#4,7834024290,7834024288,2,27.78,66.49,11
-460657164#5,42428027,7834024290,2,27.78,6.59,11
-460657164#6,7834024334,42428027,2,27.78,7.31,11
-460657164#7,7834024318,7834024334,2,27.78,66.89,11
-460657164#8,42428029,7834024318,2,27.78,6.04,11
-460657164#9,7834024305,42428029,2,27.78,7.52,11
-460657165#0,6689923794,42428015,2,27.78,6.83,11
-460657165#1,6689923793,6689923794,2,27.78,66.13,11
-460657165#2,42428016,6689923793,2,27.78,7.1,11
-46111601,42441805,595352936,1,27.78,11.95,11
-46111604#0,8344675607,587934073,1,27.78,136.14,11
-46111604#1,8344675600,8344675607,1,27.78,26.9,11
-46111604#2,9935939382,8344675600,1,27.78,156.3,11
-46111604#3,2512378850,9935939382,1,27.78,14.59,11
-46111605#0,60927822,2797042974,1,27.78,41.35,11
-46111605#1,60927823,60927822,1,27.78,55.51,11
-46111607#0,42441535,595314125,1,27.78,15.29,11
-46111607#1,10060800061,42441535,1,27.78,6.97,11
-46111607#10,10039795803,2967753945,1,27.78,38.27,11
-46111607#11,42434161,10039795803,1,27.78,7.46,11
-46111607#12,10039795798,42434161,1,27.78,7.38,11
-46111607#13,10039645591,10039795798,1,27.78,66.19,11
-46111607#14,42441564,10039645591,1,27.78,11.8,11
-46111607#15,10039645584,42441564,1,27.78,11.91,11
-46111607#16,10039645579,10039645584,1,27.78,67.36,11
-46111607#17,42441569,10039645579,1,27.78,8.06,11
-46111607#18,10039741698,42441569,1,27.78,7.7,11
-46111607#19,10039741678,10039741698,1,27.78,72.36,11
-46111607#2,42437058,10060800061,1,27.78,72.2,11
-46111607#20,42421820,10039741678,1,27.78,7.87,11
-46111607#21,10039741672,42421820,1,27.78,7.69,11
-46111607#22,10039656211,10039741672,1,27.78,72.84,11
-46111607#23,42437312,10039656211,1,27.78,8.78,11
-46111607#24,10039693563,42437312,1,27.78,7.16,11
-46111607#25,10039653305,10039693563,1,27.78,71.14,11
-46111607#26,42433569,10039653305,1,27.78,9.84,11
-46111607#27,10039653300,42433569,1,27.78,7.19,11
-46111607#28,9168918194,10039653300,1,27.78,65.82,11
-46111607#29,42441587,9168918194,1,27.78,7.22,11
-46111607#3,10039861888,42437058,1,27.78,80.86,11
-46111607#30,9168918193,42441587,1,27.78,7.53,11
-46111607#31,42421778,9168918193,1,27.78,74.63,11
-46111607#32,4906056159,42421778,1,27.78,75.29,11
-46111607#4,42422018,10039861888,1,27.78,9.74,11
-46111607#5,10039861883,42422018,1,27.78,9.76,11
-46111607#6,10039776315,10039861883,1,27.78,72.13,11
-46111607#7,42438052,10039776315,1,27.78,8.49,11
-46111607#8,9168918208,42438052,1,27.78,8.14,11
-46111607#9,2967753945,9168918208,1,27.78,25.99,11
-46111619,595314033,42441191,1,27.78,11.87,11
-46111626#0,10049860712,7616688918,1,13.89,7.14,3
-46111626#1,10049953223,10049860712,1,13.89,37.14,3
-46111626#2,6867580414,10049953223,1,13.89,12.42,3
-46111631#0,10170704057,42428782,1,27.78,10.45,11
-46111631#1,7785929610,10170704057,1,27.78,99.77,11
-46111631#2,42441926,7785929610,1,27.78,6.71,11
-46114483#0,9935939179,587934172,1,27.78,6.06,11
-46114483#1,595352911,9935939179,1,27.78,17.03,11
-46114489#0,595436395,587934311,1,22.22,369.65,6
-46114489#1,595352910,595436395,1,22.22,66.45,6
-46130040#0,9178585628,589928035,1,11.18,6.59,3
-46130040#1,371337145,9178585628,1,11.18,131.97,3
-46139021#0,9987259784,42445666,2,11.18,8.39,4
-46139021#1,9987259787,9987259784,2,11.18,62.71,4
-46139021#2,42454006,9987259787,2,11.18,9.11,4
-46139043,486869282,42429754,1,11.18,16.65,11
-46154281#0,11038072245,42435931,1,11.18,8.73,3
-46154281#1,5804425627,11038072245,1,11.18,4.02,3
-46154281#2,42431999,5804425627,1,11.18,77.62,3
-46154281#3,7153367759,42431999,1,11.18,51.35,3
-46154281#4,7499128116,7153367759,1,11.18,69.81,3
-46154281#5,7499128125,7499128116,1,11.18,28.39,3
-46154281#6,9297513852,7499128125,1,11.18,83.49,3
-46154281#7,7499263656,9297513852,1,11.18,8.46,3
-46154287,42438531,588455698,1,11.18,27.01,11
-46154291#0,8231942806,42440785,1,11.18,13.82,11
-46154291#1,6129309605,8231942806,1,11.18,26.26,11
-46154291#2,9941087939,6129309605,1,11.18,36.54,11
-46154291#3,42440679,9941087939,1,11.18,5.88,11
-46154330#0,4985377333,42440270,1,11.18,16.1,3
-46154330#1,4015192929,4985377333,1,11.18,33.27,3
-46154330#2,673008453,4015192929,1,11.18,73.67,3
-46154330#3,673008457,673008453,1,11.18,57.65,3
-46154330#4,42440278,673008457,1,11.18,13.45,3
-46154330#5,4985377329,42440278,1,11.18,17.89,3
-46154330#6,42440280,4985377329,1,11.18,8.6,3
-46154337#0,4156798789,42444230,1,11.18,6.81,12
-46154337#1,4156798797,4156798789,1,11.18,71.45,12
-46154337#2,42444223,4156798797,1,11.18,5.75,12
-46154337#3,9181607983,42444223,1,11.18,5.72,12
-46154337#4,11047466410,9181607983,1,11.18,15.08,12
-46154337#5,6129324449,11047466410,1,11.18,4.02,12
-46154337#6,11030812457,6129324449,1,11.18,30.35,12
-46154337#7,4145794845,11030812457,1,11.18,16.9,12
-46154337#8,42421951,4145794845,1,11.18,7.35,12
-46160106,246866810,246858435,1,11.18,12.95,3
-46160244#0,4878934393,42448469,1,11.18,7.24,3
-46160244#1,9988073561,4878934393,1,11.18,34.13,3
-46160244#2,42459820,9988073561,1,11.18,12.29,3
-46160403#0,6904109938,42421960,1,11.18,11.03,3
-46160403#1,8276468675,6904109938,1,11.18,47.14,3
-46160403#2,42427956,8276468675,1,11.18,8.75,3
-46160404#0,246866793,246858654,1,11.18,10.29,3
-46160404#1,4876394048,246866793,1,11.18,14.61,3
-46160404#2,8821315486,4876394048,1,11.18,7.09,3
-46160404#3,246901366,8821315486,1,11.18,5.33,3
-46165807,5815643310,9805151008,1,11.18,77.99,3
-46165812#0,5812734102,42429565,1,11.18,13.48,11
-46165812#1,8404113359,5812734102,1,11.18,58.69,11
-46165812#2,4143838198,8404113359,1,11.18,31.04,11
-46165812#3,4872753358,4143838198,1,11.18,46.33,11
-46165812#4,42429570,4872753358,1,11.18,13.9,11
-46165813,246858449,246866830,1,11.18,13.04,3
-46165814,246866828,246858448,1,11.18,15.22,3
-46165815#0,5815643273,42429595,1,11.18,8.48,3
-46165815#1,42446849,5815643273,1,11.18,51.99,3
-46165816,246866798,246858431,1,13.89,14.44,3
-46165819#0,4876394047,42433715,1,11.18,8.88,3
-46165819#1,279152444,4876394047,1,11.18,26.45,3
-46165821#0,4876394052,42433718,1,11.18,9.32,3
-46165821#1,42437819,4876394052,1,11.18,23.38,3
-46171888#0,8262936678,8262936616,1,11.18,81.06,4
-46171888#1,42422035,8262936678,1,11.18,9.0,4
-46201651,1728266963,589100267,1,11.18,85.89,3
-46201655#0,3686061872,9140927083,1,11.18,50.4,10
-46201655#1,42438362,3686061872,1,11.18,7.13,10
-46201655#2,3686061900,42438362,1,11.18,7.21,10
-46201655#3,4298764922,3686061900,1,11.18,49.9,10
-46201655#4,4298764923,4298764922,1,11.18,137.72,10
-46201668#0,9408434731,4215596089,2,11.18,30.58,12
-46201668#1,9408434729,9408434731,2,11.18,4.96,12
-46201668#10,4598752847,9166033064,2,11.18,4.91,12
-46201668#11,9166033061,4598752847,2,11.18,9.87,12
-46201668#2,8231900996,9408434729,2,11.18,54.93,12
-46201668#3,42437084,8231900996,2,11.18,5.74,12
-46201668#4,8231900995,42437084,2,11.18,6.51,12
-46201668#5,8231900992,8231900995,2,11.18,125.39,12
-46201668#6,42432068,8231900992,2,11.18,6.02,12
-46201668#7,4561657054,42432068,2,11.18,6.2,12
-46201668#8,10168325603,4561657054,2,11.18,55.63,12
-46201668#9,9166033064,10168325603,2,11.18,63.86,12
-46201679#0,5804835279,42451593,1,11.18,7.25,12
-46201679#1,5804832252,5804835279,1,11.18,64.99,12
-46201679#2,42447428,5804832252,1,11.18,5.58,12
-46211834#0,4918486743,42448329,1,11.18,13.67,4
-46211834#1,3551756586,4918486743,1,11.18,54.51,4
-46211835#0,9375594176,4215909069,2,11.18,4.05,11
-46211835#1,4918486787,9375594176,2,11.18,32.47,11
-46211835#2,42448326,4918486787,2,11.18,13.75,11
-46211840#0,7837088611,42427985,3,27.78,6.84,11
-46211840#1,4999169390,7837088611,3,27.78,63.68,11
-46211840#2,42427979,4999169390,3,27.78,8.44,11
-46211840#3,4999169386,42427979,3,27.78,7.89,11
-46211840#4,4918486807,4999169386,3,27.78,64.93,11
-46211840#5,42427975,4918486807,3,27.78,6.830000000000001,11
-46211840#6,4918486804,42427975,3,27.78,6.96,11
-46211840#7,4918486092,4918486804,3,27.78,64.77,11
-46211840#8,42427972,4918486092,3,27.78,8.12,11
-46211841#0,7248638328,42432871,1,11.18,13.81,3
-46211841#1,42432875,7248638328,1,11.18,27.0,3
-46211851#0,4161568868,42437830,1,11.18,7.64,11
-46211851#1,1989931107,4161568868,1,11.18,21.73,11
-46211851#2,5145329326,1989931107,1,11.18,40.81,11
-46211851#3,370896902,5145329326,1,11.18,25.48,11
-46226329#0,10128660289,7732571917,1,13.89,72.07,3
-46226329#1,42438228,10128660289,1,13.89,9.76,3
-46226330,371239962,42423203,2,27.78,187.08,12
-46240040#0,9155906283,589927878,1,11.18,27.28,10
-46240040#1,6407228005,9155906283,1,11.18,81.85,10
-46240040#2,9153608660,6407228005,1,11.18,134.58,10
-46240053#0,42439802,589927915,2,27.78,11.86,12
-46240053#1,764738949,42439802,2,27.78,44.76,12
-46240188#0,9902223903,42429530,1,13.89,10.81,3
-46240188#1,5481922057,9902223903,1,13.89,28.73,3
-46240188#2,10168169637,5481922057,1,13.89,105.57,3
-46240188#3,42446190,10168169637,1,13.89,10.8,3
-46240274#0,7925258889,42432324,1,11.18,116.06,3
-46240274#1,42443826,7925258889,1,11.18,12.72,3
-46240374,42439514,6257070519,1,13.89,101.58,3
-462421592#0,8262936488,272194254,1,11.18,9.98,4
-462421592#1,4143765783,8262936488,1,11.18,63.53,4
-46332295#0,8231935506,42452026,1,11.18,8.06,3
-46332295#1,4676469047,8231935506,1,11.18,63.64,3
-46332295#10,8231934406,42454423,1,11.18,6.51,3
-46332295#11,5829844672,8231934406,1,11.18,130.56,3
-46332295#12,5799117240,5829844672,1,11.18,9.53,3
-46332295#13,42448558,5799117240,1,11.18,15.13,3
-46332295#2,8231885411,4676469047,1,11.18,41.23,3
-46332295#3,42432142,8231885411,1,11.18,12.23,3
-46332295#4,8231885410,42432142,1,11.18,10.66,3
-46332295#5,8231938429,8231885410,1,11.18,146.25,3
-46332295#6,42442276,8231938429,1,11.18,6.42,3
-46332295#7,8231938428,42442276,1,11.18,8.16,3
-46332295#8,8231934407,8231938428,1,11.18,147.66,3
-46332295#9,42454423,8231934407,1,11.18,5.78,3
-46332308#0,4625583183,42430535,1,11.18,9.32,4
-46332308#1,8372950521,4625583183,1,11.18,52.72,4
-46332308#2,42430540,8372950521,1,11.18,7.84,4
-46334563#0,9563821099,42444097,1,8.94,78.05,12
-46334563#1,42428124,9563821099,1,8.94,8.53,12
-46334565#0,9563662422,42454553,1,22.22,15.12,10
-46334565#1,9561208957,9563662422,1,22.22,39.55,10
-46334565#2,42429242,9561208957,1,22.22,11.56,10
-46334605#0,8279851269,42444129,1,11.18,8.16,12
-46334605#1,8310246658,8279851269,1,11.18,158.22,12
-46334605#10,5458544539,11037590233,1,11.18,18.69,12
-46334605#11,11037590232,5458544539,1,11.18,4.69,12
-46334605#12,8310246582,11037590232,1,11.18,45.62,12
-46334605#13,11037590268,8310246582,1,11.18,4.92,12
-46334605#14,42440449,11037590268,1,11.18,10.42,12
-46334605#15,8310246578,42440449,1,11.18,8.87,12
-46334605#16,3683163348,8310246578,1,11.18,53.83,12
-46334605#17,588455697,3683163348,1,11.18,50.7,12
-46334605#2,42443928,8310246658,1,11.18,5.4,12
-46334605#3,8310246656,42443928,1,11.18,5.92,12
-46334605#4,42443937,8310246656,1,11.18,28.82,12
-46334605#5,4581870335,42443937,1,11.18,91.73,12
-46334605#6,11037590240,4581870335,1,11.18,3.57,12
-46334605#7,475485738,11037590240,1,11.18,14.2,12
-46334605#8,5458544542,475485738,1,11.18,11.5,12
-46334605#9,11037590233,5458544542,1,11.18,34.4,12
-46334608#0,9561420823,4207641231,2,27.78,62.89,12
-46334608#1,42429222,9561420823,2,27.78,12.75,12
-46334658,60925950,595473291,1,27.78,9.31,11
-46334660#0,9566938922,60925950,1,11.18,8.89,11
-46334660#1,9566938944,9566938922,1,11.18,81.13,11
-46334660#2,42427168,9566938944,1,11.18,7.61,11
-46334664#0,9170771795,42427915,2,11.18,13.32,11
-46334664#1,7784867915,9170771795,2,11.18,66.94,11
-46334664#2,42433564,7784867915,2,11.18,5.99,11
-46334665#0,42431447,7123525299,2,11.18,8.04,11
-46334665#1,7123525303,42431447,2,11.18,8.28,11
-46334665#2,7123525313,7123525303,2,11.18,63.18,11
-46334665#3,42435316,7123525313,2,11.18,7.87,11
-46334665#4,7123525330,42435316,2,11.18,6.18,11
-46334665#5,7123525287,7123525330,2,11.18,66.05,11
-46334665#6,42435317,7123525287,2,11.18,6.87,11
-46334665#7,7123525290,42435317,2,11.18,6.54,11
-46334665#8,7123525292,7123525290,2,11.18,64.91,11
-46334665#9,42435319,7123525292,2,11.18,7.8,11
-46348787#0,6411125188,7476469426,1,11.18,7.24,3
-46348787#1,7499128090,6411125188,1,11.18,59.53,3
-46348787#2,5721705549,7499128090,1,11.18,11.58,3
-46348787#3,5804425623,5721705549,1,11.18,62.74,3
-46348787#4,42427744,5804425623,1,11.18,8.65,3
-46349386#0,4300994838,42429812,1,11.18,13.64,3
-46349386#1,8310245795,4300994838,1,11.18,110.56,3
-46349386#2,42437118,8310245795,1,11.18,7.34,3
-46349386#3,8310245793,42437118,1,11.18,9.72,3
-46349386#4,7013873967,8310245793,1,11.18,90.38,3
-46349386#5,4300994818,7013873967,1,11.18,26.34,3
-46349386#6,3783073202,4300994818,1,11.18,135.5,3
-46349386#7,3783073271,3783073202,1,11.18,5.98,3
-46349386#8,42449874,3783073271,1,11.18,9.41,3
-46350695#0,8310245648,42427352,1,11.18,7.41,3
-46350695#1,592484214,8310245648,1,11.18,72.03,3
-46350695#2,7552138519,592484214,1,11.18,59.63,3
-46431825#0,8307641995,42436894,1,11.18,9.48,3
-46431825#1,10919435177,8307641995,1,11.18,29.52,3
-46431825#2,10168907027,10919435177,1,11.18,64.09,3
-46431825#3,42436899,10168907027,1,11.18,6.63,3
-46431825#4,10168907025,42436899,1,11.18,5.4,3
-46431825#5,4872777172,10168907025,1,11.18,14.12,3
-46431825#6,42436903,4872777172,1,11.18,12.07,3
-464683313,4597668041,42448693,2,11.18,10.33,11
-46469725,593886226,42432540,1,13.89,20.85,3
-46469732#0,4259278550,42434965,2,11.18,13.76,11
-46469732#1,4207683805,4259278550,2,11.18,24.44,11
-46481744#0,8261122915,593915255,3,11.18,41.56,12
-46481744#1,42430643,8261122915,3,11.18,8.69,12
-46481744#2,8261122916,42430643,3,11.18,7.45,12
-46481744#3,8261122888,8261122916,3,11.18,62.53,12
-46481744#4,42430639,8261122888,3,11.18,8.1,12
-46481754#0,4696815195,593915303,2,11.18,150.7,12
-46481754#1,8261122869,4696815195,2,11.18,7.46,12
-46481754#2,8261122874,8261122869,2,11.18,14.95,12
-46481754#3,8261122872,8261122874,2,11.18,21.58,12
-46481755#0,5165644096,42430633,2,11.18,13.92,12
-46481755#1,9971314389,5165644096,2,11.18,36.96,12
-464963297#0,10606723135,5161246301,2,11.18,11.96,12
-464963297#1,4625620216,10606723135,2,11.18,25.93,12
-464963297#2,5161246307,4625620216,2,11.18,11.63,12
-464964299#0,6369613318,42445603,1,11.18,7.82,11
-464964299#1,6369613031,6369613318,1,11.18,123.38,11
-464964299#2,42452067,6369613031,1,11.18,10.76,11
-465101198#0,3859048179,9971262471,2,11.18,82.44,11
-465101198#1,9971262468,3859048179,2,11.18,108.59,11
-46518740,42459579,42453087,1,13.89,37.34,3
-46520921#0,10125247894,42443807,1,11.18,72.99,4
-46520921#1,42443810,10125247894,1,11.18,7.37,4
-46520921#2,10125247892,42443810,1,11.18,7.72,4
-46520921#3,10125247890,10125247892,1,11.18,64.88,4
-46520921#4,42434077,10125247890,1,11.18,8.17,4
-46520921#5,10125247889,42434077,1,11.18,7.22,4
-46520921#6,10125247886,10125247889,1,11.18,64.86,4
-46520921#7,42443811,10125247886,1,11.18,6.65,4
-46524947#0,9170766761,42438832,1,11.18,8.42,3
-46524947#1,6858150183,9170766761,1,11.18,49.72,3
-46524947#2,6858150177,6858150183,1,11.18,52.4,3
-46524947#3,9177400756,6858150177,1,11.18,36.64,3
-46524947#4,42431000,9177400756,1,11.18,13.74,3
-46524959#0,2346800736,42438306,1,11.18,10.43,3
-46524959#1,595245836,2346800736,1,11.18,67.57,3
-46524969#0,9900513528,595245859,1,11.18,9.05,3
-46524969#1,9915469769,9900513528,1,11.18,16.97,3
-46524975#0,5117745456,42430989,2,11.18,13.22,3
-46524975#1,10742000967,5117745456,2,11.18,23.86,3
-46524975#2,10742000968,10742000967,2,11.18,37.49,3
-46524975#3,42438819,10742000968,2,11.18,36.84,3
-46524983#0,9492556556,42431002,1,11.18,12.91,3
-46524983#1,595245883,9492556556,1,11.18,162.5,3
-46524998,5619144360,595245889,1,11.18,48.29,3
-46525019#0,10046485491,595245918,1,11.18,7.24,3
-46525019#1,10098681464,10046485491,1,11.18,63.92,3
-46525019#2,595245920,10098681464,1,11.18,7.92,3
-46525029#0,7595748174,42430984,1,11.18,13.83,3
-46525029#1,595245918,7595748174,1,11.18,85.19,3
-46526965#0,8575682946,3533937800,1,11.18,8.83,3
-46526965#1,7591060179,8575682946,1,11.18,76.21,3
-46526965#2,42421985,7591060179,1,11.18,14.19,3
-46529274#0,7333509693,3533937800,1,11.18,57.13,3
-46529274#1,595254573,7333509693,1,11.18,90.45,3
-46538396#0,7591060183,595269619,1,27.78,25.58,11
-46538396#1,2061592973,7591060183,1,27.78,7.87,11
-46538405#0,7637834796,595269639,1,27.78,29.53,11
-46538405#1,42430747,7637834796,1,27.78,7.9,11
-46546737#0,595295501,42422592,2,11.18,11.96,11
-46546737#1,7912855687,595295501,2,11.18,6.85,11
-46563041#0,9177516871,42421749,1,13.89,9.75,3
-46563041#1,7785782268,9177516871,1,13.89,127.76,3
-46563041#2,42421751,7785782268,1,13.89,5.8,3
-46563166,595314119,595314114,1,27.78,51.84,11
-46568312#0,10128931543,2383895311,1,13.89,90.88,3
-46568312#1,10128878992,10128931543,1,13.89,71.29,3
-46568312#2,42434105,10128878992,1,13.89,7.23,3
-46568321#0,595320307,595314033,1,27.78,466.43,11
-46568321#1,4954151929,595320307,1,27.78,79.4,11
-46577947,42427086,561035374,1,27.78,18.33,11
-46577951#0,9935928812,595352902,1,27.78,62.06,11
-46577951#1,587934079,9935928812,1,27.78,9.58,11
-46577960,587934172,595352910,1,22.22,167.14,6
-46577961#0,5354421380,595352911,1,27.78,52.35,11
-46577961#1,5354421383,5354421380,1,27.78,44.94,11
-46577961#2,5354421378,5354421383,1,27.78,28.56,11
-46577961#3,2512378852,5354421378,1,27.78,139.03,11
-46577961#4,2512378850,2512378852,1,27.78,26.69,11
-46579213#0,10165989498,42442557,1,13.89,8.86,3
-46579213#1,7571410095,10165989498,1,13.89,16.41,3
-46579213#2,7571410096,7571410095,1,13.89,66.74,3
-46579213#3,7571410098,7571410096,1,13.89,8.68,3
-46579213#4,7571274525,7571410098,1,13.89,10.35,3
-46579213#5,7571410130,7571274525,1,13.89,10.45,3
-46579213#6,1807940789,7571410130,1,13.89,4.02,3
-46579577#0,7837165548,42435253,2,11.18,7.75,11
-46579577#1,9915560877,7837165548,2,11.18,44.94,11
-46579579#0,1241760168,6456467046,1,11.18,101.98,10
-46579579#1,1241760156,1241760168,1,11.18,9.57,10
-46579579#2,11107628433,1241760156,1,11.18,58.67,10
-46583484#0,6814307785,42442569,1,27.78,14.64,11
-46583484#1,7618358575,6814307785,1,27.78,19.25,11
-46583484#2,4717512348,7618358575,1,27.78,42.95,11
-46583484#3,42442571,4717512348,1,27.78,7.12,11
-46591058,595472989,595473019,1,22.22,60.53,10
-46591062,42442733,595473050,1,27.78,6.52,11
-46591067,42429023,595473133,2,27.78,11.28,12
-46591068,42449637,595473148,1,22.22,7.21,10
-46591071,595473148,595473185,1,22.22,64.63,10
-46591073#0,5403873769,595473201,1,11.18,1.69,11
-46591073#1,42433064,5403873769,1,11.18,6.96,11
-46591073#2,5403873768,42433064,1,11.18,8.58,11
-46591073#3,5403873764,5403873768,1,11.18,64.35,11
-46591073#4,42428086,5403873764,1,11.18,6.51,11
-46591076,595473201,595473222,1,11.18,63.08,11
-46591083,595473291,595473295,1,27.78,56.33,11
-46591084,595473295,60926076,1,27.78,7.43,11
-46591086,595473133,595473330,2,27.78,67.38,12
-46593917#0,9550751262,595481001,1,22.22,9.95,9
-46593917#1,9908501369,9550751262,1,22.22,25.19,9
-46593917#2,595484175,9908501369,1,22.22,2.22,9
-46594125,589928037,589928035,1,13.89,24.74,3
-46613627#0,10171102346,42432897,1,11.18,9.79,11
-46613627#1,10127369909,10171102346,1,11.18,74.48,11
-46613627#2,42432900,10127369909,1,11.18,9.93,11
-46613655#0,10171219264,42432894,2,11.18,9.63,11
-46613655#1,4207743627,10171219264,2,11.18,28.1,11
-46613656#0,7802964932,42433161,1,22.22,7.75,10
-46613656#1,7803460136,7802964932,1,22.22,77.88,10
-46613656#10,10168729775,10165996993,1,22.22,76.07,10
-46613656#11,42433173,10168729775,1,22.22,6.81,10
-46613656#2,42433163,7803460136,1,22.22,8.39,10
-46613656#3,7803460148,42433163,1,22.22,8.31,10
-46613656#4,10165996984,7803460148,1,22.22,75.51,10
-46613656#5,42431201,10165996984,1,22.22,8.11,10
-46613656#6,10165996985,42431201,1,22.22,9.45,10
-46613656#7,10165996992,10165996985,1,22.22,76.39,10
-46613656#8,42433165,10165996992,1,22.22,7.92,10
-46613656#9,10165996993,42433165,1,22.22,10.31,10
-46613696#0,1382339080,1901016118,1,11.18,250.17,11
-46613696#1,1382339070,1382339080,1,11.18,6.72,11
-46613696#2,1901016170,1382339070,1,11.18,88.76,11
-46613696#3,2059304015,1901016170,1,11.18,139.01,11
-46616995#0,9561395267,42432799,1,8.94,11.31,10
-46616995#1,42440079,9561395267,1,8.94,130.97,10
-46616995#10,9561561664,42453669,1,8.94,110.97,10
-46616995#11,42431230,9561561664,1,8.94,9.18,10
-46616995#2,42457282,42440079,1,8.94,50.87,10
-46616995#3,9561420913,42457282,1,8.94,49.23,10
-46616995#4,42445640,9561420913,1,8.94,10.03,10
-46616995#5,8952423304,42445640,1,8.94,7.42,10
-46616995#6,9561420921,8952423304,1,8.94,159.01,10
-46616995#7,42455509,9561420921,1,8.94,10.55,10
-46616995#8,9561420919,42455509,1,8.94,8.37,10
-46616995#9,42453669,9561420919,1,8.94,47.83,10
-46616996,5051482018,374451674,1,13.89,29.32,4
-46616997#0,42432805,42431666,1,8.94,82.49,11
-46616997#1,9561561630,42432805,1,8.94,70.07,11
-46616997#2,42432802,9561561630,1,8.94,7.49,11
-46694751#0,7248638338,42440567,1,11.18,13.68,3
-46694751#1,42443621,7248638338,1,11.18,30.73,3
-46694753#0,4207313538,42436477,2,27.78,10.44,11
-46694753#1,4207313533,4207313538,2,27.78,125.05,11
-46694753#2,596776057,4207313533,2,27.78,10.43,11
-46694753#3,42436481,596776057,2,27.78,19.28,11
-46694753#4,4207313526,42436481,2,27.78,9.24,11
-46694753#5,3562587893,4207313526,2,27.78,126.24,11
-46694753#6,42436484,3562587893,2,27.78,10.55,11
-46694753#7,3562587894,42436484,2,27.78,10.49,11
-46694753#8,3562587898,3562587894,2,27.78,131.18,11
-46694753#9,42436486,3562587898,2,27.78,14.3,11
-46694755#0,6670244839,42428003,1,13.89,12.46,4
-46694755#1,9906953438,6670244839,1,13.89,41.51,4
-46694758#0,6689923824,42428012,1,13.89,12.83,3
-46694758#1,371197453,6689923824,1,13.89,204.28,3
-46694759#0,5463840961,596799891,1,11.18,13.14,10
-46694759#1,6670244828,5463840961,1,11.18,152.86,10
-46694759#2,42428010,6670244828,1,11.18,13.18,10
-46694763#0,6689923814,42428014,1,13.89,13.09,3
-46694763#1,10832508151,6689923814,1,13.89,121.14,3
-46694765#0,7103815240,42438513,1,13.89,11.4,3
-46694765#1,371206271,7103815240,1,13.89,12.58,3
-46694771#0,6181480043,42449010,1,11.18,14.18,3
-46694771#1,7067139597,6181480043,1,11.18,26.49,3
-466956273#0,4890333647,4616536348,1,8.94,8.76,3
-466956273#1,10853807645,4890333647,1,8.94,64.33,3
-467222856#0,8307641805,42428433,2,11.18,11.74,13
-467222856#1,8307641832,8307641805,2,11.18,67.81,13
-467222856#2,42440820,8307641832,2,11.18,4.58,13
-474304539#0,7591060182,2061592973,1,11.18,14.27,3
-474304539#1,8575682949,7591060182,1,11.18,78.43,3
-474304539#2,4682935365,8575682949,1,11.18,9.71,3
-474304540#0,7835476319,4682935360,1,11.18,76.91,3
-474304540#1,4682935365,7835476319,1,11.18,8.53,3
-474304540#2,6429000132,4682935365,1,11.18,7.76,3
-474304540#3,8575682948,6429000132,1,11.18,63.2,3
-474304540#4,3533937800,8575682948,1,11.18,8.92,3
-475867322,42449613,246858449,1,11.18,27.03,3
-477151468#0,8309479455,42446571,1,8.94,7.06,11
-477151468#1,10778672288,8309479455,1,8.94,28.68,11
-477151469#0,8309479445,42430942,1,8.94,9.64,3
-477151469#1,4931387076,8309479445,1,8.94,60.69,3
-477151469#2,274335455,4931387076,1,8.94,6.67,3
-477151469#3,4931387072,274335455,1,8.94,6.13,3
-477151469#4,4931387074,4931387072,1,8.94,65.78,3
-477151469#5,42446584,4931387074,1,8.94,7.36,3
-477151469#6,4931387077,42446584,1,8.94,8.27,3
-477151469#7,4301088465,4931387077,1,8.94,16.4,3
-477151469#8,8309479564,4301088465,1,8.94,49.89,3
-477151469#9,3624790934,8309479564,1,8.94,7.34,3
-47795999#0,7784826678,7802856365,2,11.18,8.13,11
-47795999#1,7802856360,7784826678,2,11.18,65.48,11
-47795999#2,7802856352,7802856360,2,11.18,8.58,11
-47796089#0,10171241033,42435743,1,11.18,7.07,11
-47796089#1,42435746,10171241033,1,11.18,71.64,11
-47796678,589100164,42458017,1,11.18,50.69,3
-47845025#0,9561229732,42458728,1,8.94,11.25,10
-47845025#1,42429946,9561229732,1,8.94,172.33,10
-47845042#0,9561209103,42454538,1,8.94,7.41,10
-47845042#1,9561209098,9561209103,1,8.94,146.72,10
-47845042#2,42429708,9561209098,1,8.94,9.37,10
-47845066#0,9561126015,1544809885,1,22.22,12.9,10
-47845066#1,7779712802,9561126015,1,22.22,1.35,10
-478478415#0,7135164271,9178967047,2,11.18,41.66,11
-478478415#1,42428047,7135164271,2,11.18,7.36,11
-478478415#10,7834025578,7834030816,2,11.18,16.78,11
-478478415#11,42428043,7834025578,2,11.18,8.4,11
-478478415#12,7834025536,42428043,2,11.18,6.64,11
-478478415#13,7834025574,7834025536,2,11.18,64.52,11
-478478415#14,42428039,7834025574,2,11.18,8.35,11
-478478415#15,7834030808,42428039,2,11.18,6.19,11
-478478415#16,7834025576,7834030808,2,11.18,66.19,11
-478478415#17,42428037,7834025576,2,11.18,12.66,11
-478478415#2,7135169188,42428047,2,11.18,6.42,11
-478478415#3,7834030810,7135169188,2,11.18,31.39,11
-478478415#4,7834030832,7834030810,2,11.18,28.87,11
-478478415#5,7135164275,7834030832,2,11.18,4.96,11
-478478415#6,42428045,7135164275,2,11.18,6.24,11
-478478415#7,7135164261,42428045,2,11.18,8.88,11
-478478415#8,7834025512,7135164261,2,11.18,19.33,11
-478478415#9,7834030816,7834025512,2,11.18,28.47,11
-478478416#0,7834030803,42428037,2,11.18,12.19,3
-478478416#1,42429346,7834030803,2,11.18,166.3,3
-478478416#2,6352970540,42429346,2,11.18,36.0,3
-478478416#3,42429348,6352970540,2,11.18,11.72,3
-480680383#0,7604384386,42427143,1,11.18,8.4,11
-480680383#1,7604384398,7604384386,1,11.18,61.8,11
-480680383#2,42427139,7604384398,1,11.18,7.13,11
-480680383#3,9567002589,42427139,1,11.18,7.43,11
-480680383#4,9566927313,9567002589,1,11.18,60.54,11
-480680383#5,42427136,9566927313,1,11.18,9.48,11
-480682391#0,4158665075,42459820,1,11.18,40.16,3
-480682391#1,42427242,4158665075,1,11.18,8.3,3
-480682392#0,4985376919,42427242,1,11.18,7.04,3
-480682392#1,5446617714,4985376919,1,11.18,17.34,3
-480682392#2,4985376920,5446617714,1,11.18,44.92,3
-480682392#3,42457311,4985376920,1,11.18,8.12,3
-480682392#4,4985377321,42457311,1,11.18,6.89,3
-480682392#5,42430848,4985377321,1,11.18,33.2,3
-480682396#0,7139624415,42421941,2,11.18,15.59,12
-480682396#1,42421960,7139624415,2,11.18,8.42,12
-481047237#0,8309478920,42440553,1,11.18,6.35,3
-481047237#1,3584752204,8309478920,1,11.18,67.95,3
-481047237#2,42452396,3584752204,1,11.18,6.84,3
-481962592#0,8270654741,42427742,1,11.18,8.32,12
-481962592#1,5377706592,8270654741,1,11.18,63.62,12
-481962592#2,42452117,5377706592,1,11.18,12.64,12
-483360099#0,10171508868,4888388399,2,27.78,7.55,11
-483360099#1,10171865588,10171508868,2,27.78,65.8,11
-483360099#2,42435810,10171865588,2,27.78,7.28,11
-485056263#0,2151385504,4143859873,2,11.18,7.2,13
-485056263#1,3788379733,2151385504,2,11.18,20.02,13
-485755181#0,10160791154,42428072,1,27.78,7.15,11
-485755181#1,42438867,10160791154,1,27.78,72.97,11
-486583091,2797042974,2797042863,1,27.78,7.99,11
-486583092,60927819,4810893673,1,27.78,2.31,11
-488376502,5286408252,685164634,1,11.18,12.55,3
-488797726,4810893673,4810893672,1,27.78,3.47,11
-488797727#0,8725182314,42437324,1,27.78,11.13,11
-488797727#1,60927817,8725182314,1,27.78,32.45,11
-488797727#2,4810893672,60927817,1,27.78,80.83,11
-489019753,5266429277,9971262458,2,11.18,118.83,11
-489019754#0,4132605273,42448701,3,11.18,13.51,12
-489019754#1,4115878740,4132605273,3,11.18,64.32,12
-489019754#2,42436586,4115878740,3,11.18,6.89,12
-489170295#0,5403868124,42433151,1,11.18,6.67,11
-489170295#1,42433138,5403868124,1,11.18,18.18,11
-489170297#0,42427849,1764647103,1,27.78,77.52,11
-489170297#1,9561386514,42427849,1,27.78,71.11,11
-489170297#10,9561420903,4321038147,1,27.78,188.86,11
-489170297#11,42427863,9561420903,1,27.78,9.54,11
-489170297#12,9561420901,42427863,1,27.78,8.94,11
-489170297#13,9561420924,9561420901,1,27.78,158.74,11
-489170297#14,42427867,9561420924,1,27.78,8.88,11
-489170297#2,42427852,9561386514,1,27.78,7.34,11
-489170297#3,9561386513,42427852,1,27.78,7.14,11
-489170297#4,9561420852,9561386513,1,27.78,64.49,11
-489170297#5,42427855,9561420852,1,27.78,7.42,11
-489170297#6,9561420850,42427855,1,27.78,6.98,11
-489170297#7,4321038145,9561420850,1,27.78,66.47,11
-489170297#8,42427859,4321038145,1,27.78,11.9,11
-489170297#9,4321038147,42427859,1,27.78,12.02,11
-490896832#0,9561229762,42427873,3,27.78,9.66,11
-490896832#1,4830733459,9561229762,3,27.78,40.56,11
-490899140#0,9561420923,42427867,3,27.78,9.41,11
-490899140#1,4830747456,9561420923,3,27.78,43.04,11
-490899141#0,9561420932,4830747456,2,27.78,114.41,11
-490899141#1,42427870,9561420932,2,27.78,10.71,11
-492148705#0,8307642049,42432194,1,11.18,6.66,11
-492148705#1,4320194260,8307642049,1,11.18,62.42,11
-492148705#2,42432191,4320194260,1,11.18,6.24,11
-49688932,470209120,1506445762,1,13.89,18.86,3
-496977101#0,5787554246,42440785,1,11.18,10.45,3
-496977101#1,8231942791,5787554246,1,11.18,117.55,3
-496977101#2,42445617,8231942791,1,11.18,8.41,3
-496977101#3,8231942790,42445617,1,11.18,5.64,3
-496977101#4,5041369235,8231942790,1,11.18,122.4,3
-496977101#5,42452084,5041369235,1,11.18,10.64,3
-496978218#0,5362205527,42440350,1,11.18,12.13,4
-496978218#1,42440353,5362205527,1,11.18,49.99,4
-496978219#0,4985377334,42440270,2,11.18,11.56,12
-496978219#1,7139624435,4985377334,2,11.18,81.93,12
-496978219#2,42440350,7139624435,2,11.18,10.29,12
-496986969#0,10171655557,42430384,2,27.78,13.52,12
-496986969#1,3932923797,10171655557,2,27.78,151.46,12
-496986969#2,10170842505,3932923797,2,27.78,95.82,12
-496986969#3,42440022,10170842505,2,27.78,13.28,12
-496989959#0,8276468521,42454600,2,11.18,4.14,12
-496989959#1,42421941,8276468521,2,11.18,73.79,12
-496990645,3884569924,3884569931,2,11.18,17.29,12
-496990648#0,10168841830,4202958490,2,11.18,64.35,12
-496990648#1,42446959,10168841830,2,11.18,11.16,12
-496992369#0,8309479667,42436941,3,11.18,6.78,12
-496992369#1,3985008869,8309479667,3,11.18,69.06,12
-496992369#2,42440729,3985008869,3,11.18,11.87,12
-496995905#0,11038816109,561042203,2,11.18,21.27,12
-496995905#1,42443804,11038816109,2,11.18,36.59,12
-497154281#0,6670244829,42428010,2,27.78,7.97,11
-497154281#1,7136749260,6670244829,2,27.78,19.1,11
-497154281#10,42428014,6689923815,2,27.78,7.27,11
-497154281#11,6689923816,42428014,2,27.78,7.39,11
-497154281#12,6689923797,6689923816,2,27.78,66.95,11
-497154281#13,42428015,6689923797,2,27.78,7.58,11
-497154281#2,7136749255,7136749260,2,27.78,27.36,11
-497154281#3,6689923821,7136749255,2,27.78,19.0,11
-497154281#4,42428012,6689923821,2,27.78,7.35,11
-497154281#5,6689923823,42428012,2,27.78,7.5,11
-497154281#6,6689923819,6689923823,2,27.78,65.87,11
-497154281#7,42428013,6689923819,2,27.78,7.58,11
-497154281#8,6689923817,42428013,2,27.78,7.59,11
-497154281#9,6689923815,6689923817,2,27.78,66.23,11
-497165754,42432834,596775935,2,27.78,17.1,12
-497165757#0,10125227999,42432834,2,27.78,11.49,12
-497165757#1,8950382042,10125227999,2,27.78,63.62,12
-497165757#2,10165922696,8950382042,2,27.78,62.4,12
-497165757#3,42432847,10165922696,2,27.78,10.88,12
-497250986#0,5266458371,42435805,2,27.78,13.13,11
-497250986#1,10171508869,5266458371,2,27.78,65.44,11
-497250986#2,4888388399,10171508869,2,27.78,6.52,11
-497250989#0,10171098626,6431058183,2,27.78,52.01,11
-497250989#1,42435794,10171098626,2,27.78,6.87,11
-497250990#0,5266458369,42435805,2,27.78,12.83,12
-497250990#1,4888388400,5266458369,2,27.78,54.7,12
-497250991#0,10171508881,4888388400,2,27.78,56.16,12
-497250991#1,42432929,10171508881,2,27.78,12.35,12
-497250991#2,8225869606,42432929,2,27.78,12.51,12
-497250991#3,10171087499,8225869606,2,27.78,113.02,12
-497250991#4,42440144,10171087499,2,27.78,11.46,12
-497252082#0,7024563821,42438839,1,22.22,8.21,10
-497252082#1,4888361107,7024563821,1,22.22,63.75,10
-497252083#0,10171865597,42448607,1,22.22,9.5,10
-497252083#1,10170977539,10171865597,1,22.22,69.87,10
-497252083#10,5539546683,10170977525,1,22.22,30.17,10
-497252083#11,5539546686,5539546683,1,22.22,64.18,10
-497252083#12,10171129700,5539546686,1,22.22,68.62,10
-497252083#13,42438839,10171129700,1,22.22,9.05,10
-497252083#2,42448611,10170977539,1,22.22,9.08,10
-497252083#3,10170977537,42448611,1,22.22,9.01,10
-497252083#4,10170977530,10170977537,1,22.22,72.48,10
-497252083#5,42438246,10170977530,1,22.22,6.73,10
-497252083#6,10170977532,42438246,1,22.22,9.82,10
-497252083#7,10170977521,10170977532,1,22.22,145.88,10
-497252083#8,42434097,10170977521,1,22.22,7.37,10
-497252083#9,10170977525,42434097,1,22.22,7.81,10
-497252084,3898480791,42438839,1,22.22,9.13,10
-497253396,4888399301,9906826316,1,11.18,32.7,11
-497253397,9906826315,9906826314,1,11.18,64.74,11
-497253398#0,6689923789,42428020,2,27.78,13.75,11
-497253398#1,4888399302,6689923789,2,27.78,45.75,11
-497253399#0,6689923791,42428016,2,27.78,7.11,11
-497253399#1,7102342429,6689923791,2,27.78,26.31,11
-497253399#2,6689923787,7102342429,2,27.78,41.19,11
-497253399#3,42428020,6689923787,2,27.78,13.8,11
-497258109#0,10171655554,42430384,2,27.78,13.02,12
-497258109#1,6654368342,10171655554,2,27.78,89.21,12
-497258109#2,9971383727,6654368342,2,27.78,196.12,12
-497258109#3,42432818,9971383727,2,27.78,12.23,12
-497259111#0,4970503550,42447182,1,11.18,9.91,11
-497259111#1,4970497091,4970503550,1,11.18,132.47,11
-497259111#10,6216541791,6216408512,1,11.18,55.2,11
-497259111#11,42450468,6216541791,1,11.18,13.9,11
-497259111#2,42450057,4970497091,1,11.18,13.07,11
-497259111#3,4970497093,42450057,1,11.18,12.69,11
-497259111#4,8267763553,4970497093,1,11.18,137.8,11
-497259111#5,6216541785,8267763553,1,11.18,51.85,11
-497259111#6,42443068,6216541785,1,11.18,13.98,11
-497259111#7,6216541817,42443068,1,11.18,12.23,11
-497259111#8,7474630269,6216541817,1,11.18,29.87,11
-497259111#9,6216408512,7474630269,1,11.18,117.35,11
-505478248#0,10050016482,4954151929,2,27.78,12.61,11
-505478248#1,7620631148,10050016482,2,27.78,9.77,11
-505582406#0,10082626063,42435714,2,11.18,13.97,12
-505582406#1,4546351682,10082626063,2,11.18,67.6,12
-505582406#2,2698702581,4546351682,2,11.18,42.93,12
-505598707#0,8307641802,591995273,2,11.18,61.12,13
-505598707#1,42428433,8307641802,2,11.18,9.39,13
-505778913#0,10165922695,42432847,2,27.78,10.59,12
-505778913#1,5607992554,10165922695,2,27.78,67.61,12
-50603617#0,3932847282,9971314371,2,11.18,78.0,12
-50603617#1,42445387,3932847282,2,11.18,10.96,12
-509966327#0,9557110323,3099327930,1,11.18,9.89,3
-509966327#1,7448765231,9557110323,1,11.18,33.1,3
-509966327#2,5522139153,7448765231,1,11.18,59.24,3
-509966327#3,5463851654,5522139153,1,11.18,64.95,3
-509966327#4,5463851652,5463851654,1,11.18,21.4,3
-509966327#5,5463851650,5463851652,1,11.18,67.56,3
-509966327#6,5463851648,5463851650,1,11.18,18.99,3
-509966327#7,9557110374,5463851648,1,11.18,17.31,3
-509966327#8,42456831,9557110374,1,11.18,11.57,3
-511671655,42441276,42452276,1,22.22,8.21,6
-511671659,1506445822,5004570632,1,22.22,9.64,6
-511673770,3579426874,595314036,1,13.89,192.72,3
-511699179,42443807,3639382769,1,13.89,78.02,3
-511699183#0,3826754271,42437358,2,11.18,13.53,12
-511699183#1,1289222420,3826754271,2,11.18,133.79,12
-511699183#2,1289222431,1289222420,2,11.18,118.43,12
-511699183#3,8375523265,1289222431,2,11.18,32.23,12
-511699183#4,42430333,8375523265,2,11.18,14.45,12
-511930975,3099327955,42453258,2,11.18,14.78,10
-517827497#0,9338511508,1205714910,1,13.89,20.45,4
-517827497#1,8026940317,9338511508,1,13.89,159.76,4
-517827497#2,42434514,8026940317,1,13.89,37.9,4
-517827497#3,8026940326,42434514,1,13.89,6.83,4
-517827497#4,42434516,8026940326,1,13.89,12.01,4
-517827497#5,3808464456,42434516,1,13.89,3.55,4
-520349854#0,9561229779,5071822871,2,27.78,82.33,12
-520349854#1,42429228,9561229779,2,27.78,3.42,12
-520349854#10,7046318553,9561208958,2,27.78,18.98,12
-520349854#11,42429244,7046318553,2,27.78,53.8,12
-520349854#12,1544809886,42429244,2,27.78,54.26,12
-520349854#2,9561229782,42429228,2,27.78,14.51,12
-520349854#3,9561209010,9561229782,2,27.78,74.21,12
-520349854#4,42429231,9561209010,2,27.78,4.25,12
-520349854#5,9561209009,42429231,2,27.78,12.79,12
-520349854#6,42429236,9561209009,2,27.78,73.73,12
-520349854#7,9561208959,42429236,2,27.78,86.23,12
-520349854#8,42429242,9561208959,2,27.78,10.31,12
-520349854#9,9561208958,42429242,2,27.78,13.17,12
-524361790,278609934,42422283,2,11.18,15.52,12
-524382712,42440401,1919595921,1,11.18,14.04,10
-524558207,42428931,561035361,2,11.18,19.62,11
-524610937#0,4561414164,6133374846,2,11.18,44.16,12
-524610937#1,42453902,4561414164,2,11.18,9.0,12
-524816751#0,7439027752,42431611,1,11.18,10.71,3
-524816751#1,7410938053,7439027752,1,11.18,103.8,3
-524816751#2,42431614,7410938053,1,11.18,10.97,3
-524817694#0,8312361656,42452817,1,11.18,11.67,3
-524817694#1,4501889866,8312361656,1,11.18,80.07,3
-524817694#2,4501889865,4501889866,1,11.18,22.8,3
-524817694#3,4501889863,4501889865,1,11.18,11.92,3
-524817694#4,8307637699,4501889863,1,11.18,33.72,3
-524817694#5,42428411,8307637699,1,11.18,10.03,3
-525033953#0,8262308447,42432201,1,11.18,63.68,11
-525033953#1,42430828,8262308447,1,11.18,17.75,11
-525038147#0,5362212152,42444271,2,11.18,7.54,12
-525038147#1,4985377332,5362212152,2,11.18,68.83,12
-525038147#2,42440270,4985377332,2,11.18,11.27,12
-525656841#0,7138157367,42444424,1,11.18,5.54,11
-525656841#1,7138157368,7138157367,1,11.18,70.62,11
-525656841#2,6262915548,7138157368,1,11.18,5.92,11
-525656842#0,4985377341,42454798,1,11.18,10.86,11
-525656842#1,4985377346,4985377341,1,11.18,74.7,11
-525656842#2,42444424,4985377346,1,11.18,6.82,11
-525656847#0,4985377344,42454798,2,11.18,7.63,12
-525656847#1,8276468599,4985377344,2,11.18,72.24,12
-525656847#2,42429844,8276468599,2,11.18,6.47,12
-525656852#0,4985377342,42427251,2,11.18,30.1,12
-525656852#1,42454798,4985377342,2,11.18,7.67,12
-525658419#0,7139624398,42440350,2,11.18,10.17,12
-525658419#1,42427251,7139624398,2,11.18,67.72,12
-525698215#0,3212472629,42433545,1,11.18,11.21,11
-525698215#1,42457821,3212472629,1,11.18,10.26,11
-525727824,9141016318,4298764915,1,11.18,86.01,10
-525729008#0,6597464529,42437363,2,11.18,11.63,12
-525729008#1,10691086260,6597464529,2,11.18,121.46,12
-525729008#2,5651033419,10691086260,2,11.18,8.73,12
-525729008#3,10691086259,5651033419,2,11.18,9.79,12
-525729008#4,9235539540,10691086259,2,11.18,109.84,12
-525729008#5,42435663,9235539540,2,11.18,12.87,12
-526571477,4763900906,9971262467,2,11.18,29.05,11
-528755493#0,5137714777,5137747688,1,13.89,21.41,4
-528755493#1,5137743341,5137714777,1,13.89,118.32,4
-528759347,42439191,387184988,2,11.18,17.14,12
-528792682#0,3686061914,5137978709,2,11.18,36.98,12
-528792682#1,387184988,3686061914,2,11.18,4.14,12
-529713036#0,5481972112,5145330172,1,11.18,11.92,4
-529713036#1,5481972118,5481972112,1,11.18,39.8,4
-529713036#2,5481972134,5481972118,1,11.18,14.75,4
-529713036#3,5481972120,5481972134,1,11.18,2.35,4
-529713036#4,5481972131,5481972120,1,11.18,17.48,4
-529713036#5,5481972122,5481972131,1,11.18,10.1,4
-529713036#6,5481972125,5481972122,1,11.18,22.01,4
-532047247,6795524072,5163687759,1,13.89,28.12,3
-533394975#0,4300994823,42437118,1,13.89,11.61,3
-533394975#1,8310245796,4300994823,1,13.89,12.45,3
-533394975#2,5174867983,8310245796,1,13.89,34.56,3
-536917120#0,4985377327,42430848,1,11.18,35.72,3
-536917120#1,42440280,4985377327,1,11.18,10.31,3
-537122095#0,589927879,589927878,1,22.22,201.23,10
-537122095#1,5890746369,589927879,1,22.22,119.8,10
-537122095#2,589927880,5890746369,1,22.22,11.38,10
-541329577,11049420899,42439295,1,11.18,17.32,3
-541442320#0,9566927269,42428978,1,22.22,9.35,10
-541442320#1,2869154600,9566927269,1,22.22,80.08,10
-541442320#2,2869155512,2869154600,1,22.22,27.92,10
-541442320#3,9566927312,2869155512,1,22.22,107.46,10
-541442320#4,42427136,9566927312,1,22.22,9.23,10
-541442323,561035381,42428975,1,13.89,18.33,3
-542096278#0,3932847288,42445378,2,11.18,13.88,12
-542096278#1,3934635613,3932847288,2,11.18,75.77,12
-542096278#2,8119462454,3934635613,2,11.18,55.11,12
-542096278#3,42445374,8119462454,2,11.18,10.45,12
-542096280#0,8261123380,2779131559,2,11.18,34.97,12
-542096280#1,42434427,8261123380,2,11.18,13.0,12
-542215780#0,7784867914,42433564,2,11.18,7.0,11
-542215780#1,3392519877,7784867914,2,11.18,67.23,11
-542215780#2,42435308,3392519877,2,11.18,6.45,11
-542215780#3,3392519876,42435308,2,11.18,8.01,11
-542215780#4,7784867926,3392519876,2,11.18,65.31,11
-542215780#5,42421800,7784867926,2,11.18,7.19,11
-542215780#6,7784867925,42421800,2,11.18,8.26,11
-542215780#7,7784826631,7784867925,2,11.18,65.98,11
-542215780#8,42424851,7784826631,2,11.18,6.46,11
-542215781#0,7106318843,42435275,2,11.18,10.89,11
-542215781#1,6909727929,7106318843,2,11.18,68.75,11
-542215781#10,7784867908,7784867900,2,11.18,67.37,11
-542215781#11,42435301,7784867908,2,11.18,6.56,11
-542215781#12,7784867907,42435301,2,11.18,7.5,11
-542215781#13,7104620813,7784867907,2,11.18,68.13,11
-542215781#14,42424225,7104620813,2,11.18,9.65,11
-542215781#2,42432556,6909727929,2,11.18,6.17,11
-542215781#3,7784867886,42432556,2,11.18,5.67,11
-542215781#4,7784867894,7784867886,2,11.18,69.34,11
-542215781#5,42435283,7784867894,2,11.18,6.93,11
-542215781#6,7784867893,42435283,2,11.18,6.41,11
-542215781#7,7784867901,7784867893,2,11.18,66.66,11
-542215781#8,42435295,7784867901,2,11.18,7.1,11
-542215781#9,7784867900,42435295,2,11.18,7.0,11
-542259076#0,9235539543,42435663,2,11.18,13.05,12
-542259076#1,7095733937,9235539543,2,11.18,39.1,12
-542259076#2,6353650679,7095733937,2,11.18,32.04,12
-542259076#3,5858721092,6353650679,2,11.18,59.82,12
-542259076#4,9535571853,5858721092,2,11.18,117.04,12
-542259076#5,42437368,9535571853,2,11.18,14.25,12
-550514517#0,5266458360,42439861,2,27.78,11.87,12
-550514517#1,5266458368,5266458360,2,27.78,116.39,12
-550514517#2,5266458367,5266458368,2,27.78,12.82,12
-550514517#3,5266458370,5266458367,2,27.78,114.11,12
-550514517#4,42435805,5266458370,2,27.78,12.48,12
-551074012#0,3601297797,4298764923,1,11.18,23.83,10
-551074012#1,5286408252,3601297797,1,11.18,7.21,10
-551074012#2,5286408253,5286408252,1,11.18,7.13,10
-551074012#3,4298764915,5286408253,1,11.18,45.46,10
-551646029#0,42432992,42432990,1,11.18,82.53,11
-551646029#1,42432994,42432992,1,11.18,80.28,11
-551646029#2,42432999,42432994,1,11.18,82.71,11
-552379873,5333189421,5333189422,1,22.22,10.05,6
-552379874,5333189423,5333189424,1,22.22,10.4,6
-554083352,9971314375,42445382,2,11.18,95.12,12
-556075523#0,5131026390,42445390,3,11.18,13.550000000000002,12
-556075523#1,9971314371,5131026390,3,11.18,61.15,12
-557733488#0,8236461973,7732243573,1,11.18,7.51,11
-557733488#1,9557110350,8236461973,1,11.18,62.26,11
-557733488#2,42445585,9557110350,1,11.18,7.98,11
-557733488#3,9559433250,42445585,1,11.18,5.64,11
-557733488#4,9559408284,9559433250,1,11.18,66.4,11
-557733488#5,42427834,9559408284,1,11.18,7.26,11
-557733488#6,9559408285,42427834,1,11.18,7.35,11
-557733488#7,8236461971,9559408285,1,11.18,67.15,11
-557733488#8,7541804761,8236461971,1,11.18,11.68,11
-560349614#0,9566927254,42428984,2,27.78,8.88,12
-560349614#1,7604384247,9566927254,2,27.78,69.97,12
-560349614#10,7604384271,42428994,2,27.78,9.17,12
-560349614#11,7694273190,7604384271,2,27.78,38.64,12
-560349614#12,7694273195,7694273190,2,27.78,15.77,12
-560349614#13,7604384290,7694273195,2,27.78,13.53,12
-560349614#14,42428998,7604384290,2,27.78,6.91,12
-560349614#15,7604384288,42428998,2,27.78,9.2,12
-560349614#16,7604384303,7604384288,2,27.78,73.0,12
-560349614#17,42429002,7604384303,2,27.78,7.3,12
-560349614#18,7604384301,42429002,2,27.78,7.28,12
-560349614#19,7604384315,7604384301,2,27.78,67.8,12
-560349614#2,42428985,7604384247,2,27.78,8.79,12
-560349614#20,42429006,7604384315,2,27.78,7.49,12
-560349614#21,7604384313,42429006,2,27.78,7.79,12
-560349614#22,42429011,7604384313,2,27.78,61.66,12
-560349614#3,7604384245,42428985,2,27.78,8.61,12
-560349614#4,6860638330,7604384245,2,27.78,33.29,12
-560349614#5,7604384259,6860638330,2,27.78,31.7,12
-560349614#6,42428989,7604384259,2,27.78,8.23,12
-560349614#7,7604384257,42428989,2,27.78,8.33,12
-560349614#8,7604384273,7604384257,2,27.78,67.41,12
-560349614#9,42428994,7604384273,2,27.78,8.24,12
-560350513#0,5403858702,42451879,1,11.18,34.44,11
-560350513#1,8369968540,5403858702,1,11.18,0.88,11
-560350513#2,42451932,8369968540,1,11.18,164.38,11
-560788342#0,8231942803,7480301986,1,11.18,12.15,11
-560788342#1,42433549,8231942803,1,11.18,64.5,11
-560788342#2,8231942813,42433549,1,11.18,45.03,11
-560788342#3,42433550,8231942813,1,11.18,7.71,11
-560788342#4,8231942811,42433550,1,11.18,7.09,11
-560788342#5,8231954818,8231942811,1,11.18,114.07,11
-560788342#6,42433551,8231954818,1,11.18,8.63,11
-560788343#0,8307641611,7480301986,2,27.78,10.17,11
-560788343#1,8307641610,8307641611,2,27.78,20.56,11
-560788343#2,42440785,8307641610,2,27.78,7.54,11
-561084838#0,4235733234,42449017,3,11.18,7.45,12
-561084838#1,8309479616,4235733234,3,11.18,60.09,12
-561084838#10,3627218181,8309479664,3,11.18,1.7299999999999998,12
-561084838#11,3627218176,3627218181,3,11.18,66.23,12
-561084838#12,42436941,3627218176,3,11.18,7.010000000000001,12
-561084838#2,42430886,8309479616,3,11.18,6.89,12
-561084838#3,8309479615,42430886,3,11.18,7.080000000000001,12
-561084838#4,3627218178,8309479615,3,11.18,62.12,12
-561084838#5,42449886,3627218178,3,11.18,7.19,12
-561084838#6,3627218180,42449886,3,11.18,6.81,12
-561084838#7,3627218179,3627218180,3,11.18,67.51,12
-561084838#8,42446533,3627218179,3,11.18,6.669999999999999,12
-561084838#9,8309479664,42446533,3,11.18,6.32,12
-564385621#0,5403873767,42428086,1,11.18,8.02,11
-564385621#1,5403873763,5403873767,1,11.18,70.9,11
-564385621#2,42433066,5403873763,1,11.18,9.32,11
-5668966#0,3602678205,4205830390,1,27.78,27.63,11
-5668966#1,4205830391,3602678205,1,27.78,38.22,11
-5668986#0,7087041449,42421852,1,13.89,12.56,3
-5668986#1,7620561449,7087041449,1,13.89,38.06,3
-5668986#2,7598688500,7620561449,1,13.89,98.77,3
-5668986#3,7620561448,7598688500,1,13.89,75.73,3
-5668986#4,10050028843,7620561448,1,13.89,29.33,3
-5668986#5,561035342,10050028843,1,13.89,9.1,3
-5668986#6,42421857,561035342,1,13.89,22.96,3
-5668986#7,10050028848,42421857,1,13.89,7.42,3
-5668986#8,10050024776,10050028848,1,13.89,69.16,3
-5668986#9,42421865,10050024776,1,13.89,7.82,3
-5669004,6791166002,2974462027,1,11.18,13.05,3
-5669013#0,5215015525,42422026,1,11.18,15.89,3
-5669013#1,5813259929,5215015525,1,11.18,71.36,3
-5669013#2,4308240257,5813259929,1,11.18,6.98,3
-5669666#0,7395403286,42427780,1,8.94,13.35,3
-5669666#1,1763635682,7395403286,1,8.94,65.01,3
-5669666#2,42427782,1763635682,1,8.94,6.08,3
-5669691#0,1989096622,248709622,1,11.18,30.71,11
-5669691#1,42427915,1989096622,1,11.18,13.85,11
-5669709#0,4918486763,42424672,1,27.78,7.25,11
-5669709#1,4918486955,4918486763,1,27.78,63.69,11
-5669709#2,42427965,4918486955,1,27.78,10.47,11
-5669802#0,7924099693,596776164,2,11.18,10.25,11
-5669802#1,3392519871,7924099693,2,11.18,124.77,11
-5669802#2,42429324,3392519871,2,11.18,10.12,11
-5669802#3,3392519868,42429324,2,11.18,12.08,11
-5669802#4,9906879193,3392519868,2,11.18,65.59,11
-5669820#0,10128889848,42429541,1,13.89,17.69,3
-5669820#1,10129081621,10128889848,1,13.89,242.74,3
-5669820#2,42428876,10129081621,1,13.89,9.03,3
-5669846#0,9675601634,42429703,1,22.22,8.05,10
-5669846#1,9561126009,9675601634,1,22.22,156.56,10
-5669846#2,42429704,9561126009,1,22.22,9.94,10
-5669886#0,9566938950,42430022,1,11.18,18.34,3
-5669886#1,42430023,9566938950,1,11.18,7.07,3
-5669892#0,5296795596,42429752,1,11.18,10.08,12
-5669892#1,8821681996,5296795596,1,11.18,5.84,12
-5669892#10,8231927627,42430038,1,11.18,6.71,12
-5669892#11,8307642228,8231927627,1,11.18,63.35,12
-5669892#12,42430041,8307642228,1,11.18,5.98,12
-5669892#2,8231909737,8821681996,1,11.18,59.16,12
-5669892#3,42430030,8231909737,1,11.18,6.41,12
-5669892#4,8231909740,42430030,1,11.18,6.63,12
-5669892#5,8231927620,8231909740,1,11.18,60.13,12
-5669892#6,42430034,8231927620,1,11.18,6.09,12
-5669892#7,8231927623,42430034,1,11.18,6.78,12
-5669892#8,8231927624,8231927623,1,11.18,63.21,12
-5669892#9,42430038,8231927624,1,11.18,6.16,12
-5669896#0,6689923818,589298326,1,13.89,212.97,3
-5669896#1,42428013,6689923818,1,13.89,13.25,3
-5669933#0,2034011046,11107654706,1,11.18,34.64,12
-5669933#1,279151954,2034011046,1,11.18,7.32,12
-5669975#0,7844803463,42430749,2,27.78,8.08,11
-5669975#1,7844803457,7844803463,2,27.78,24.01,11
-5669975#2,595269619,7844803457,2,27.78,13.96,11
-5669990#0,9561561665,42431228,1,8.94,27.51,3
-5669990#1,42431230,9561561665,1,8.94,10.64,3
-5670010#0,4161568805,42431482,1,11.18,10.44,4
-5670010#1,589100791,4161568805,1,11.18,308.77,4
-5670087#0,5690441975,42432191,1,11.18,5.98,11
-5670087#1,4320194276,5690441975,1,11.18,21.98,11
-5670087#2,42430237,4320194276,1,11.18,18.57,11
-5670088#0,6836035789,42432218,1,13.89,7.93,3
-5670088#1,6836035784,6836035789,1,13.89,59.54,3
-5670088#2,42432220,6836035784,1,13.89,4.16,3
-5670088#3,6836035785,42432220,1,13.89,13.12,3
-5670088#4,2075592673,6836035785,1,13.89,72.87,3
-5670088#5,42432223,2075592673,1,13.89,13.97,3
-5670119#0,9166288595,42432659,1,13.89,11.22,3
-5670119#1,5478861077,9166288595,1,13.89,21.42,3
-5670119#2,5478861082,5478861077,1,13.89,41.96,3
-5670119#3,9557088460,5478861082,1,13.89,4.53,3
-5670119#4,42432665,9557088460,1,13.89,6.04,3
-5670127,42432722,42432720,1,13.89,71.77,3
-5670131#0,9561395277,42429215,1,27.78,11.71,12
-5670131#1,9561395297,9561395277,1,27.78,101.09,12
-5670131#10,7133975913,42432789,1,27.78,8.3,12
-5670131#11,4321038139,7133975913,1,27.78,100.98,12
-5670131#12,1764400286,4321038139,1,27.78,9.22,12
-5670131#2,42432795,9561395297,1,27.78,9.1,12
-5670131#3,9561395296,42432795,1,27.78,8.97,12
-5670131#4,4321038149,9561395296,1,27.78,97.6,12
-5670131#5,42427859,4321038149,1,27.78,13.23,12
-5670131#6,4321038144,42427859,1,27.78,10.97,12
-5670131#7,7271168435,4321038144,1,27.78,74.71,12
-5670131#8,7133975914,7271168435,1,27.78,26.33,12
-5670131#9,42432789,7133975914,1,27.78,9.03,12
-5670139#0,9971383724,42432818,2,27.78,12.06,12
-5670139#1,9960054857,9971383724,2,27.78,68.53,12
-5670178,5784502858,9800536167,1,11.18,83.48,3
-5670189,1773060099,588455742,1,11.18,14.38,11
-5670205#0,1805328848,42433834,2,11.18,49.72,12
-5670205#1,42426747,1805328848,2,11.18,9.62,12
-5670226#0,10129081638,42434101,1,13.89,52.58,3
-5670226#1,7732653969,10129081638,1,13.89,7.69,3
-5670226#2,7732653970,7732653969,1,13.89,20.92,3
-5670226#3,10129081632,7732653970,1,13.89,9.02,3
-5670226#4,7184120291,10129081632,1,13.89,46.36,3
-5670226#5,10128878993,7184120291,1,13.89,195.57,3
-5670226#6,42434105,10128878993,1,13.89,17.54,3
-5670238#0,4207000218,42429521,1,11.18,6.18,3
-5670238#1,4206997135,4207000218,1,11.18,65.08,3
-5670238#2,42433715,4206997135,1,11.18,10.23,3
-5670253#0,7830685375,42430394,2,11.18,11.52,11
-5670253#1,4347534780,7830685375,2,11.18,228.27,11
-5670253#2,4347534767,4347534780,2,11.18,11.52,11
-5670254#0,8310246183,42434352,1,11.18,11.74,3
-5670254#1,8569045566,8310246183,1,11.18,68.42,3
-5670254#2,42431453,8569045566,1,11.18,7.3,3
-5670254#3,8569045573,42431453,1,11.18,7.74,3
-5670254#4,9507816951,8569045573,1,11.18,66.85,3
-5670254#5,42434354,9507816951,1,11.18,6.18,3
-5670333,765367023,42435197,1,13.89,43.67,3
-5670339#0,7925258964,371218803,1,11.18,88.11,3
-5670339#1,7925258820,7925258964,1,11.18,91.93,3
-5670339#2,42435240,7925258820,1,11.18,12.37,3
-5670411#0,42435990,42435988,1,13.89,32.47,3
-5670411#1,42435993,42435990,1,13.89,25.64,3
-5670438#0,8740550831,42436283,1,13.89,7.83,3
-5670438#1,8740550824,8740550831,1,13.89,82.93,3
-5670438#2,42436285,8740550824,1,13.89,12.4,3
-5670510#0,5178498523,42436949,1,8.94,56.48,3
-5670510#1,7145875534,5178498523,1,8.94,11.18,3
-5670510#2,8309479476,7145875534,1,8.94,38.65,3
-5670510#3,42436947,8309479476,1,8.94,7.63,3
-5670512#0,8309479568,42436957,1,8.94,9.65,4
-5670512#1,8309479565,8309479568,1,8.94,210.37,4
-5670512#2,3624790934,8309479565,1,8.94,9.8,4
-5670539#0,6791440554,1506445821,1,13.89,9.08,3
-5670539#1,8385765465,6791440554,1,13.89,141.74,3
-5670539#2,42437142,8385765465,1,13.89,13.05,3
-5670540#0,10167137551,42437174,1,11.18,12.86,10
-5670540#1,3817980392,10167137551,1,11.18,142.51,10
-5670540#2,10170875043,3817980392,1,11.18,139.07,10
-5670540#3,42437177,10170875043,1,11.18,10.09,10
-5670555#0,8725182233,42437316,1,13.89,10.84,3
-5670555#1,5748721453,8725182233,1,13.89,55.74,3
-5670555#2,9569882312,5748721453,1,13.89,83.22,3
-5670555#3,42437319,9569882312,1,13.89,10.04,3
-5670574#0,5804835257,11038072550,1,11.18,33.98,11
-5670574#1,11038072465,5804835257,1,11.18,9.12,11
-5670574#2,42427335,11038072465,1,11.18,7.22,11
-5670600#0,3857334397,9971314382,2,11.18,251.95,12
-5670600#1,42430304,3857334397,2,11.18,10.53,12
-5670615#0,9559444354,42435990,1,13.89,73.94,3
-5670615#1,42437801,9559444354,1,13.89,11.93,3
-5670642#0,9561395295,42432795,1,22.22,12.2,10
-5670642#1,9561420899,9561395295,1,22.22,189.33,10
-5670642#2,42437921,9561420899,1,22.22,8.97,10
-5670642#3,9561420897,42437921,1,22.22,9.36,10
-5670642#4,9561420928,9561420897,1,22.22,158.39,10
-5670642#5,42437923,9561420928,1,22.22,9.21,10
-5670642#6,9561420926,42437923,1,22.22,8.59,10
-5670642#7,9561420936,9561420926,1,22.22,157.84,10
-5670642#8,42431242,9561420936,1,22.22,10.56,10
-5670670#0,9563821097,42428124,1,8.94,8.38,12
-5670670#1,1769708232,9563821097,1,8.94,52.65,12
-5670670#2,9563821094,1769708232,1,8.94,15.7,12
-5670670#3,9166213997,9563821094,1,8.94,8.46,12
-5670675#0,9566869987,42438186,1,13.89,13.79,3
-5670675#1,9566869994,9566869987,1,13.89,118.86,3
-5670675#10,9563795505,9550791877,1,13.89,74.62,3
-5670675#11,42429035,9563795505,1,13.89,10.83,3
-5670675#2,42438189,9566869994,1,13.89,8.43,3
-5670675#3,9566869997,42438189,1,13.89,9.79,3
-5670675#4,5403873755,9566869997,1,13.89,113.28,3
-5670675#5,42433069,5403873755,1,13.89,10.83,3
-5670675#6,5403873751,42433069,1,13.89,12.69,3
-5670675#7,9550791874,5403873751,1,13.89,97.98,3
-5670675#8,42438199,9550791874,1,13.89,8.26,3
-5670675#9,9550791877,42438199,1,13.89,9.4,3
-5670677#0,9459407318,42438224,1,13.89,89.11,3
-5670677#1,2541754747,9459407318,1,13.89,10.16,3
-5670677#2,42428873,2541754747,1,13.89,19.86,3
-5670677#3,10128823992,42428873,1,13.89,9.0,3
-5670677#4,10128660290,10128823992,1,13.89,242.21,3
-5670677#5,42438228,10128660290,1,13.89,17.61,3
-5670694#0,10098621509,595245925,1,11.18,8.81,3
-5670694#1,9900513533,10098621509,1,11.18,64.2,3
-5670694#2,595245859,9900513533,1,11.18,7.09,3
-5670694#3,9900513526,595245859,1,11.18,7.53,3
-5670694#4,9243903031,9900513526,1,11.18,65.49,3
-5670694#5,42438300,9243903031,1,11.18,10.63,3
-5670701,685164636,42438362,1,11.18,13.09,3
-5670709#0,7196107837,42435931,1,11.18,8.63,11
-5670709#1,588455701,7196107837,1,11.18,33.62,11
-5670735#0,8835729528,42438836,1,22.22,12.39,10
-5670735#1,5487817597,8835729528,1,22.22,37.76,10
-5670735#2,10171129698,5487817597,1,22.22,67.85,10
-5670735#3,42438839,10171129698,1,22.22,10.58,10
-5670738#0,7104619478,42424225,1,11.18,11.49,3
-5670738#1,3916376283,7104619478,1,11.18,99.21,3
-5670738#2,3916376281,3916376283,1,11.18,49.11,3
-5670738#3,3718672431,3916376281,1,11.18,101.13,3
-5670738#4,42438859,3718672431,1,11.18,13.46,3
-5670765,42434243,42439115,2,11.18,79.97,11
-5670795#0,7834030794,42429346,1,13.89,12.23,3
-5670795#1,42439384,7834030794,1,13.89,42.42,3
-5670859#0,1792521271,42437196,1,13.89,12.63,3
-5670859#1,42440112,1792521271,1,13.89,73.24,3
-5670859#10,10168029080,42440134,1,13.89,73.39,3
-5670859#11,42438923,10168029080,1,13.89,5.61,3
-5670859#2,42440122,42440112,1,13.89,79.39,3
-5670859#3,8250876258,42440122,1,13.89,7.27,3
-5670859#4,42440125,8250876258,1,13.89,72.48,3
-5670859#5,7004396661,42440125,1,13.89,72.97,3
-5670859#6,42429747,7004396661,1,13.89,6.67,3
-5670859#7,7004396659,42429747,1,13.89,7.88,3
-5670859#8,42440131,7004396659,1,13.89,71.45,3
-5670859#9,42440134,42440131,1,13.89,80.68,3
-5670891#0,6672749628,42440476,1,13.89,23.1,3
-5670891#1,42440472,6672749628,1,13.89,5.4,3
-5670924#0,8310246302,42440710,1,11.18,11.91,3
-5670924#1,9907956916,8310246302,1,11.18,115.66,3
-5670983#0,765251431,42437324,2,27.78,257.41,11
-5670983#1,595352897,765251431,2,27.78,125.06,11
-5670996#0,42441864,595314125,1,27.78,216.5,11
-5670996#1,42441867,42441864,1,27.78,12.86,11
-5671028#0,5708245833,42442294,1,13.89,13.68,3
-5671028#1,8307641944,5708245833,1,13.89,61.18,3
-5671028#2,42442291,8307641944,1,13.89,7.8,3
-5671030#0,1215606737,42442378,1,8.94,11.32,10
-5671030#1,42442384,1215606737,1,8.94,122.56,10
-5671030#2,9423152412,42442384,1,8.94,119.28,10
-5671030#3,42436297,9423152412,1,8.94,7.54,10
-5671030#4,8955677111,42436297,1,8.94,6.99,10
-5671030#5,42442400,8955677111,1,8.94,218.15,10
-5671084#0,4876648472,272196096,1,11.18,49.45,3
-5671084#1,42427412,4876648472,1,11.18,9.74,3
-5671086#0,10169289750,3579426871,1,13.89,12.01,3
-5671086#1,595314036,10169289750,1,13.89,42.15,3
-5671093#0,3248774424,42443280,2,11.18,13.7,11
-5671093#1,4205805390,3248774424,2,11.18,43.45,11
-5671197#0,588455857,42437135,1,11.18,25.77,12
-5671197#1,8276469284,588455857,1,11.18,5.58,12
-5671197#2,7830788122,8276469284,1,11.18,147.32,12
-5671197#3,42444116,7830788122,1,11.18,12.47,12
-5671197#4,7830788143,42444116,1,11.18,11.61,12
-5671197#5,9907939580,7830788143,1,11.18,70.84,12
-5671212#0,42444279,42444277,1,11.18,13.87,3
-5671212#1,42444293,42444279,1,11.18,32.66,3
-5671220#0,9906904529,4215936660,2,11.18,61.37,11
-5671220#1,42443353,9906904529,2,11.18,12.61,11
-5671259#0,5487852123,60915682,1,22.22,73.68,10
-5671259#1,5487851019,5487852123,1,22.22,5.72,10
-5671259#10,9561160006,42444880,1,22.22,72.46,10
-5671259#11,42444873,9561160006,1,22.22,12.95,10
-5671259#2,5487855843,5487851019,1,22.22,62.29,10
-5671259#3,42427504,5487855843,1,22.22,7.75,10
-5671259#4,5487855835,42427504,1,22.22,69.39,10
-5671259#5,42444884,5487855835,1,22.22,8.25,10
-5671259#6,9047393189,42444884,1,22.22,55.62,10
-5671259#7,42429703,9047393189,1,22.22,27.08,10
-5671259#8,9142910494,42429703,1,22.22,105.92,10
-5671259#9,42444880,9142910494,1,22.22,14.29,10
-5671283#0,10128889850,42429541,1,13.89,9.02,3
-5671283#1,10128889851,10128889850,1,13.89,61.05,3
-5671283#2,42424701,10128889851,1,13.89,5.08,3
-5671285#0,9561314674,42421785,1,13.89,8.56,3
-5671285#1,9561314676,9561314674,1,13.89,186.16,3
-5671285#2,42443520,9561314676,1,13.89,6.76,3
-5671296#0,4890621100,42438779,1,11.18,39.33,3
-5671296#1,42430131,4890621100,1,11.18,11.5,3
-5671302#0,6254630418,42445256,1,13.89,12.07,3
-5671302#1,5481897035,6254630418,1,13.89,57.98,3
-5671302#2,6254630440,5481897035,1,13.89,67.28,3
-5671302#3,596776231,6254630440,1,13.89,7.48,3
-5671307#0,1702442155,42445286,1,11.18,71.76,3
-5671307#1,42429633,1702442155,1,11.18,16.27,3
-5671307#2,10172717293,42429633,1,11.18,6.85,3
-5671307#3,8282447533,10172717293,1,11.18,68.68,3
-5671307#4,3762705796,8282447533,1,11.18,17.13,3
-5671307#5,42445291,3762705796,1,11.18,72.12,3
-5671307#6,42431635,42445291,1,11.18,86.95,3
-5671315#0,8133342865,42445365,3,11.18,10.48,12
-5671315#1,4207937589,8133342865,3,11.18,38.49,12
-5671335#0,3602649920,248709714,1,11.18,115.9,11
-5671335#1,1170604778,3602649920,1,11.18,87.55,11
-5671345#0,9561420847,42445634,1,22.22,13.88,10
-5671345#1,9561420877,9561420847,1,22.22,99.65,10
-5671345#10,9561420898,42437921,1,22.22,9.58,10
-5671345#11,9561420859,9561420898,1,22.22,97.99,10
-5671345#12,42429217,9561420859,1,22.22,11.56,10
-5671345#2,42445635,9561420877,1,22.22,8.38,10
-5671345#3,9561420879,42445635,1,22.22,10.6,10
-5671345#4,8395710040,9561420879,1,22.22,48.78,10
-5671345#5,9561420900,8395710040,1,22.22,51.14,10
-5671345#6,42427863,9561420900,1,22.22,11.25,10
-5671345#7,9561420902,42427863,1,22.22,13.02,10
-5671345#8,9561420896,9561420902,1,22.22,98.0,10
-5671345#9,42437921,9561420896,1,22.22,8.48,10
-5671353#0,9563795533,42429072,1,8.94,12.88,3
-5671353#1,10151452102,9563795533,1,8.94,15.31,3
-5671353#2,9563795535,10151452102,1,8.94,50.74,3
-5671353#3,42445689,9563795535,1,8.94,6.16,3
-5671353#4,9563795537,42445689,1,8.94,7.56,3
-5671353#5,9563795538,9563795537,1,8.94,94.81,3
-5671353#6,42442384,9563795538,1,8.94,8.16,3
-5671365#0,9509176058,593886253,1,13.89,54.91,3
-5671365#1,42432540,9509176058,1,13.89,9.21,3
-5671397#0,9561143934,42446228,1,13.89,127.07,3
-5671397#1,42444880,9561143934,1,13.89,8.61,3
-5671397#2,9561143936,42444880,1,13.89,10.64,3
-5671397#3,9561160002,9561143936,1,13.89,156.85,3
-5671397#4,42446231,9561160002,1,13.89,10.68,3
-5671397#5,9561143946,42446231,1,13.89,12.24,3
-5671397#6,9561143944,9561143946,1,13.89,19.73,3
-5671397#7,42429244,9561143944,1,13.89,11.45,3
-5671432#0,4321038141,42432789,1,22.22,11.49,10
-5671432#1,7271168431,4321038141,1,22.22,29.56,10
-5671432#10,9561420908,42431252,1,22.22,10.62,10
-5671432#11,9561420906,9561420908,1,22.22,49.51,10
-5671432#12,42446609,9561420906,1,22.22,18.36,10
-5671432#2,9561420878,7271168431,1,22.22,159.68,10
-5671432#3,42445635,9561420878,1,22.22,9.28,10
-5671432#4,9561420876,42445635,1,22.22,8.8,10
-5671432#5,9561420894,9561420876,1,22.22,159.05,10
-5671432#6,42446604,9561420894,1,22.22,8.98,10
-5671432#7,9561420893,42446604,1,22.22,8.81,10
-5671432#8,9561420910,9561420893,1,22.22,158.06,10
-5671432#9,42431252,9561420910,1,22.22,10.73,10
-5671456#0,9561557615,42445563,1,13.89,68.8,3
-5671456#1,42445054,9561557615,1,13.89,8.15,3
-5671456#2,9561566518,42445054,1,13.89,9.78,3
-5671456#3,9561566529,9561566518,1,13.89,156.29,3
-5671456#4,42446797,9561566529,1,13.89,10.8,3
-5671485#0,7083341697,42447273,1,13.89,13.49,3
-5671485#1,7083341689,7083341697,1,13.89,65.28,3
-5671485#10,10101505775,42447281,1,13.89,7.94,3
-5671485#11,10101663904,10101505775,1,13.89,62.66,3
-5671485#12,42447285,10101663904,1,13.89,8.32,3
-5671485#13,10108614604,42447285,1,13.89,9.54,3
-5671485#14,10108611206,10108614604,1,13.89,65.35,3
-5671485#15,42437916,10108611206,1,13.89,6.35,3
-5671485#16,10171363573,42437916,1,13.89,7.51,3
-5671485#17,10171363561,10171363573,1,13.89,67.86,3
-5671485#18,42421731,10171363561,1,13.89,10.72,3
-5671485#2,42447275,7083341689,1,13.89,7.25,3
-5671485#3,7083341695,42447275,1,13.89,6.5,3
-5671485#4,7115910322,7083341695,1,13.89,60.36,3
-5671485#5,7571274551,7115910322,1,13.89,6.43,3
-5671485#6,42447278,7571274551,1,13.89,6.52,3
-5671485#7,10101650874,42447278,1,13.89,7.64,3
-5671485#8,10101655892,10101650874,1,13.89,65.35,3
-5671485#9,42447281,10101655892,1,13.89,6.12,3
-5671488#0,9557110434,42447346,1,13.89,10.42,3
-5671488#1,7169239273,9557110434,1,13.89,83.75,3
-5671488#2,42447348,7169239273,1,13.89,51.51,3
-5671558#0,7135169189,1331391393,1,13.89,86.49,3
-5671558#1,42448257,7135169189,1,13.89,12.12,3
-5671568#0,6216836448,9906259297,1,11.18,51.21,3
-5671568#1,42448278,6216836448,1,11.18,12.18,3
-5671577#0,7248638332,42448406,1,11.18,27.03,3
-5671577#1,42440566,7248638332,1,11.18,13.64,3
-5671579,5163687759,42448423,1,13.89,8.08,3
-5671617#0,10171069502,42448605,1,22.22,12.36,10
-5671617#1,10171069506,10171069502,1,22.22,67.99,10
-5671617#2,42436734,10171069506,1,22.22,8.83,10
-5671620#0,3009534455,42437881,2,11.18,11.19,11
-5671620#1,3884612885,3009534455,2,11.18,25.57,11
-5671620#2,42428201,3884612885,2,11.18,8.44,11
-5671622#0,8212384291,42447348,1,13.89,67.87,3
-5671622#1,42438271,8212384291,1,13.89,7.68,3
-5671626#0,10050000053,8843765047,1,13.89,36.1,3
-5671626#1,595320307,10050000053,1,13.89,11.81,3
-5671654#0,3874681632,42448996,1,11.18,12.21,12
-5671654#1,5481848951,3874681632,1,11.18,228.35,12
-5671681#0,42449163,42446919,1,13.89,48.23,3
-5671681#1,8881193180,42449163,1,13.89,7.38,3
-5671681#2,42449166,8881193180,1,13.89,76.86,3
-5671701#0,8119193317,42436756,1,11.18,13.47,3
-5671701#1,6572026580,8119193317,1,11.18,2.13,3
-5671703#0,9561344713,42443524,1,13.89,7.55,3
-5671703#1,9561386431,9561344713,1,13.89,161.52,3
-5671703#2,42429174,9561386431,1,13.89,11.7,3
-5671710#0,10049830862,42428858,1,13.89,7.39,3
-5671710#1,10049835181,10049830862,1,13.89,68.93,3
-5671710#2,42443181,10049835181,1,13.89,8.49,3
-5671710#3,10049835183,42443181,1,13.89,9.11,3
-5671710#4,10049857024,10049835183,1,13.89,66.78,3
-5671710#5,42441077,10049857024,1,13.89,8.07,3
-5671713#0,5836025490,42445291,1,11.18,8.2,3
-5671713#1,5815643261,5836025490,1,11.18,103.13,3
-5671713#2,42446814,5815643261,1,11.18,7.85,3
-5671713#3,42446825,42446814,1,11.18,25.8,3
-5671717#0,1754817323,42444277,2,11.18,17.64,12
-5671717#1,11153640075,1754817323,2,11.18,77.69,12
-5671717#2,42437749,11153640075,2,11.18,14.57,12
-5671752#0,7135164270,42439416,1,13.89,11.76,3
-5671752#1,6185447546,7135164270,1,13.89,53.9,3
-5671774#0,3985008872,42440729,3,11.18,11.69,12
-5671774#1,5481911746,3985008872,3,11.18,46.04999999999999,12
-5671774#2,3985008875,5481911746,3,11.18,22.17,12
-5671774#3,42431459,3985008875,3,11.18,6.849999999999999,12
-5671774#4,3985008879,42431459,3,11.18,7.669999999999999,12
-5671774#5,9507816948,3985008879,3,11.18,67.02,12
-5671774#6,42449890,9507816948,3,11.18,6.56,12
-5671801#0,4872443917,42450352,1,13.89,5.62,4
-5671801#1,7661292943,4872443917,1,13.89,112.54,4
-5671801#2,4870256104,7661292943,1,13.89,46.87,4
-5671801#3,10082484574,4870256104,1,13.89,87.13,4
-5671801#4,42430747,10082484574,1,13.89,14.02,4
-5671914#0,10171865601,42427531,1,13.89,6.47,3
-5671914#1,10171865595,10171865601,1,13.89,153.59,3
-5671914#2,42448607,10171865595,1,13.89,9.24,3
-5671945#0,7103815243,42438513,1,13.89,7.18,3
-5671945#1,5163802885,7103815243,1,13.89,67.53,3
-5671945#2,42451744,5163802885,1,13.89,9.91,3
-5671964,5403858703,42442773,1,11.18,228.35,11
-5671994#0,9935939400,2512378850,2,27.78,16.0,11
-5671994#1,2504882471,9935939400,2,27.78,4.28,11
-5671994#2,4207731295,2504882471,2,27.78,42.42,11
-5672019#0,7209676823,5838916777,1,11.18,9.15,11
-5672019#1,7099250748,7209676823,1,11.18,118.12,11
-5672019#2,42435359,7099250748,1,11.18,11.41,11
-5672050#0,9561253114,1764387325,1,27.78,38.31,12
-5672050#1,42421783,9561253114,1,27.78,12.03,12
-5672060#0,7830788096,42452556,1,11.18,44.37,3
-5672060#1,5799766717,7830788096,1,11.18,7.64,3
-5672068#0,7108033371,42424439,3,27.78,11.36,11
-5672068#1,7801775766,7108033371,3,27.78,249.57000000000002,11
-5672068#2,42443381,7801775766,3,27.78,14.06,11
-5672068#3,7801775722,42443381,3,27.78,10.46,11
-5672068#4,8687882756,7801775722,3,27.78,250.03,11
-5672068#5,42442534,8687882756,3,27.78,12.160000000000002,11
-5672093#0,5173625923,42452117,1,11.18,12.29,3
-5672093#1,42432189,5173625923,1,11.18,96.9,3
-5672093#2,8310245617,42432189,1,11.18,7.38,3
-5672093#3,8310245614,8310245617,1,11.18,46.52,3
-5672093#4,42435550,8310245614,1,11.18,9.17,3
-5672107#0,8828091529,589929417,1,13.89,10.99,3
-5672107#1,5482216794,8828091529,1,13.89,27.19,3
-5672107#2,6244796721,5482216794,1,13.89,78.07,3
-5672107#3,6181709392,6244796721,1,13.89,55.79,3
-5672107#4,42452814,6181709392,1,13.89,13.71,3
-5672110#0,8312361692,42452816,1,11.18,10.67,3
-5672110#1,8312361659,8312361692,1,11.18,104.29,3
-5672110#2,42452817,8312361659,1,11.18,11.26,3
-5672135#0,7103815255,371206274,1,13.89,17.97,3
-5672135#1,42451754,7103815255,1,13.89,11.69,3
-5672138#0,5829827214,42448558,1,11.18,10.72,3
-5672138#1,1692433927,5829827214,1,11.18,124.03,3
-5672138#2,1692433928,1692433927,1,11.18,7.3,3
-5672138#3,8309478929,1692433928,1,11.18,8.3,3
-5672138#4,8309478921,8309478929,1,11.18,148.51,3
-5672138#5,42440553,8309478921,1,11.18,10.02,3
-5672148#0,4207000225,42451370,1,11.18,11.49,3
-5672148#1,8821315483,4207000225,1,11.18,3.4,3
-5672148#2,5209084625,8821315483,1,11.18,28.76,3
-5672148#3,42452994,5209084625,1,11.18,33.15,3
-5672161,748726602,42449163,1,13.89,69.7,3
-5672183#0,8309479359,42453156,1,8.94,161.1,3
-5672183#1,42453158,8309479359,1,8.94,10.51,3
-5672190#0,3817760670,42453187,1,11.18,13.23,4
-5672190#1,1729086998,3817760670,1,11.18,112.52,4
-5672190#2,1729087000,1729086998,1,11.18,22.85,4
-5672190#3,3817760026,1729087000,1,11.18,66.65,4
-5672190#4,42442913,3817760026,1,11.18,14.88,4
-5672264#0,9563795371,42453586,1,22.22,8.43,10
-5672264#1,1762373649,9563795371,1,22.22,55.82,10
-5672264#2,42443492,1762373649,1,22.22,86.28,10
-5672264#3,704441652,42443492,1,22.22,47.06,10
-5672264#4,42453591,704441652,1,22.22,97.91,10
-5672264#5,6882325998,42453591,1,22.22,96.02,10
-5672264#6,42429104,6882325998,1,22.22,11.13,10
-5672303#0,7924346736,42453709,1,13.89,105.97,3
-5672303#1,42443081,7924346736,1,13.89,13.63,3
-5672303#2,7924346803,42443081,1,13.89,12.55,3
-5672303#3,42453714,7924346803,1,13.89,96.53,3
-5672309#0,7616666755,42438224,1,13.89,21.94,3
-5672309#1,595313982,7616666755,1,13.89,22.98,3
-5672389#0,9897810848,5316108106,2,11.18,196.15,11
-5672389#1,42442463,9897810848,2,11.18,12.25,11
-5672392#0,9484666552,42427206,1,8.94,8.75,3
-5672392#1,9484666548,9484666552,1,8.94,66.27,3
-5672392#2,42454089,9484666548,1,8.94,6.36,3
-5672398#0,7595748179,42430981,1,11.18,14.23,4
-5672398#1,10045967175,7595748179,1,11.18,48.13,4
-5672398#2,42454120,10045967175,1,11.18,2.58,4
-5672418#0,5163273913,42435522,1,13.89,12.09,3
-5672418#1,589298105,5163273913,1,13.89,79.71,3
-5672434,5416901182,9907978318,1,11.18,184.99,3
-5672493#0,7046287192,42454551,1,22.22,129.78,10
-5672493#1,42444873,7046287192,1,22.22,9.49,10
-5672515#0,4918486746,42448329,3,11.18,8.26,11
-5672515#1,4918486736,4918486746,3,11.18,64.66,11
-5672515#2,42454660,4918486736,3,11.18,8.9,11
-5672515#3,4918486732,42454660,3,11.18,8.8,11
-5672515#4,7248638336,4918486732,3,11.18,68.4,11
-5672515#5,42432871,7248638336,3,11.18,13.51,11
-5672550#0,7138157371,42444242,1,11.18,8.09,11
-5672550#1,4985377338,7138157371,1,11.18,74.81,11
-5672550#2,42452708,4985377338,1,11.18,7.76,11
-5672550#3,4985377336,42452708,1,11.18,8.57,11
-5672550#4,4985377343,4985377336,1,11.18,38.6,11
-5672550#5,42454798,4985377343,1,11.18,10.67,11
-5672559#0,8725170815,42439724,1,22.22,10.38,10
-5672559#1,8725170814,8725170815,1,22.22,33.46,10
-5672559#2,2064854960,8725170814,1,22.22,135.22,10
-5672559#3,42442684,2064854960,1,22.22,14.32,10
-5672571#0,6886295086,3579432162,1,13.89,12.41,3
-5672571#1,6886294931,6886295086,1,13.89,243.35,3
-5672571#2,1506599378,6886294931,1,13.89,8.22,3
-5672571#3,1506591534,1506599378,1,13.89,21.65,3
-5672621#0,3783146176,42440401,1,8.94,11.45,10
-5672621#1,7977832480,3783146176,1,8.94,43.17,10
-5672621#2,42453607,7977832480,1,8.94,7.44,10
-5672646#0,7977873286,42444833,1,8.94,7.59,11
-5672646#1,8309479376,7977873286,1,8.94,59.06,11
-5672646#2,42434233,8309479376,1,8.94,6.76,11
-5672646#3,8309479375,42434233,1,8.94,6.94,11
-5672646#4,8309479403,8309479375,1,8.94,64.44,11
-5672646#5,42455181,8309479403,1,8.94,6.53,11
-5672646#6,8309479402,42455181,1,8.94,6.59,11
-5672646#7,8309479396,8309479402,1,8.94,62.39,11
-5672646#8,42449029,8309479396,1,8.94,6.63,11
-5672660#0,10165997000,42440104,1,13.89,8.05,3
-5672660#1,10165997005,10165997000,1,13.89,21.93,3
-5672660#2,42447317,10165997005,1,13.89,9.93,3
-5672662#0,9566869961,42454102,1,22.22,9.27,10
-5672662#1,8740550818,9566869961,1,22.22,70.9,10
-5672662#10,8740550771,8740550789,1,22.22,64.89,10
-5672662#11,42450275,8740550771,1,22.22,6.94,10
-5672662#12,8740550776,42450275,1,22.22,7.22,10
-5672662#13,8740550843,8740550776,1,22.22,59.49,10
-5672662#14,42455337,8740550843,1,22.22,9.16,10
-5672662#2,42445675,8740550818,1,22.22,6.8,10
-5672662#3,8740550821,42445675,1,22.22,6.7,10
-5672662#4,8740550802,8740550821,1,22.22,71.32,10
-5672662#5,42436288,8740550802,1,22.22,8.65,10
-5672662#6,8740550809,42436288,1,22.22,9.27,10
-5672662#7,8740550785,8740550809,1,22.22,63.33,10
-5672662#8,42455335,8740550785,1,22.22,6.63,10
-5672662#9,8740550789,42455335,1,22.22,7.36,10
-5672699,42453613,42449874,1,11.18,13.36,10
-5672715#0,4161568866,42437830,1,11.18,10.26,4
-5672715#1,5178499892,4161568866,1,11.18,59.15,4
-5672715#2,5145327520,5178499892,1,11.18,39.53,4
-5672715#3,5145330172,5145327520,1,11.18,13.83,4
-5672722#0,7998566475,42445562,1,13.89,27.76,3
-5672722#1,9561557613,7998566475,1,13.89,37.33,3
-5672722#2,42445051,9561557613,1,13.89,7.77,3
-5672752#0,10170842508,42440022,2,27.78,13.44,12
-5672752#1,2653473655,10170842508,2,27.78,67.85,12
-5672752#2,8785244287,2653473655,2,27.78,82.84,12
-5672752#3,6456258924,8785244287,2,27.78,3.39,12
-5672752#4,42428329,6456258924,2,27.78,11.52,12
-5672922#0,3546132354,42430761,1,11.18,19.07,3
-5672922#1,8309469093,3546132354,1,11.18,89.29,3
-5672922#2,42431519,8309469093,1,11.18,5.9,3
-5672922#3,8309469090,42431519,1,11.18,5.85,3
-5672922#4,8309469097,8309469090,1,11.18,125.12,3
-5672922#5,42431773,8309469097,1,11.18,6.08,3
-5672986#0,11032985329,42444108,1,11.18,10.72,11
-5672986#1,205025778,11032985329,1,11.18,23.92,11
-5672986#2,4158749895,205025778,1,11.18,9.91,11
-5672991#0,3955360021,42443804,2,11.18,76.41,12
-5672991#1,42445916,3955360021,2,11.18,11.67,12
-5673033#0,9561561656,42457282,1,8.94,10.76,3
-5673033#1,7150484631,9561561656,1,8.94,15.28,3
-5673033#2,9561561634,7150484631,1,8.94,49.61,3
-5673033#3,42453638,9561561634,1,8.94,4.47,3
-5673054#0,42445672,1253602816,1,13.89,344.31,3
-5673054#1,42436283,42445672,1,13.89,88.76,3
-5673054#2,8740550838,42436283,1,13.89,136.33,3
-5673054#3,42442764,8740550838,1,13.89,12.56,3
-5673064#0,8929221218,42442400,1,8.94,74.44,10
-5673064#1,42427216,8929221218,1,8.94,9.1,10
-5673069#0,6882325997,42429100,1,8.94,12.2,3
-5673069#1,6882325999,6882325997,1,8.94,65.07,3
-5673069#2,42454300,6882325999,1,8.94,6.28,3
-5673078#0,7689146643,42431898,2,11.18,11.11,12
-5673078#1,42433834,7689146643,2,11.18,58.09,12
-5673083#0,6254816604,9448174588,2,11.18,71.17,11
-5673083#1,596776260,6254816604,2,11.18,8.7,11
-5673179#0,8119193326,1632878994,1,11.18,13.6,3
-5673179#1,4244408921,8119193326,1,11.18,168.76,3
-5673179#2,5131059180,4244408921,1,11.18,60.25,3
-5673179#3,7888069589,5131059180,1,11.18,4.4,3
-5673179#4,1632878962,7888069589,1,11.18,6.07,3
-5673220#0,10055113541,42442596,1,13.89,11.19,3
-5673220#1,7180979635,10055113541,1,13.89,61.46,3
-5673220#2,8396052844,7180979635,1,13.89,13.79,3
-5673220#3,10170977536,8396052844,1,13.89,55.75,3
-5673220#4,42448611,10170977536,1,13.89,9.25,3
-5673220#5,8835729566,42448611,1,13.89,9.1,3
-5673220#6,42427538,8835729566,1,13.89,194.41,3
-5673236#0,10122953003,42447199,2,11.18,9.07,10
-5673236#1,42458342,10122953003,2,11.18,133.67,10
-5673236#2,596776497,42458342,2,11.18,25.34,10
-5673236#3,10167086802,596776497,2,11.18,133.21,10
-5673236#4,42446161,10167086802,2,11.18,11.77,10
-5673296#0,9561395268,42432799,1,8.94,7.18,11
-5673296#1,5490791117,9561395268,1,8.94,29.73,11
-5673296#2,9561395290,5490791117,1,8.94,18.11,11
-5673296#3,42441009,9561395290,1,8.94,13.56,11
-5673326#0,10170977559,42438836,1,22.22,13.92,10
-5673326#1,10168100430,10170977559,1,22.22,240.15,10
-5673326#2,561035349,10168100430,1,22.22,11.07,10
-5673349#0,7624356309,42458943,1,11.18,23.66,3
-5673349#1,42438301,7624356309,1,11.18,8.65,3
-5673372#0,4918486734,42454660,1,11.18,13.7,3
-5673372#1,42448423,4918486734,1,11.18,53.46,3
-5673424#0,8279851199,42433543,1,11.18,74.61,11
-5673424#1,42433542,8279851199,1,11.18,7.71,11
-5673424#2,9631550569,42433542,1,11.18,5.9,11
-5673424#3,8279851184,9631550569,1,11.18,40.52,11
-5673424#4,42433539,8279851184,1,11.18,5.76,11
-5673424#5,8279851187,42433539,1,11.18,8.78,11
-5673424#6,8279851181,8279851187,1,11.18,126.12,11
-5673424#7,11153640070,8279851181,1,11.18,93.13,11
-5673424#8,42433537,11153640070,1,11.18,6.12,11
-5673456,9906826312,9906826311,1,11.18,113.0,11
-5673511,42445804,42459636,1,13.89,19.49,3
-5673526,42444305,42455588,1,11.18,115.67,3
-5673532#0,10612369360,42446849,1,11.18,15.05,3
-5673532#1,1702442163,10612369360,1,11.18,55.04,3
-5673547#0,9561229765,42455705,1,22.22,15.17,10
-5673547#1,9561229760,9561229765,1,22.22,64.13,10
-5673547#2,42427873,9561229760,1,22.22,13.79,10
-5673605#0,8262308740,42454325,1,11.18,11.54,3
-5673605#1,8262308722,8262308740,1,11.18,69.05,3
-5673605#2,42429412,8262308722,1,11.18,8.15,3
-569361666,42432990,5475725288,1,11.18,34.18,11
-569361671#0,748726614,5475725289,1,11.18,29.48,11
-569361671#1,7043552833,748726614,1,11.18,17.42,11
-569361676,42432985,5475725290,1,11.18,37.5,11
-569369532#0,10171098624,42435794,2,27.78,8.71,11
-569369532#1,5481863725,10171098624,2,27.78,22.18,11
-569369532#2,10171069662,5481863725,2,27.78,42.97,11
-569369532#3,42435802,10171069662,2,27.78,5.71,11
-569369532#4,10171069658,42435802,2,27.78,7.94,11
-569369532#5,10171069686,10171069658,2,27.78,65.23,11
-569369532#6,42435803,10171069686,2,27.78,7.09,11
-569369532#7,10171069689,42435803,2,27.78,7.87,11
-569369532#8,10171508876,10171069689,2,27.78,66.04,11
-569369532#9,42435805,10171508876,2,27.78,12.09,11
-569369535#0,10168029045,42435785,1,11.18,6.69,11
-569369535#1,6431058183,10168029045,1,11.18,15.62,11
-569369536#0,10168029052,5475792646,1,11.18,20.4,11
-569369536#1,42435785,10168029052,1,11.18,11.43,11
-571651963#0,8119462494,42445374,2,11.18,11.05,12
-571651963#1,9971314381,8119462494,2,11.18,99.71,12
-577976189,5539478574,5539478573,1,22.22,21.49,10
-577976192#0,2428684163,5539478574,1,22.22,83.83,10
-577976192#1,2423522427,2428684163,1,22.22,98.06,10
-577976192#2,8835729540,2423522427,1,22.22,73.13,10
-577976192#3,42427735,8835729540,1,22.22,6.31,10
-579565233#0,10597902959,5542680313,1,13.89,5.4,3
-579565233#1,5542680312,10597902959,1,13.89,6.25,3
-579565236#0,10597902945,5550244688,1,13.89,5.96,3
-579565236#1,5550244689,10597902945,1,13.89,7.39,3
-581134346#0,10165997007,42447317,1,13.89,7.3,3
-581134346#1,10187643802,10165997007,1,13.89,65.2,3
-581134346#2,42446778,10187643802,1,13.89,7.33,3
-581134346#3,6814306906,42446778,1,13.89,7.01,3
-581134346#4,6814306896,6814306906,1,13.89,66.68,3
-581134346#5,42437188,6814306896,1,13.89,11.37,3
-581476634,42428978,561035382,1,22.22,17.46,10
-584850087,42428973,561035380,1,27.78,18.33,11
-584850102#0,9557088459,42432665,1,13.89,6.8,3
-584850102#1,9557088464,9557088459,1,13.89,66.74,3
-584850102#2,42432669,9557088464,1,13.89,5.76,3
-584971388,595352897,587934079,1,27.78,25.6,11
-584971389,761293078,42441823,1,27.78,9.81,11
-584971390#0,7779641281,9178805724,1,11.18,82.2,11
-584971390#1,42450456,7779641281,1,11.18,10.43,11
-584971393#0,8714998590,42450071,1,11.18,13.63,10
-584971393#1,10166326205,8714998590,1,11.18,0.69,10
-584971393#2,10122953004,10166326205,1,11.18,131.69,10
-584971393#3,42447199,10122953004,1,11.18,9.25,10
-584971395#0,3919350741,42434140,2,11.18,7.9,12
-584971395#1,5590991384,3919350741,2,11.18,45.43,12
-584971404#0,9563662426,42454553,2,27.78,12.89,12
-584971404#1,42446231,9563662426,2,27.78,72.53,12
-584971408,595473050,595481001,1,27.78,31.41,11
-584971419,9906892370,7066686013,1,11.18,40.65,11
-584971432#0,9897810876,42442463,2,11.18,12.48,11
-584971432#1,8709392072,9897810876,2,11.18,128.65,11
-584971432#2,1061531454,8709392072,2,11.18,10.85,11
-584971439#0,6691104521,4888399302,2,27.78,22.14,11
-584971439#1,42428022,6691104521,2,27.78,6.83,11
-584971443,5619144361,42438832,1,11.18,76.48,3
-584971448#0,4207313540,42436477,2,11.18,11.16,11
-584971448#1,4207903863,4207313540,2,11.18,103.03,11
-584971454#0,3562587906,42436492,2,27.78,13.66,11
-584971454#1,7740583793,3562587906,2,27.78,146.47,11
-584971454#2,4207313503,7740583793,2,27.78,44.94,11
-584971454#3,42428007,4207313503,2,27.78,12.44,11
-584971459#0,4207313499,42428007,1,27.78,11.41,11
-584971459#1,6670244835,4207313499,1,27.78,67.36,11
-584971459#2,42428005,6670244835,1,27.78,10.56,11
-584971463#0,6670244831,42428010,2,27.78,7.41,11
-584971463#1,6877054650,6670244831,2,27.78,21.08,11
-584971463#2,6877054643,6877054650,2,27.78,25.37,11
-584971463#3,4207313504,6877054643,2,27.78,20.03,11
-584971463#4,42428007,4207313504,2,27.78,12.71,11
-584971469#0,6670244844,42427991,2,27.78,7.47,11
-584971469#1,9729779305,6670244844,2,27.78,34.5,11
-584971469#2,7837088618,9729779305,2,27.78,30.02,11
-584971469#3,42427985,7837088618,2,27.78,7.51,11
-584971474#0,6670244838,42428005,2,27.78,8.32,11
-584971474#1,6670244841,6670244838,2,27.78,64.57,11
-584971474#2,42428003,6670244841,2,27.78,8.99,11
-584971474#3,6670244842,42428003,2,27.78,8.87,11
-584971474#4,7837088631,6670244842,2,27.78,62.52,11
-584971474#5,42427996,7837088631,2,27.78,8.84,11
-584971474#6,7837088640,42427996,2,27.78,6.07,11
-584971474#7,6670244846,7837088640,2,27.78,65.45,11
-584971474#8,42427991,6670244846,2,27.78,10.72,11
-584971499#0,8261044794,593915303,2,11.18,40.44,12
-584971499#1,42430633,8261044794,2,11.18,16.65,12
-584971501#0,3998699937,42455643,2,11.18,12.4,12
-584971501#1,9989925888,3998699937,2,11.18,158.94,12
-584971501#2,4215913814,9989925888,2,11.18,42.99,12
-584971510#0,5836025492,42429630,1,11.18,7.4,3
-584971510#1,42429595,5836025492,1,11.18,25.73,3
-584971513,42431630,42431629,1,11.18,26.43,3
-584971516#0,5216346768,42446800,1,11.18,10.7,3
-584971516#1,42429630,5216346768,1,11.18,12.66,3
-584971522#0,11013387608,607911351,1,13.89,59.44,4
-584971522#1,607911362,11013387608,1,13.89,8.14,4
-584971524#0,11033263682,9907939580,1,11.18,87.56,12
-584971524#1,42444123,11033263682,1,11.18,6.98,12
-584971524#2,4489003010,42444123,1,11.18,10.58,12
-584971524#3,42444129,4489003010,1,11.18,7.05,12
-584971525#0,11153640074,42437749,1,11.18,16.29,11
-584971525#1,1541937939,11153640074,1,11.18,67.15,11
-584971525#10,2496639020,4382842420,1,11.18,88.74,11
-584971525#11,8279851259,2496639020,1,11.18,116.61,11
-584971525#12,42437755,8279851259,1,11.18,7.61,11
-584971525#13,8279851256,42437755,1,11.18,5.63,11
-584971525#14,7490239500,8279851256,1,11.18,33.56,11
-584971525#15,496707003,7490239500,1,11.18,12.03,11
-584971525#2,42437753,1541937939,1,11.18,5.97,11
-584971525#3,3884569949,42437753,1,11.18,5.42,11
-584971525#4,11153640076,3884569949,1,11.18,65.35,11
-584971525#5,42431992,11153640076,1,11.18,8.38,11
-584971525#6,11153640078,42431992,1,11.18,6.73,11
-584971525#7,4382842419,11153640078,1,11.18,56.68,11
-584971525#8,42437124,4382842419,1,11.18,7.99,11
-584971525#9,4382842420,42437124,1,11.18,7.43,11
-584971528#0,7837165572,4207881093,1,11.18,36.31,11
-584971528#1,42435253,7837165572,1,11.18,7.17,11
-584971530#0,4216045848,42449023,1,8.94,8.24,11
-584971530#1,4216055440,4216045848,1,8.94,59.69,11
-584971530#2,42430914,4216055440,1,8.94,7.38,11
-584971531#0,4216045840,42430914,1,8.94,8.31,11
-584971531#1,8309479501,4216045840,1,8.94,62.05,11
-584971531#2,42454997,8309479501,1,8.94,5.83,11
-584971531#3,8309479500,42454997,1,8.94,6.51,11
-584971531#4,8309479546,8309479500,1,8.94,68.42,11
-584971531#5,42446552,8309479546,1,8.94,6.25,11
-584971531#6,8309479545,42446552,1,8.94,6.4,11
-584971531#7,8309479555,8309479545,1,8.94,67.97,11
-584971531#8,42436944,8309479555,1,8.94,6.8,11
-584971532#0,4216045852,42434148,1,8.94,7.7,11
-584971532#1,4216045838,4216045852,1,8.94,60.92,11
-584971532#2,42449023,4216045838,1,8.94,6.88,11
-586133544#0,9561420922,42427867,1,22.22,11.61,10
-586133544#1,9561420895,9561420922,1,22.22,99.61,10
-586133544#2,42446604,9561420895,1,22.22,10.79,10
-586133544#3,9561420892,42446604,1,22.22,8.42,10
-586133544#4,7070909371,9561420892,1,22.22,38.84,10
-586133544#5,9561420843,7070909371,1,22.22,60.44,10
-586133544#6,1764405361,9561420843,1,22.22,6.15,10
-586133545#0,9561420920,42455509,1,8.94,8.03,10
-586133545#1,42453349,9561420920,1,8.94,72.66,10
-586133545#2,8952453920,42453349,1,8.94,86.36,10
-586133545#3,42429220,8952453920,1,8.94,12.62,10
-587038012,4276517126,42445867,1,11.18,9.93,11
-587038050#0,8279851448,42430004,1,11.18,12.01,3
-587038050#1,6150637877,8279851448,1,11.18,45.37,3
-587038050#2,6456908260,6150637877,1,11.18,88.0,3
-587038050#3,10039501934,6456908260,1,11.18,3.91,3
-587038082#0,10125255943,5607992554,2,27.78,64.67,12
-587038082#1,42432856,10125255943,2,27.78,8.84,12
-587038129#0,3932847287,9971314378,1,11.18,33.15,12
-587038129#1,42445378,3932847287,1,11.18,13.68,12
-587038175#0,6176390174,42432861,3,11.18,14.76,12
-587038175#1,4215909068,6176390174,3,11.18,26.66,12
-587061820#0,10167086805,42446161,1,11.18,12.43,10
-587061820#1,10167137548,10167086805,1,11.18,131.95,10
-587061820#2,42437174,10167137548,1,11.18,12.19,10
-587061842#0,10170834266,42443085,1,11.18,13.45,10
-587061842#1,10166326201,10170834266,1,11.18,190.86,10
-587061842#2,42450071,10166326201,1,11.18,12.17,10
-587061846#0,3562587900,42436486,2,27.78,13.41,11
-587061846#1,3562587901,3562587900,2,27.78,189.95,11
-587061846#2,42436489,3562587901,2,27.78,11.93,11
-587061846#3,3562587904,42436489,2,27.78,14.77,11
-587061846#4,3562587905,3562587904,2,27.78,202.36,11
-587061846#5,42436492,3562587905,2,27.78,13.66,11
-587061855#0,9668787079,42443336,1,11.18,11.97,11
-587061855#1,3235708627,9668787079,1,11.18,249.24,11
-587061855#2,6207264908,3235708627,1,11.18,10.6,11
-587061857#0,9906826294,9906826295,2,11.18,51.06,11
-587061857#1,42446021,9906826294,2,11.18,9.8,11
-587355676#0,10121802252,5610570649,2,27.78,91.37,12
-587355676#1,42432861,10121802252,2,27.78,13.59,12
-588314387,61272284,5619144360,1,13.89,8.49,3
-588314388,42438306,5619144361,1,13.89,9.16,3
-589494596#0,8261123388,42437670,3,11.18,13.21,12
-589494596#1,6905716423,8261123388,3,11.18,51.52,12
-591772210#0,7641718054,42440810,2,11.18,7.86,13
-591772210#1,8307641565,7641718054,2,11.18,60.59,13
-591772210#2,42427316,8307641565,2,11.18,8.01,13
-591772210#3,8307641567,42427316,2,11.18,9.76,13
-591772210#4,8307641786,8307641567,2,11.18,48.86,13
-591772210#5,5706569898,8307641786,2,11.18,8.39,13
-591772210#6,8307641788,5706569898,2,11.18,10.28,13
-591772210#7,591995273,8307641788,2,11.18,76.78,13
-592374690#0,7138043096,5653832464,2,11.18,30.24,11
-592374690#1,7138030353,7138043096,2,11.18,40.87,11
-592374690#2,6070360952,7138030353,2,11.18,16.36,11
-592374690#3,6162473819,6070360952,2,11.18,13.08,11
-60251942,42432990,42456979,1,13.89,45.64,3
-611258687#0,8262308351,42432208,1,11.18,10.84,11
-611258687#1,42432211,8262308351,1,11.18,46.29,11
-611258687#2,6213315373,42432211,1,11.18,66.2,11
-611258687#3,42429378,6213315373,1,11.18,8.64,11
-61133358#0,5266458355,42444452,2,27.78,10.12,12
-61133358#1,4207752451,5266458355,2,27.78,30.2,12
-616745173#0,9679181059,42434355,1,11.18,7.89,3
-616745173#1,9679181058,9679181059,1,11.18,60.38,3
-616745173#2,42434357,9679181058,1,11.18,6.71,3
-616745176#0,9679181042,42434357,1,11.18,7.54,3
-616745176#1,10172843046,9679181042,1,11.18,59.37,3
-616745176#2,42434358,10172843046,1,11.18,7.16,3
-617425347,4207932665,5481846617,2,27.78,13.51,12
-61914064#0,9563795478,42429083,1,8.94,12.75,3
-61914064#1,9563795437,9563795478,1,8.94,67.92,3
-61914064#2,42436296,9563795437,1,8.94,6.34,3
-61914064#3,9423152413,42436296,1,8.94,7.17,3
-61914064#4,10057037402,9423152413,1,8.94,71.99,3
-61914064#5,9423152414,10057037402,1,8.94,41.77,3
-61914064#6,42436297,9423152414,1,8.94,7.69,3
-61914065#0,748725145,42443486,1,13.89,59.6,3
-61914065#1,9563795377,748725145,1,13.89,10.05,3
-61914065#2,42443488,9563795377,1,13.89,6.28,3
-619277987#0,5278263670,5278266721,1,11.18,9.43,3
-619277987#1,42429910,5278263670,1,11.18,63.68,3
-619277987#2,8119193331,42429910,1,11.18,87.32,3
-619277987#3,42429918,8119193331,1,11.18,13.32,3
-620748646,4515465264,42427894,1,22.22,12.05,10
-620748647,42439673,4515465264,2,27.78,20.03,12
-621557577#0,2032551989,60927823,1,27.78,160.96,11
-621557577#1,60927825,2032551989,1,27.78,8.23,11
-621557578,60927827,595441960,1,27.78,23.61,11
-621557579,595441960,60927825,1,27.78,82.13,11
-623836435#0,9561566537,1764400318,1,22.22,6.3,10
-623836435#1,9561566536,9561566537,1,22.22,32.98,10
-623836435#2,42455493,9561566536,1,22.22,14.16,10
-623836436,1764400318,42452495,1,22.22,10.51,10
-623836438#0,42431260,42431262,2,11.18,115.58,12
-623836438#1,9561208926,42431260,2,11.18,10.34,12
-623836438#2,9561566545,9561208926,2,11.18,155.84,12
-623836438#3,42431257,9561566545,2,11.18,14.64,12
-623836443,1763748995,5890982665,2,27.78,18.65,12
-626221794#0,7637834795,4207854754,3,27.78,38.56,11
-626221794#1,42430747,7637834795,3,27.78,7.3,11
-627805511#0,9492542202,42431002,2,11.18,7.8,11
-627805511#1,4207854764,9492542202,2,11.18,30.86,11
-627805512#0,6856776749,1722116498,2,27.78,23.28,11
-627805512#1,9374838668,6856776749,2,27.78,53.93,11
-627805512#2,42431000,9374838668,2,27.78,9.88,11
-627805515#0,5117940776,3377387929,2,27.78,10.18,11
-627805515#1,1722116498,5117940776,2,27.78,6.65,11
-627805516#0,6841543645,3371304342,2,27.78,21.19,11
-627805516#1,3377387929,6841543645,2,27.78,23.18,11
-627805517,3371304342,3371304332,2,27.78,36.03,11
-627805518#0,3884632731,3377387920,1,27.78,16.6,11
-627805518#1,3371304332,3884632731,1,27.78,8.77,11
-628093103#0,42454012,42454010,1,13.89,12.05,3
-628093103#1,1577501048,42454012,1,13.89,41.95,3
-628093103#2,42450814,1577501048,1,13.89,65.58,3
-630828555#0,10172843042,42434358,1,11.18,7.29,3
-630828555#1,9558740376,10172843042,1,11.18,61.07,3
-630828555#2,42434360,9558740376,1,11.18,5.93,3
-630828562#0,10165997011,42431210,1,13.89,73.95,3
-630828562#1,42447317,10165997011,1,13.89,7.22,3
-630828563#0,10168029076,42438923,1,13.89,9.09,3
-630828563#1,6824030335,10168029076,1,13.89,64.22,3
-630828563#2,42440138,6824030335,1,13.89,7.05,3
-630828565#0,9903127421,42434251,2,11.18,81.74,11
-630828565#1,42434255,9903127421,2,11.18,7.99,11
-630828566#0,9150629557,42434246,2,11.18,10.94,11
-630828566#1,8008242716,9150629557,2,11.18,242.99,11
-630828566#2,42434249,8008242716,2,11.18,12.89,11
-630828566#3,8008242719,42434249,2,11.18,12.72,11
-630828566#4,42434251,8008242719,2,11.18,83.69,11
-630828567#0,10166154728,42439601,1,22.22,9.37,10
-630828567#1,7784459410,10166154728,1,22.22,67.57,10
-630828567#2,42432961,7784459410,1,22.22,12.07,10
-630828592#0,8309479191,5590991384,2,11.18,17.89,12
-630828592#1,42434196,8309479191,2,11.18,6.53,12
-630828592#2,8309479192,42434196,2,11.18,8.46,12
-630828592#3,8309479199,8309479192,2,11.18,58.44,12
-630828592#4,4015190382,8309479199,2,11.18,7.44,12
-630828594#0,8310246182,42434352,1,11.18,7.49,3
-630828594#1,3985008871,8310246182,1,11.18,133.25,3
-630828594#2,42440729,3985008871,1,11.18,13.65,3
-630828599,278609934,5706568672,2,11.18,16.61,12
-653406301#0,4778174562,42440838,2,11.18,16.31,13
-653406301#1,4142105813,4778174562,2,11.18,37.54,13
-655255187#0,6440842970,42431990,1,11.18,7.0,3
-655255187#1,6139477291,6440842970,1,11.18,61.89,3
-655255187#10,42435920,496707000,1,11.18,38.65,3
-655255187#11,7113914108,42435920,1,11.18,31.24,3
-655255187#12,8279851228,7113914108,1,11.18,41.92,3
-655255187#13,5706568658,8279851228,1,11.18,9.64,3
-655255187#2,42435910,6139477291,1,11.18,5.99,3
-655255187#3,6139477280,42435910,1,11.18,5.98,3
-655255187#4,2496639019,6139477280,1,11.18,96.82,3
-655255187#5,2496650740,2496639019,1,11.18,31.2,3
-655255187#6,8279851214,2496650740,1,11.18,85.5,3
-655255187#7,42435916,8279851214,1,11.18,7.64,3
-655255187#8,8279851211,42435916,1,11.18,6.78,3
-655255187#9,496707000,8279851211,1,11.18,25.85,3
-656827422#0,4024169244,279151954,1,13.89,14.06,4
-656827422#1,4379778651,4024169244,1,13.89,4.66,4
-656827422#2,3274291207,4379778651,1,13.89,7.9,4
-658006856,4779073679,6162473819,2,27.78,13.82,11
-658097764,3274291207,607911362,1,13.89,9.42,4
-659714535#0,4918486759,42424672,3,11.18,7.89,11
-659714535#1,4918486741,4918486759,3,11.18,64.51,11
-659714535#2,42448329,4918486741,3,11.18,10.67,11
-661227257#0,7802856370,7802856352,2,11.18,9.08,11
-661227257#1,7802856343,7802856370,2,11.18,6.04,11
-661227257#10,7802856374,7802856372,2,11.18,7.12,11
-661227257#11,7802856347,7802856374,2,11.18,64.97,11
-661227257#12,7802856356,7802856347,2,11.18,7.35,11
-661227257#13,7802856358,7802856356,2,11.18,7.06,11
-661227257#14,7802856357,7802856358,2,11.18,64.88,11
-661227257#15,42435272,7802856357,2,11.18,7.24,11
-661227257#16,7802856350,42435272,2,11.18,7.24,11
-661227257#17,7106318844,7802856350,2,11.18,68.04,11
-661227257#18,42435275,7106318844,2,11.18,13.8,11
-661227257#2,7802856373,7802856343,2,11.18,61.53,11
-661227257#3,7802856341,7802856373,2,11.18,6.89,11
-661227257#4,7802856362,7802856341,2,11.18,7.82,11
-661227257#5,7802856364,7802856362,2,11.18,64.14,11
-661227257#6,7802856349,7802856364,2,11.18,6.84,11
-661227257#7,7802856368,7802856349,2,11.18,7.95,11
-661227257#8,7802856367,7802856368,2,11.18,65.31,11
-661227257#9,7802856372,7802856367,2,11.18,7.14,11
-663630710#0,6211334191,6211332483,1,11.18,4.5,3
-663630710#1,8307463659,6211334191,1,11.18,9.48,3
-663630710#2,42429390,8307463659,1,11.18,55.1,3
-664893485#0,10171865587,42435810,2,11.18,7.18,11
-664893485#1,42435814,10171865587,2,11.18,72.28,11
-664893485#10,10171599213,10171603021,2,11.18,63.88,11
-664893485#11,42429538,10171599213,2,11.18,7.22,11
-664893485#12,10171599212,42429538,2,11.18,8.0,11
-664893485#13,10171603029,10171599212,2,11.18,65.68,11
-664893485#14,42434113,10171603029,2,11.18,5.93,11
-664893485#15,10171603028,42434113,2,11.18,7.74,11
-664893485#16,10170605777,10171603028,2,11.18,65.06,11
-664893485#17,42435837,10170605777,2,11.18,6.3,11
-664893485#18,10170605774,42435837,2,11.18,8.17,11
-664893485#19,10187641086,10170605774,2,11.18,67.56,11
-664893485#2,10705287274,42435814,2,11.18,71.65,11
-664893485#20,42435844,10187641086,2,11.18,10.04,11
-664893485#21,10187641085,42435844,2,11.18,10.18,11
-664893485#22,10170605783,10187641085,2,11.18,68.5,11
-664893485#23,42435850,10170605783,2,11.18,6.17,11
-664893485#24,10170605787,42435850,2,11.18,8.03,11
-664893485#25,10170605805,10170605787,2,11.18,64.87,11
-664893485#26,42435852,10170605805,2,11.18,6.48,11
-664893485#27,10170605801,42435852,2,11.18,7.85,11
-664893485#28,10166154753,10170605801,2,11.18,65.34,11
-664893485#29,42435856,10166154753,2,11.18,6.09,11
-664893485#3,1905863520,10705287274,2,11.18,7.58,11
-664893485#30,10166154755,42435856,2,11.18,7.64,11
-664893485#31,5378413082,10166154755,2,11.18,32.64,11
-664893485#32,8008242771,5378413082,2,11.18,32.33,11
-664893485#33,42435858,8008242771,2,11.18,6.45,11
-664893485#34,8008167305,42435858,2,11.18,7.86,11
-664893485#35,5378420476,8008167305,2,11.18,31.48,11
-664893485#36,8008242770,5378420476,2,11.18,33.78,11
-664893485#37,42433785,8008242770,2,11.18,6.44,11
-664893485#38,8008242769,42433785,2,11.18,7.29,11
-664893485#39,7594452129,8008242769,2,11.18,36.9,11
-664893485#4,10705287271,1905863520,2,11.18,6.27,11
-664893485#40,8008242768,7594452129,2,11.18,26.83,11
-664893485#41,42435860,8008242768,2,11.18,7.65,11
-664893485#42,8008242767,42435860,2,11.18,8.31,11
-664893485#43,8008242694,8008242767,2,11.18,64.33,11
-664893485#44,42435861,8008242694,2,11.18,6.52,11
-664893485#45,8008242766,42435861,2,11.18,7.13,11
-664893485#46,8008242702,8008242766,2,11.18,65.83,11
-664893485#47,42435863,8008242702,2,11.18,6.41,11
-664893485#48,8008242701,42435863,2,11.18,7.61,11
-664893485#49,8008242710,8008242701,2,11.18,64.75,11
-664893485#5,5481907293,10705287271,2,11.18,67.39,11
-664893485#50,42435865,8008242710,2,11.18,6.6,11
-664893485#51,8008242709,42435865,2,11.18,8.91,11
-664893485#52,8008242718,8008242709,2,11.18,64.72,11
-664893485#53,42434249,8008242718,2,11.18,12.19,11
-664893485#54,8008242717,42434249,2,11.18,13.17,11
-664893485#55,8008242726,8008242717,2,11.18,64.26,11
-664893485#56,42435869,8008242726,2,11.18,7.42,11
-664893485#57,8008242725,42435869,2,11.18,7.51,11
-664893485#58,8008242735,8008242725,2,11.18,64.83,11
-664893485#59,42435873,8008242735,2,11.18,6.97,11
-664893485#6,10705254142,5481907293,2,11.18,11.47,11
-664893485#60,8008242734,42435873,2,11.18,8.16,11
-664893485#61,8008242743,8008242734,2,11.18,64.61,11
-664893485#62,42435876,8008242743,2,11.18,6.56,11
-664893485#63,8008242742,42435876,2,11.18,8.33,11
-664893485#64,8008242751,8008242742,2,11.18,63.94,11
-664893485#65,42434308,8008242751,2,11.18,6.97,11
-664893485#66,8008242750,42434308,2,11.18,7.9,11
-664893485#67,42435880,8008242750,2,11.18,34.83,11
-664893485#68,8008242760,42435880,2,11.18,33.04,11
-664893485#69,42435881,8008242760,2,11.18,6.74,11
-664893485#7,10171603022,10705254142,2,11.18,58.74,11
-664893485#70,8008242759,42435881,2,11.18,7.58,11
-664893485#71,8008242779,8008242759,2,11.18,64.6,11
-664893485#72,42435885,8008242779,2,11.18,7.13,11
-664893485#73,8008242778,42435885,2,11.18,7.32,11
-664893485#74,8008242786,8008242778,2,11.18,64.91,11
-664893485#75,42435891,8008242786,2,11.18,7.01,11
-664893485#76,8008242785,42435891,2,11.18,7.66,11
-664893485#77,8008242794,8008242785,2,11.18,64.56,11
-664893485#78,42435894,8008242794,2,11.18,7.29,11
-664893485#79,8008242793,42435894,2,11.18,6.97,11
-664893485#8,42435825,10171603022,2,11.18,9.78,11
-664893485#80,8008242802,8008242793,2,11.18,65.62,11
-664893485#81,42435898,8008242802,2,11.18,6.5,11
-664893485#82,8008242801,42435898,2,11.18,8.12,11
-664893485#83,7670739115,8008242801,2,11.18,52.57,11
-664893485#84,8008242809,7670739115,2,11.18,14.6,11
-664893485#85,589927879,8008242809,2,11.18,10.5,11
-664893485#86,8008242813,589927879,2,11.18,10.47,11
-664893485#87,9520382031,8008242813,2,11.18,31.84,11
-664893485#88,9520381969,9520382031,2,11.18,61.1,11
-664893485#89,5691974669,9520381969,2,11.18,5.33,11
-664893485#9,10171603021,42435825,2,11.18,10.54,11
-664893485#90,9520382020,5691974669,2,11.18,20.33,11
-664893485#91,42424576,9520382020,2,11.18,41.73,11
-664903778,6223571522,6223571521,1,22.22,19.19,7
-664903779,6223571524,6223571523,1,22.22,19.12,7
-665503121#0,4301308507,42444835,1,8.94,9.13,3
-665503121#1,3239828790,4301308507,1,8.94,110.97,3
-665503121#2,4301308523,3239828790,1,8.94,45.13,3
-665503121#3,3884582051,4301308523,1,8.94,32.22,3
-665503121#4,42444837,3884582051,1,8.94,7.08,3
-666752576#0,3670742441,42438784,1,11.18,9.98,3
-666752576#1,3670742474,3670742441,1,11.18,74.64,3
-666752576#2,42428493,3670742474,1,11.18,10.85,3
-669610146,2797042863,60927819,1,27.78,79.61,11
-669685948#0,8276468601,42429844,2,11.18,5.68,12
-669685948#1,6133374846,8276468601,2,11.18,16.64,12
-670519221,42435624,6279091713,1,11.18,8.16,11
-671201389#0,7641718035,6123654602,2,11.18,44.87,13
-671201389#1,42440810,7641718035,2,11.18,7.85,13
-671845942#0,10127369907,42432900,1,11.18,10.99,11
-671845942#1,10171219247,10127369907,1,11.18,74.86,11
-671845942#2,42429735,10171219247,1,11.18,7.72,11
-675967321#0,7641718026,42437589,2,11.18,8.65,12
-675967321#1,9929805721,7641718026,2,11.18,125.55,12
-675967321#2,42437580,9929805721,2,11.18,7.1,12
-675967321#3,4202950101,42437580,2,11.18,6.69,12
-679616478#0,9569882301,6363741213,1,27.78,29.85,11
-679616478#1,42442684,9569882301,1,27.78,9.79,11
-680889662,1544809872,42427507,1,13.89,21.86,3
-68196311#0,9566927276,42427133,1,27.78,10.31,11
-68196311#1,2869154557,9566927276,1,27.78,86.43,11
-68196311#2,2499827795,2869154557,1,27.78,17.49,11
-68196311#3,595352889,2499827795,1,27.78,25.02,11
-68196312#0,9569897422,11107581284,1,11.18,27.08,11
-68196312#1,2499803009,9569897422,1,11.18,15.36,11
-68196323#0,9569897424,42433027,1,27.78,15.9,11
-68196323#1,2499803004,9569897424,1,27.78,11.0,11
-68196323#2,9566927279,2499803004,1,27.78,93.55,11
-68196323#3,561035380,9566927279,1,27.78,13.02,11
-68196325#0,9566927275,42427133,1,27.78,10.46,11
-68196325#1,5552273903,9566927275,1,27.78,57.16,11
-682359868,248708582,42455929,2,11.18,23.15,12
-682850452,9609713318,42448570,1,11.18,18.07,10
-68325079#0,10168212456,4207932665,2,27.78,153.55,12
-68325079#1,42437371,10168212456,2,27.78,13.62,12
-68668521#0,5356470560,4207683795,2,11.18,20.82,11
-68668521#1,5356470555,5356470560,2,11.18,66.77,11
-68668521#2,7134524482,5356470555,2,11.18,23.46,11
-68668521#3,5684427051,7134524482,2,11.18,30.81,11
-68668521#4,9832349990,5684427051,2,11.18,14.82,11
-68668522#0,6795524043,42448326,2,11.18,13.77,11
-68668522#1,6293701619,6795524043,2,11.18,88.74,11
-68668522#2,4918486739,6293701619,2,11.18,103.87,11
-68668522#3,42448329,4918486739,2,11.18,13.7,11
-68668523#0,5403873761,42433066,1,11.18,10.56,11
-68668523#1,5403873759,5403873761,1,11.18,56.63,11
-68668523#10,5403873745,5403873748,1,11.18,59.17,11
-68668523#11,42433075,5403873745,1,11.18,8.48,11
-68668523#12,5403873746,42433075,1,11.18,8.87,11
-68668523#13,5403868155,5403873746,1,11.18,70.63,11
-68668523#14,42433077,5403868155,1,11.18,7.36,11
-68668523#15,5403868154,42433077,1,11.18,7.41,11
-68668523#16,5403868150,5403868154,1,11.18,70.7,11
-68668523#17,42433080,5403868150,1,11.18,8.51,11
-68668523#18,5403868152,42433080,1,11.18,9.56,11
-68668523#19,5403868147,5403868152,1,11.18,63.17,11
-68668523#2,42433068,5403873759,1,11.18,5.75,11
-68668523#20,42433097,5403868147,1,11.18,6.44,11
-68668523#21,5403868145,42433097,1,11.18,7.31,11
-68668523#22,5403868143,5403868145,1,11.18,65.25,11
-68668523#23,42433107,5403868143,1,11.18,6.8,11
-68668523#24,5403868144,42433107,1,11.18,7.19,11
-68668523#25,5403868138,5403868144,1,11.18,60.28,11
-68668523#26,42433115,5403868138,1,11.18,8.5,11
-68668523#3,5403873757,42433068,1,11.18,7.81,11
-68668523#4,5403873754,5403873757,1,11.18,61.53,11
-68668523#5,42433069,5403873754,1,11.18,8.34,11
-68668523#6,5403873752,42433069,1,11.18,10.14,11
-68668523#7,5403873750,5403873752,1,11.18,57.9,11
-68668523#8,42433072,5403873750,1,11.18,6.64,11
-68668523#9,5403873748,42433072,1,11.18,8.6,11
-68668524#0,9906887427,4888399301,1,11.18,132.78,11
-68668524#1,3785451353,9906887427,1,11.18,2.74,11
-68668524#2,42451744,3785451353,1,11.18,11.4,11
-68668526#0,4161568336,42440743,1,11.18,12.03,11
-68668526#1,9882223234,4161568336,1,11.18,63.45,11
-68668526#2,9882223232,9882223234,1,11.18,85.84,11
-68668526#3,4298757077,9882223232,1,11.18,41.71,11
-68668526#4,42439006,4298757077,1,11.18,9.87,11
-68668529#0,6298391914,9971314370,2,11.18,33.23,12
-68668529#1,3932847294,6298391914,2,11.18,21.69,12
-68668529#2,42445390,3932847294,2,11.18,13.53,12
-68668533#0,8709392078,42428653,2,11.18,10.41,11
-68668533#1,8727756097,8709392078,2,11.18,81.92,11
-68668533#2,42431019,8727756097,2,11.18,12.93,11
-68668533#3,8727756101,42431019,2,11.18,11.64,11
-68668533#4,9906904523,8727756101,2,11.18,87.2,11
-68668543#0,6216836407,42448278,2,11.18,11.16,10
-68668543#1,5482321447,6216836407,2,11.18,81.77,10
-68668543#2,4980851585,5482321447,2,11.18,109.98,10
-68668543#3,42456115,4980851585,2,11.18,12.56,10
-68668548#0,7732571914,5266458373,2,27.78,107.77,12
-68668548#1,42438066,7732571914,2,27.78,17.63,12
-68668548#2,10049953217,42438066,2,27.78,0.83,12
-68668548#3,7732571915,10049953217,2,27.78,18.37,12
-68668549#0,7784826665,42433743,1,27.78,11.19,11
-68668549#1,5481882807,7784826665,1,27.78,41.45,11
-68668549#2,7024230434,5481882807,1,27.78,168.94,11
-68668549#3,7801821428,7024230434,1,27.78,10.11,11
-68668549#4,4016646214,7801821428,1,27.78,9.8,11
-68668550#0,9703359671,42428931,2,11.18,8.78,11
-68668550#1,6878336548,9703359671,2,11.18,39.68,11
-68668550#2,42434264,6878336548,2,11.18,87.71,11
-68668555#0,7801775755,4205805398,2,27.78,27.34,11
-68668555#1,42428714,7801775755,2,27.78,9.39,11
-68668557#0,10170862029,2711029280,3,11.18,13.69,11
-68668557#1,7248638331,10170862029,3,11.18,191.19999999999996,11
-68668557#2,42432871,7248638331,3,11.18,13.81,11
-68668559#0,5043084238,42437962,1,11.18,8.84,11
-68668559#1,5043074383,5043084238,1,11.18,30.11,11
-68668559#2,42452076,5043074383,1,11.18,6.55,11
-68668559#3,5043074387,42452076,1,11.18,5.63,11
-68668559#4,5041370335,5043074387,1,11.18,56.68,11
-68668559#5,42440686,5041370335,1,11.18,6.4,11
-68668559#6,5041370331,42440686,1,11.18,5.75,11
-68668559#7,5041369241,5041370331,1,11.18,56.38,11
-68668559#8,42452084,5041369241,1,11.18,11.73,11
-68668560#0,8699239255,42428674,2,11.18,10.77,11
-68668560#1,9492556589,8699239255,2,11.18,98.56,11
-68668560#2,42431037,9492556589,2,11.18,13.65,11
-68668563#0,8740550839,42442764,1,11.18,7.36,11
-68668563#1,9566892707,8740550839,1,11.18,64.57,11
-68668563#2,42442766,9566892707,1,11.18,7.64,11
-68668563#3,9566892705,42442766,1,11.18,6.61,11
-68668563#4,9566892702,9566892705,1,11.18,59.3,11
-68668563#5,42442770,9566892702,1,11.18,9.95,11
-68674958#0,5707949012,42430989,2,27.78,10.45,11
-68674958#1,3371304327,5707949012,2,27.78,44.26,11
-68674958#2,6828500177,3371304327,2,27.78,17.69,11
-68674958#3,3377387917,6828500177,2,27.78,5.94,11
-68674958#4,3377387920,3377387917,2,27.78,24.49,11
-68674963,42421745,6900903299,1,27.78,9.77,11
-68674967#0,10171241040,42435341,2,27.78,73.63,11
-68674967#1,42435343,10171241040,2,27.78,5.99,11
-68674970#0,10165996971,42435763,1,22.22,12.21,10
-68674970#1,10165996962,10165996971,1,22.22,119.12,10
-68674970#2,42437188,10165996962,1,22.22,9.2,10
-690415944#0,9561208942,6477406870,1,27.78,43.99,11
-690415944#1,42427877,9561208942,1,27.78,22.67,11
-690415948,6477406870,6477406867,1,27.78,30.23,11
-696491643#0,8261122956,5481848951,2,27.78,18.87,12
-696491643#1,42430664,8261122956,2,27.78,9.52,12
-696491645#0,4604294526,42430651,3,11.18,7.07,12
-696491645#1,8261122903,4604294526,3,11.18,63.43,12
-696491645#2,42430646,8261122903,3,11.18,8.53,12
-698300970#0,9048936995,595472989,1,22.22,1.77,10
-698300970#1,42455059,9048936995,1,22.22,7.9,10
-698300970#2,2797305762,42455059,1,22.22,7.56,10
-698300970#3,9550791762,2797305762,1,22.22,65.19,10
-698300970#4,42428082,9550791762,1,22.22,6.31,10
-698300970#5,9550791761,42428082,1,22.22,7.96,10
-698300970#6,9550791856,9550791761,1,22.22,71.23,10
-698300970#7,42444060,9550791856,1,22.22,9.42,10
-699843297,42449390,6572026580,1,11.18,146.66,3
-710571390#0,10125255944,6680686985,2,27.78,7.35,12
-710571390#1,11043134785,10125255944,2,27.78,31.36,12
-712156464#0,8109512240,3786876211,1,13.89,58.43,4
-712156464#1,371206270,8109512240,1,13.89,6.96,4
-717537135#0,7834025534,9906879191,2,11.18,128.75,11
-717537135#1,42428037,7834025534,2,11.18,12.57,11
-727135244#0,42442642,42442638,1,27.78,78.79,11
-727135244#1,42442645,42442642,1,27.78,79.96,11
-727135244#2,42438024,42442645,1,27.78,78.48,11
-727135244#3,42442651,42438024,1,27.78,85.75,11
-730895492#0,5482216773,5481998054,1,11.18,48.03,3
-730895492#1,4980851608,5482216773,1,11.18,32.41,3
-730895492#2,42433513,4980851608,1,11.18,7.35,3
-732543750#0,6859615805,6859615817,1,11.18,48.37,3
-732543750#1,42437410,6859615805,1,11.18,6.07,3
-732794019#0,6814307791,42442571,1,27.78,6.44,11
-732794019#1,7618358570,6814307791,1,27.78,30.97,11
-732794019#10,1506445711,10168673718,1,27.78,7.76,11
-732794019#11,10168673717,1506445711,1,27.78,6.84,11
-732794019#12,4384311766,10168673717,1,27.78,65.05,11
-732794019#13,42442575,4384311766,1,27.78,7.64,11
-732794019#14,7004386028,42442575,1,27.78,6.71,11
-732794019#15,3907629309,7004386028,1,27.78,68.1,11
-732794019#16,42437142,3907629309,1,27.78,11.35,11
-732794019#17,3907629310,42437142,1,27.78,11.12,11
-732794019#18,3347295531,3907629310,1,27.78,24.56,11
-732794019#2,6814307796,7618358570,1,27.78,36.37,11
-732794019#3,42437222,6814307796,1,27.78,5.99,11
-732794019#4,6814307798,42437222,1,27.78,7.87,11
-732794019#5,5689234155,6814307798,1,27.78,26.13,11
-732794019#6,8251054455,5689234155,1,27.78,37.9,11
-732794019#7,6166969757,8251054455,1,27.78,8.36,11
-732794019#8,10168667111,6166969757,1,27.78,7.19,11
-732794019#9,10168673718,10168667111,1,27.78,65.39,11
-733393249#0,10169289725,3579426871,1,13.89,9.81,3
-733393249#1,595314040,10169289725,1,13.89,36.56,3
-733393250#0,7785881434,595314040,1,13.89,33.81,3
-733393250#1,5004570632,7785881434,1,13.89,9.0,3
-734561425#0,8725182300,5552273903,1,27.78,40.22,11
-734561425#1,42427128,8725182300,1,27.78,10.25,11
-734561425#10,9935939366,9935939362,1,27.78,66.67,11
-734561425#11,42427115,9935939366,1,27.78,8.33,11
-734561425#12,9935939365,42427115,1,27.78,6.47,11
-734561425#13,9935939369,9935939365,1,27.78,66.52,11
-734561425#14,42427112,9935939369,1,27.78,7.72,11
-734561425#15,9935939370,42427112,1,27.78,6.86,11
-734561425#16,9935939381,9935939370,1,27.78,118.36,11
-734561425#17,42427086,9935939381,1,27.78,8.97,11
-734561425#2,5552274521,42427128,1,27.78,7.47,11
-734561425#3,8725182304,5552274521,1,27.78,5.67,11
-734561425#4,9935939358,8725182304,1,27.78,59.79,11
-734561425#5,42427126,9935939358,1,27.78,9.57,11
-734561425#6,9935939359,42427126,1,27.78,6.42,11
-734561425#7,9935939363,9935939359,1,27.78,66.75,11
-734561425#8,42427122,9935939363,1,27.78,7.0,11
-734561425#9,9935939362,42427122,1,27.78,7.23,11
-734640621,42432785,1764400286,1,27.78,10.15,12
-734864200#0,6882378484,1764400302,2,27.78,6.47,12
-734864200#1,6882396892,6882378484,2,27.78,3.26,12
-734864200#2,4207702054,6882396892,2,27.78,36.92,12
-735034318#0,9492556536,42431067,1,11.18,6.43,10
-735034318#1,9492542191,9492556536,1,11.18,64.85,10
-735034318#2,42431078,9492542191,1,11.18,6.86,10
-735173276#0,42441953,42441952,1,27.78,78.37,11
-735173276#1,42434264,42441953,1,27.78,86.46,11
-739591695#0,8231945175,42437770,1,11.18,13.28,3
-739591695#1,7196173211,8231945175,1,11.18,136.98,3
-739591695#2,42437773,7196173211,1,11.18,12.11,3
-739591695#3,11038072209,42437773,1,11.18,7.1,3
-739591695#4,5804425630,11038072209,1,11.18,5.12,3
-739591695#5,8310246531,5804425630,1,11.18,79.14,3
-739591695#6,42432000,8310246531,1,11.18,8.44,3
-742007046,6946139598,6946139606,1,11.18,48.99,11
-742007048,1740694097,7103600835,1,11.18,27.0,11
-742007049,7103600835,1834852936,2,11.18,43.95,11
-745528452#0,2052329270,595729841,2,27.78,30.16,12
-745528452#1,42429215,2052329270,2,27.78,24.7,12
-745528453#0,9561386479,42429212,2,27.78,6.09,12
-745528453#1,595729841,9561386479,2,27.78,27.52,12
-745675478#0,9566869991,42442738,2,27.78,19.91,11
-745675478#1,42442741,9566869991,2,27.78,7.4,11
-745675478#2,9566869990,42442741,2,27.78,8.22,11
-745675478#3,4207702049,9566869990,2,27.78,4.38,11
-747825744#0,6996564318,6996574387,2,27.78,38.76,11
-747825744#1,42441382,6996564318,2,27.78,7.06,11
-747825750#0,6996574513,42441382,1,27.78,7.13,11
-747825750#1,595314119,6996574513,1,27.78,55.65,11
-747908051#0,3569749107,6997311896,2,11.18,34.03,12
-747908051#1,42455929,3569749107,2,11.18,8.29,12
-747908052#0,4011396596,42442937,2,11.18,13.85,12
-747908052#1,6997311897,4011396596,2,11.18,23.62,12
-747908053,9140884584,6997311897,1,11.18,102.14,12
-75359816#0,3874650162,42453417,1,11.18,12.37,3
-75359816#1,2565683776,3874650162,1,11.18,6.77,3
-753884976,5475725288,7043552833,1,11.18,36.03,11
-755709407#0,7138030356,7067139595,1,11.18,34.51,3
-755709407#1,9906275218,7138030356,1,11.18,57.07,3
-755709407#2,3900964267,9906275218,1,11.18,10.37,3
-755709407#3,6070217080,3900964267,1,11.18,33.54,3
-755709407#4,42443056,6070217080,1,11.18,13.13,3
-756449859,4205805398,7065533341,2,27.78,37.21,11
-756632802#0,6181709393,7067139597,1,11.18,9.74,3
-756632802#1,7067139595,6181709393,1,11.18,30.25,3
-760433110,7103649691,1170604778,1,11.18,42.81,11
-760433111,248709626,6946139599,1,11.18,48.19,11
-760433114,248709733,7103600841,1,11.18,104.43,11
-760433117,248709714,248709733,1,11.18,42.99,11
-760433119,6946139599,7103649691,1,11.18,142.8,11
-760433120,6946139606,248709626,1,11.18,24.8,11
-760433122,7103600841,1740694097,1,11.18,27.06,11
-760727183,7106607090,42443194,1,11.18,29.85,11
-760727188,7106580382,42443263,1,11.18,8.45,11
-760727192,7106580378,7106580382,1,11.18,44.66,11
-760727194#0,5596409839,7106580378,1,11.18,148.39,11
-760727194#1,42443194,5596409839,1,11.18,312.84,11
-760748048,2059304018,2059304015,1,11.18,34.44,11
-760748052,2059304024,2059304018,1,11.18,75.07,11
-763299975,42422592,4906056159,1,27.78,12.18,11
-763303894#0,2029349869,42441867,1,27.78,76.85,11
-763303894#1,42425348,2029349869,1,27.78,10.17,11
-763971141#0,3601295704,7137281963,1,11.18,25.63,3
-763971141#1,9832349994,3601295704,1,11.18,25.07,3
-763971141#2,3111984536,9832349994,1,11.18,91.77,3
-763971141#3,9968663365,3111984536,1,11.18,69.15,3
-767372817#0,7499263660,42445630,1,11.18,6.77,12
-767372817#1,8270654723,7499263660,1,11.18,61.73,12
-767372817#2,4375208206,8270654723,1,11.18,6.49,12
-767729564#0,7004347450,7168010780,1,13.89,32.07,3
-767729564#1,1504153626,7004347450,1,13.89,12.39,3
-770524298#0,5813259913,246866810,2,11.18,5.8,3
-770524298#1,7838207516,5813259913,2,11.18,19.23,3
-778007334#0,10170977553,42434098,1,27.78,9.91,11
-778007334#1,10170977549,10170977553,1,27.78,62.6,11
-778007334#2,42435997,10170977549,1,27.78,8.75,11
-778007334#3,10170977547,42435997,1,27.78,5.74,11
-778007334#4,10170977561,10170977547,1,27.78,74.06,11
-778007334#5,42438836,10170977561,1,27.78,9.75,11
-781311947#0,6207264917,42442480,2,11.18,13.66,11
-781311947#1,10039783370,6207264917,2,11.18,112.07,11
-781311947#2,1061531603,10039783370,2,11.18,11.56,11
-783787945#0,7924346800,7320943370,1,13.89,3.78,3
-783787945#1,7925258722,7924346800,1,13.89,38.15,3
-783787945#2,596800103,7925258722,1,13.89,5.97,3
-798930995#0,7925259014,42438095,1,13.89,29.4,3
-798930995#1,7925258881,7925259014,1,13.89,15.94,3
-798930995#2,42438112,7925258881,1,13.89,8.04,3
-798930996#0,7925258999,42438112,1,13.89,85.98,3
-798930996#1,42438118,7925258999,1,13.89,91.0,3
-798930997#0,42438124,42438118,1,13.89,52.92,3
-798930997#1,6407227996,42438124,1,13.89,49.04,3
-798930997#2,42432324,6407227996,1,13.89,51.4,3
-799505585#0,7612920600,42431262,2,11.18,2.53,12
-799505585#1,7477194677,7612920600,2,11.18,53.6,12
-799505586#0,7612920602,595776445,2,27.78,121.32,12
-799505586#1,371337239,7612920602,2,27.78,15.63,12
-800923646,42441950,7491182059,1,22.22,9.69,6
-800923649,42441949,7491182055,1,22.22,9.38,6
-800924520,42441947,7491225319,1,22.22,9.21,6
-801680803#0,4492750460,7499043385,1,11.18,8.19,3
-801680803#1,42437786,4492750460,1,11.18,10.2,3
-802292178#0,7802856375,9915560878,2,11.18,48.74,11
-802292178#1,7802856365,7802856375,2,11.18,9.65,11
-803060436#0,7135169195,42448257,1,13.89,7.85,3
-803060436#1,6352970543,7135169195,1,13.89,65.81,3
-803060436#10,6352970531,6352970550,1,13.89,66.87,3
-803060436#11,42451773,6352970531,1,13.89,6.73,3
-803060436#12,6352970515,42451773,1,13.89,7.26,3
-803060436#13,6352970530,6352970515,1,13.89,65.2,3
-803060436#14,42445757,6352970530,1,13.89,7.64,3
-803060436#15,6352970542,42445757,1,13.89,7.33,3
-803060436#16,6352970546,6352970542,1,13.89,65.58,3
-803060436#17,42436556,6352970546,1,13.89,7.89,3
-803060436#2,42435522,6352970543,1,13.89,7.39,3
-803060436#3,6352970533,42435522,1,13.89,7.75,3
-803060436#4,5163273892,6352970533,1,13.89,65.39,3
-803060436#5,42451766,5163273892,1,13.89,6.79,3
-803060436#6,5163273872,42451766,1,13.89,8.5,3
-803060436#7,5163273900,5163273872,1,13.89,66.74,3
-803060436#8,42429348,5163273900,1,13.89,12.31,3
-803060436#9,6352970550,42429348,1,13.89,12.01,3
-804521765#0,7480410400,7480410410,1,11.18,5.85,11
-804521765#1,7480410401,7480410400,1,11.18,64.64,11
-804521765#2,42440798,7480410401,1,11.18,8.41,11
-806169765#0,10170606869,42435755,1,11.18,7.53,11
-806169765#1,10173400460,10170606869,1,11.18,66.61,11
-806169765#10,5481863728,10168010410,1,11.18,22.32,11
-806169765#11,10168010406,5481863728,1,11.18,42.48,11
-806169765#12,4708064890,10168010406,1,11.18,7.3,11
-806169765#13,10168010402,4708064890,1,11.18,7.92,11
-806169765#14,10127369912,10168010402,1,11.18,64.32,11
-806169765#15,42435775,10127369912,1,11.18,6.96,11
-806169765#16,10127369910,42435775,1,11.18,7.32,11
-806169765#17,10168029022,10127369910,1,11.18,65.93,11
-806169765#18,42429741,10168029022,1,11.18,6.71,11
-806169765#2,42435761,10173400460,1,11.18,5.64,11
-806169765#3,10173400459,42435761,1,11.18,7.85,11
-806169765#4,10165996970,10173400459,1,11.18,66.42,11
-806169765#5,42435763,10165996970,1,11.18,11.2,11
-806169765#6,10165996969,42435763,1,11.18,13.22,11
-806169765#7,10168010414,10165996969,1,11.18,66.02,11
-806169765#8,42435766,10168010414,1,11.18,6.66,11
-806169765#9,10168010410,42435766,1,11.18,8.39,11
-806341215#0,4876645531,42440639,1,11.18,6.58,3
-806341215#1,5215013217,4876645531,1,11.18,71.88,3
-806341215#2,42437401,5215013217,1,11.18,8.93,3
-806341217#0,10612369340,42440628,1,11.18,30.42,3
-806341217#1,42440639,10612369340,1,11.18,7.08,3
-806472902#0,8262308723,42429412,1,11.18,6.25,3
-806472902#1,8262308728,8262308723,1,11.18,66.64,3
-806472902#2,42431154,8262308728,1,11.18,8.8,3
-809013919#0,6458959584,6791166002,1,11.18,26.33,3
-809013919#1,5118033532,6458959584,1,11.18,29.59,3
-809013919#2,42421982,5118033532,1,11.18,11.45,3
-813956617#0,7977832456,42444832,1,8.94,7.91,10
-813956617#1,4216045828,7977832456,1,8.94,58.76,10
-813956617#10,4216045835,4216045832,1,8.94,61.18,10
-813956617#11,42430924,4216045835,1,8.94,7.25,10
-813956617#12,4216045798,42430924,1,8.94,7.26,10
-813956617#13,8309479494,4216045798,1,8.94,63.28,10
-813956617#14,42455007,8309479494,1,8.94,6.28,10
-813956617#15,8309479493,42455007,1,8.94,6.14,10
-813956617#16,8309479486,8309479493,1,8.94,69.18,10
-813956617#17,42446562,8309479486,1,8.94,5.92,10
-813956617#18,8309479485,42446562,1,8.94,6.46,10
-813956617#19,8309479478,8309479485,1,8.94,67.78,10
-813956617#2,42434226,4216045828,1,8.94,6.99,10
-813956617#20,42436947,8309479478,1,8.94,7.24,10
-813956617#21,8309479477,42436947,1,8.94,7.5,10
-813956617#22,4298781040,8309479477,1,8.94,68.74,10
-813956617#23,42439001,4298781040,1,8.94,12.78,10
-813956617#3,4216045851,42434226,1,8.94,8.34,10
-813956617#4,4216045854,4216045851,1,8.94,63.28,10
-813956617#5,2324482224,4216045854,1,8.94,5.94,10
-813956617#6,4216045821,2324482224,1,8.94,7.01,10
-813956617#7,4216045810,4216045821,1,8.94,62.37,10
-813956617#8,42449027,4216045810,1,8.94,6.3,10
-813956617#9,4216045832,42449027,1,8.94,7.16,10
-813972135#0,9507816964,42434354,1,11.18,7.87,3
-813972135#1,9679181049,9507816964,1,11.18,60.03,3
-813972135#2,42434355,9679181049,1,11.18,6.14,3
-814612602#0,9679181046,42437283,3,11.18,7.8,12
-814612602#1,10172843054,9679181046,3,11.18,59.419999999999995,12
-814612602#10,4132605267,4132605231,3,11.18,65.26,12
-814612602#11,42440326,4132605267,3,11.18,5.79,12
-814612602#12,4132605269,42440326,3,11.18,6.150000000000001,12
-814612602#13,4132605270,4132605269,3,11.18,66.67,12
-814612602#14,42448701,4132605270,3,11.18,13.13,12
-814612602#2,42449893,10172843054,3,11.18,6.95,12
-814612602#3,10172843050,42449893,3,11.18,7.78,12
-814612602#4,4132605205,10172843050,3,11.18,60.22,12
-814612602#5,42439170,4132605205,3,11.18,6.47,12
-814612602#6,4132605206,42439170,3,11.18,7.77,12
-814612602#7,4132605215,4132605206,3,11.18,59.91,12
-814612602#8,390519635,4132605215,3,11.18,5.98,12
-814612602#9,4132605231,390519635,3,11.18,8.25,12
-814841668,7476968855,7476968854,1,11.18,7.06,3
-815541797#0,10302073274,595313982,1,13.89,7.45,3
-815541797#1,10302073267,10302073274,1,13.89,37.12,3
-815541797#2,10129081639,10302073267,1,13.89,65.54,3
-815541797#3,42434101,10129081639,1,13.89,8.6,3
-815936374#0,10165996968,42435763,1,22.22,9.56,10
-815936374#1,7620445877,10165996968,1,22.22,236.8,10
-815958386#0,7620631151,2383895311,1,13.89,59.11,3
-815958386#1,9094916641,7620631151,1,13.89,12.54,3
-822072342#0,7123525315,42435319,2,11.18,6.34,11
-822072342#1,7123525301,7123525315,2,11.18,67.09,11
-822072342#2,42435323,7123525301,2,11.18,5.95,11
-822072342#3,7123525322,42435323,2,11.18,7.02,11
-822072342#4,7123525312,7123525322,2,11.18,66.22,11
-822072342#5,42435328,7123525312,2,11.18,7.25,11
-825236402,7443621689,7443617343,2,27.78,48.59,12
-828253781#0,7612920613,42434243,2,11.18,37.18,11
-828253781#1,9903127425,7612920613,2,11.18,50.48,11
-828292965#0,10049926013,7732571908,2,27.78,41.36,12
-828292965#1,6867580414,10049926013,2,27.78,17.5,12
-828292967,7732571908,7732571915,2,27.78,51.3,12
-828292968#0,10128660288,42438228,1,13.89,7.36,3
-828292968#1,10128889849,10128660288,1,13.89,63.63,3
-828292968#2,42429541,10128889849,1,13.89,7.25,3
-828292968#3,10128889847,42429541,1,13.89,7.44,3
-828292968#4,7768883542,10128889847,1,13.89,14.63,3
-828292968#5,10128878986,7768883542,1,13.89,50.58,3
-828292968#6,42434105,10128878986,1,13.89,8.03,3
-829073006#0,5007384484,5007384486,1,11.18,19.94,3
-829073006#1,5007384459,5007384484,1,11.18,32.74,3
-829073006#2,1632878885,5007384459,1,11.18,8.4,3
-829427491#0,7004398489,42432917,1,11.18,9.47,11
-829427491#1,10171069670,7004398489,1,11.18,75.7,11
-829427491#2,42432926,10171069670,1,11.18,8.29,11
-829427491#3,10171069674,42432926,1,11.18,10.08,11
-829427491#4,10171069699,10171069674,1,11.18,66.44,11
-829427491#5,7732243565,10171069699,1,11.18,15.76,11
-833386644#0,42429707,42429705,1,8.94,117.68,10
-833386644#1,9561209097,42429707,1,8.94,79.78,10
-833386644#2,42429708,9561209097,1,8.94,7.03,10
-834043281,589928020,7785803401,2,11.18,3.2,3
-834043282,7785803401,7785803398,2,11.18,18.35,3
-834238144#0,7480301990,3212472978,1,11.18,11.85,11
-834238144#1,6330018917,7480301990,1,11.18,10.74,11
-835176553#0,10082707747,42445037,2,11.18,13.23,12
-835176553#1,3998699936,10082707747,2,11.18,249.42,12
-835176553#2,42455643,3998699936,2,11.18,11.87,12
-837450654#0,8262309635,272195271,1,11.18,10.98,4
-837450654#1,10885572122,8262309635,1,11.18,51.38,4
-837450654#2,7439027750,10885572122,1,11.18,88.35,4
-837450654#3,42431611,7439027750,1,11.18,12.18,4
-837450655,7816179466,42431602,1,11.18,106.13,4
-837515835#0,4281671258,7816666405,1,11.18,74.21,3
-837515835#1,5215013202,4281671258,1,11.18,42.21,3
-837515835#2,42422026,5215013202,1,11.18,14.48,3
-837696043#0,9492556588,7818397388,1,22.22,30.77,10
-837696043#1,42431005,9492556588,1,22.22,7.22,10
-837696044#0,9177400764,42431005,1,11.18,7.34,10
-837696044#1,9492556579,9177400764,1,11.18,66.35,10
-837696044#2,42431007,9492556579,1,11.18,6.72,10
-837696045#0,9492556578,42431007,2,11.18,7.49,10
-837696045#1,7818397389,9492556578,2,11.18,33.76,10
-837696046#0,9492556562,7818397389,1,11.18,32.96,10
-837696046#1,42431008,9492556562,1,11.18,6.74,10
-837696047#0,9492556531,42431008,1,11.18,7.09,10
-837696047#1,9492556546,9492556531,1,11.18,66.63,10
-837696047#2,42431009,9492556546,1,11.18,6.76,10
-837696048#0,9492542185,42431009,2,22.22,7.0,10
-837696048#1,7818397390,9492542185,2,22.22,35.43,10
-837696049#0,9492556557,42431015,1,11.18,6.36,10
-837696049#1,9492542184,9492556557,1,11.18,65.85,10
-837696049#2,42428068,9492542184,1,11.18,6.61,10
-837696050#0,9492556527,7818397390,1,11.18,31.16,10
-837696050#1,42431015,9492556527,1,11.18,8.34,10
-837696051#0,9492556572,42428068,2,11.18,7.97,10
-837696051#1,7818397391,9492556572,2,11.18,37.27,10
-837696052#0,8727756096,42431019,2,11.18,12.28,10
-837696052#1,7818397392,8727756096,2,11.18,25.82,10
-837696053,8727756099,7818397391,1,11.18,30.36,10
-837696054#0,8727756088,42421776,2,11.18,7.47,10
-837696054#1,7818397393,8727756088,2,11.18,34.68,10
-837696055#0,8727756092,7818397392,1,11.18,41.72,10
-837696055#1,42421776,8727756092,1,11.18,7.43,10
-837696056#0,8727756084,7818397393,1,11.18,31.65,10
-837696056#1,42431024,8727756084,1,11.18,7.55,10
-837696057#0,8727756080,42431024,1,11.18,6.66,10
-837696057#1,8727756076,8727756080,1,11.18,66.0,10
-837696057#2,42431027,8727756076,1,11.18,7.59,10
-837696058#0,8727756072,42431027,2,11.18,7.0,10
-837696058#1,7818397394,8727756072,2,11.18,33.34,10
-837696059#0,8727756067,42431030,1,11.18,7.79,10
-837696059#1,8727756061,8727756067,1,11.18,66.08,10
-837696059#2,42421810,8727756061,1,11.18,6.77,10
-837696060#0,8727756070,7818397394,1,11.18,32.97,10
-837696060#1,42431030,8727756070,1,11.18,6.88,10
-837696061#0,8727756058,42421810,1,11.18,7.48,10
-837696061#1,7818397395,8727756058,1,11.18,34.01,10
-837696062#0,8727756056,7818397395,1,11.18,32.33,10
-837696062#1,42431034,8727756056,1,11.18,6.4,10
-837696063,7818397396,8727756052,1,11.18,41.01,10
-837696064#0,9492556528,7818397396,1,11.18,26.43,10
-837696064#1,42431037,9492556528,1,11.18,11.92,10
-837696065#0,9492542215,7818397397,1,22.22,32.46,10
-837696065#1,42431039,9492542215,1,22.22,7.27,10
-837696066#0,9492556524,42431044,2,11.18,6.82,10
-837696066#1,7818397398,9492556524,2,11.18,32.9,10
-837696067#0,9492542201,7818397398,1,11.18,33.0,10
-837696067#1,42422016,9492542201,1,11.18,7.01,10
-837696068#0,9492542181,42422016,1,11.18,7.13,10
-837696068#1,9492542178,9492542181,1,11.18,65.11,10
-837696068#2,42431057,9492542178,1,11.18,6.56,10
-837696069#0,9492556587,42431057,2,11.18,8.26,10
-837696069#1,7818397399,9492556587,2,11.18,33.57,10
-837696070#0,9492556586,7818397399,1,11.18,31.51,10
-837696070#1,42431067,9492556586,1,11.18,7.95,10
-837696071#0,9492556612,42431078,2,11.18,7.89,10
-837696071#1,7818397400,9492556612,2,11.18,33.28,10
-837696072#0,9492542212,7818397400,1,11.18,32.03,10
-837696072#1,42431089,9492542212,1,11.18,6.7,10
-837696073#0,9492556522,42431089,1,11.18,7.3,10
-837696073#1,9492542177,9492556522,1,11.18,65.55,10
-837696073#2,42431094,9492542177,1,11.18,6.69,10
-837696074#0,9492556571,42431094,2,22.22,7.67,10
-837696074#1,7818397401,9492556571,2,22.22,25.44,10
-837696075#0,9492542193,7818397401,1,11.18,39.56,10
-837696075#1,42431096,9492542193,1,11.18,7.66,10
-839968915,3588508439,7838207516,2,11.18,61.7,3
-845749144#0,9550791855,42444060,1,22.22,10.58,10
-845749144#1,9566870000,9550791855,1,22.22,56.0,10
-845749144#10,9566869963,9566869969,1,22.22,59.8,10
-845749144#11,42454102,9566869963,1,22.22,8.12,10
-845749144#2,42454368,9566870000,1,22.22,6.32,10
-845749144#3,9566869999,42454368,1,22.22,8.08,10
-845749144#4,9566869996,9566869999,1,22.22,60.8,10
-845749144#5,42438189,9566869996,1,22.22,8.74,10
-845749144#6,9566869995,42438189,1,22.22,9.49,10
-845749144#7,9566869970,9566869995,1,22.22,58.61,10
-845749144#8,42455259,9566869970,1,22.22,6.52,10
-845749144#9,9566869969,42455259,1,22.22,8.29,10
-845749145#0,1332871097,42433346,1,22.22,27.44,10
-845749145#1,5403868121,1332871097,1,22.22,93.96,10
-845749145#2,42451932,5403868121,1,22.22,11.29,10
-845781907#0,7977832479,42453607,1,8.94,7.14,10
-845781907#1,7977832474,7977832479,1,8.94,69.12,10
-845781907#2,42437346,7977832474,1,8.94,6.7,10
-845781907#3,7977832473,42437346,1,8.94,7.03,10
-845781907#4,7977832468,7977832473,1,8.94,63.54,10
-845781907#5,42455083,7977832468,1,8.94,6.39,10
-845781908#0,7977832467,42455083,1,8.94,7.67,10
-845781908#1,7977832462,7977832467,1,8.94,63.18,10
-845781908#2,42453177,7977832462,1,8.94,5.86,10
-845781908#3,7977832461,42453177,1,8.94,7.86,10
-845781908#4,7977832457,7977832461,1,8.94,63.65,10
-845781908#5,42444832,7977832457,1,8.94,6.18,10
-847920890#0,5863596399,42440792,1,11.18,36.64,11
-847920890#1,42437967,5863596399,1,11.18,7.67,11
-848011474#0,42431207,42435746,1,11.18,80.36,11
-848011474#1,10170606870,42431207,1,11.18,73.94,11
-848011474#2,42435755,10170606870,1,11.18,5.51,11
-848011475#0,10168029025,42429741,1,11.18,7.62,11
-848011475#1,5475792646,10168029025,1,11.18,40.08,11
-849631945#0,7929465199,371239962,2,27.78,5.9,12
-849631945#1,7641820943,7929465199,2,27.78,12.18,12
-850678169#0,42442058,42442054,2,27.78,8.82,11
-850678169#1,595352936,42442058,2,27.78,28.94,11
-856467893#0,9569897425,2499803009,1,22.22,14.16,5
-856467893#1,2499803004,9569897425,1,22.22,10.85,5
-872052106,561042202,100522479,1,11.18,54.86,12
-880256646#0,6369613051,42452067,1,27.78,11.66,11
-880256646#1,6369613055,6369613051,1,27.78,45.29,11
-880256646#2,6330061747,6369613055,1,27.78,5.43,11
-880256646#3,42451660,6330061747,1,27.78,5.67,11
-889627470#0,5804713758,7499263656,1,11.18,31.41,12
-889627470#1,42427742,5804713758,1,11.18,7.32,12
-895349521#0,5804425635,42435931,1,11.18,9.33,11
-895349521#1,5804713750,5804425635,1,11.18,63.63,11
-895349521#2,42433554,5804713750,1,11.18,10.95,11
-895606701#0,7123525297,42435328,2,11.18,7.2,11
-895606701#1,2047573317,7123525297,2,11.18,67.95,11
-895606701#2,42424439,2047573317,2,11.18,13.76,11
-895756216#0,8687882753,42442534,2,27.78,12.11,11
-895756216#1,4205805396,8687882753,2,27.78,70.71,11
-897865050,8344404001,8344404000,1,22.22,16.24,7
-898077311#0,4378236643,42433014,1,27.78,8.3,11
-898077311#1,4378236645,4378236643,1,27.78,5.47,11
-902168961,8379847773,3347295531,1,27.78,57.11,11
-902816136#0,8952423314,42429217,1,8.94,12.98,10
-902816136#1,42445637,8952423314,1,8.94,85.36,10
-902816136#2,8952423301,42445637,1,8.94,69.78,10
-902816136#3,42445640,8952423301,1,8.94,8.64,10
-902816137#0,5458505414,7779712802,1,22.22,48.21,10
-902816137#1,42429705,5458505414,1,22.22,27.7,10
-904764085#0,7604384377,42427146,1,11.18,6.93,11
-904764085#1,7604384388,7604384377,1,11.18,63.33,11
-904764085#2,42427143,7604384388,1,11.18,8.08,11
-904809346#0,8310246481,42427744,1,11.18,6.19,3
-904809346#1,6411125192,8310246481,1,11.18,72.88,3
-904809346#2,7499043386,6411125192,1,11.18,19.56,3
-904809346#3,7499043385,7499043386,1,11.18,5.46,3
-904809349#0,8310246460,42427750,1,11.18,70.78,3
-904809349#1,7476469426,8310246460,1,11.18,6.28,3
-904809350#0,8307641625,42433545,1,11.18,8.87,11
-904809350#1,8231942805,8307641625,1,11.18,175.66,11
-904809350#2,7480301986,8231942805,1,11.18,10.17,11
-904852356#0,10171069692,7732243565,1,11.18,7.66,11
-904852356#1,7732243558,10171069692,1,11.18,16.01,11
-905095198,2141026499,42433743,1,27.78,13.74,11
-905095200#0,9559342284,7541804762,2,11.18,7.42,10
-905095200#1,2481877071,9559342284,2,11.18,17.06,10
-907886023#0,6257070489,42439506,1,13.89,12.12,3
-907886023#1,6257070519,6257070489,1,13.89,4.33,3
-908134356,7541804762,42437929,1,22.22,9.44,10
-908150696#0,5804713748,42452117,1,11.18,10.34,12
-908150696#1,5377706601,5804713748,1,11.18,17.32,12
-908150696#2,42437786,5377706601,1,11.18,11.29,12
-910520277#0,8236461970,2481877071,2,11.18,114.21,10
-910520277#1,7541804761,8236461970,2,11.18,11.98,10
-910751834#0,8758287377,7620445877,1,22.22,8.84,10
-910751834#1,42432889,8758287377,1,22.22,11.21,10
-912475761#0,5041369239,42452084,1,11.18,11.71,3
-912475761#1,8231896474,5041369239,1,11.18,93.32,3
-912475761#2,42432099,8231896474,1,11.18,6.69,3
-921450832,1918039877,42443127,2,11.18,14.94,11
-925874376,1764400304,1764400288,2,27.78,31.08,12
-936146979,6207264908,3235708624,1,11.18,14.4,11
-939401952#0,10049926011,6867580414,1,13.89,21.58,3
-939401952#1,7732571917,10049926011,1,13.89,5.92,3
-939613200#0,8239225253,42437909,2,11.18,12.21,11
-939613200#1,9971263898,8239225253,2,11.18,200.29,11
-939682424#0,9561229738,42453354,1,8.94,8.18,10
-939682424#1,9561229731,9561229738,1,8.94,91.23,10
-939682424#2,42458728,9561229731,1,8.94,9.32,10
-944713336#0,5403868123,42451932,1,11.18,67.76,11
-944713336#1,42433151,5403868123,1,11.18,13.59,11
-944730280#0,9550791728,42449631,1,22.22,7.21,10
-944730280#1,9550791750,9550791728,1,22.22,63.25,10
-944730280#2,42449634,9550791750,1,22.22,9.56,10
-944771877,42432889,2141026506,1,11.18,15.81,10
-944999159#0,10170977523,42434097,1,13.89,8.87,3
-944999159#1,10170977555,10170977523,1,13.89,66.12,3
-944999159#2,42434098,10170977555,1,13.89,11.69,3
-944999160#0,10170977551,42434098,1,13.89,13.81,3
-944999160#1,42434101,10170977551,1,13.89,190.5,3
-945384093,595481001,595473048,1,27.78,33.92,11
-945473887#0,4235733233,42443296,3,11.18,29.06,12
-945473887#1,42449017,4235733233,3,11.18,6.02,12
-945473889#0,8740550847,42455337,1,22.22,10.06,10
-945473889#1,6854245786,8740550847,1,22.22,20.65,10
-945473889#2,6854245793,6854245786,1,22.22,15.51,10
-945473889#3,42437942,6854245793,1,22.22,36.72,10
-945473889#4,7953934600,42437942,1,22.22,18.01,10
-945473889#5,42427768,7953934600,1,22.22,61.27,10
-945473889#6,7915715240,42427768,1,22.22,23.82,10
-945473889#7,7915715251,7915715240,1,22.22,48.75,10
-945473889#8,42433346,7915715251,1,22.22,7.43,10
-945523294#0,5784518526,4015190382,2,11.18,9.35,12
-945523294#1,8309479290,5784518526,2,11.18,61.38,12
-945523294#2,1773121034,8309479290,2,11.18,5.39,12
-945944497#0,10171087495,42440144,2,27.78,12.16,12
-945944497#1,6824030325,10171087495,2,27.78,53.79,12
-945966226#0,10172941359,42421749,2,11.18,9.31,10
-945966226#1,9177516862,10172941359,2,11.18,0.94,10
-945966226#2,9916138285,9177516862,2,11.18,46.81,10
-95181769#0,7595748181,7640353301,2,27.78,33.21,11
-95181769#1,42430984,7595748181,2,27.78,7.3,11
-953819150,10581577906,6185259892,3,11.18,65.18,11
-955268214#0,6164705329,42434343,2,27.78,142.02,11
-955268214#1,7935055502,6164705329,2,27.78,68.17,11
-955268214#2,7935055501,7935055502,2,27.78,4.08,11
-955268214#3,42442054,7935055501,2,27.78,88.6,11
-955564932,8843765047,587861515,1,13.89,12.53,3
-958264262#0,7477036737,42444293,1,11.18,30.62,3
-958264262#1,7477036738,7477036737,1,11.18,12.88,3
-962669695,7740583558,8904913030,2,27.78,10.17,12
-962669696#0,8904913024,42421783,2,27.78,12.05,12
-962669696#1,9561386433,8904913024,2,27.78,136.8,12
-962669696#10,42429184,9561386464,2,27.78,10.69,12
-962669696#11,42429188,42429184,2,27.78,11.0,12
-962669696#12,42429209,42429188,2,27.78,151.26,12
-962669696#13,42429211,42429209,2,27.78,7.35,12
-962669696#14,9561386485,42429211,2,27.78,5.86,12
-962669696#15,9561386481,9561386485,2,27.78,66.19,12
-962669696#16,42429212,9561386481,2,27.78,9.55,12
-962669696#2,42429174,9561386433,2,27.78,7.47,12
-962669696#3,9561386432,42429174,2,27.78,8.64,12
-962669696#4,1205714859,9561386432,2,27.78,161.08,12
-962669696#5,42427844,1205714859,2,27.78,6.38,12
-962669696#6,1763749977,42427844,2,27.78,7.99,12
-962669696#7,9561386450,1763749977,2,27.78,9.21,12
-962669696#8,1764647101,9561386450,2,27.78,24.88,12
-962669696#9,9561386464,1764647101,2,27.78,96.02,12
-962669697#0,9561253104,7740583558,2,27.78,15.44,12
-962669697#1,42421783,9561253104,2,27.78,7.09,12
-973117512,595245843,595245840,1,11.18,38.45,3
-974611019#0,9019680394,9019680388,2,27.78,9.05,12
-974611019#1,5481846617,9019680394,2,27.78,79.97,12
-978675658#0,8307641825,42440825,2,11.18,20.37,13
-978675658#1,42433573,8307641825,2,11.18,37.24,13
-978675658#2,2151385470,42433573,2,11.18,6.77,13
-978675658#3,2151385490,2151385470,2,11.18,65.75,13
-978675658#4,42440829,2151385490,2,11.18,8.71,13
-978675658#5,2151385497,42440829,2,11.18,10.26,13
-978675658#6,4143859873,2151385497,2,11.18,54.18,13
-978675659,42440825,8996353563,2,11.18,11.24,13
-980932664#0,9566927304,561035381,1,13.89,12.84,3
-980932664#1,9566997286,9566927304,1,13.89,42.14,3
-980932664#2,42433030,9566997286,1,13.89,11.88,3
-981500819#0,7480410396,42437967,1,11.18,11.25,11
-981500819#1,42437990,7480410396,1,11.18,12.3,11
-986157727,42458017,1728266963,1,11.18,8.74,3
-986808853#0,3942249541,4878831008,2,11.18,7.82,4
-986808853#1,42431602,3942249541,2,11.18,63.06,4
-988956476,9140654137,561042202,1,11.18,117.02,12
-988980353,6997311896,9140884584,1,11.18,33.8,12
-988980354#0,2929098299,4202958489,2,11.18,10.83,12
-988980354#1,9140884594,2929098299,2,11.18,44.68,12
-988992295#0,5286408259,9141016318,1,11.18,31.03,10
-988992295#1,3601295724,5286408259,1,11.18,30.38,10
-988992295#2,42439181,3601295724,1,11.18,12.1,10
-989265268#0,8261122892,42430639,3,11.18,8.68,12
-989265268#1,5165644093,8261122892,3,11.18,63.22,12
-989265268#2,42430633,5165644093,3,11.18,12.62,12
-989265269#0,5542715080,6293725833,2,11.18,43.15,12
-989265269#1,42430673,5542715080,2,11.18,10.24,12
-990219223#0,10171241039,42435343,1,27.78,6.9,11
-990219223#1,9150529698,10171241039,1,27.78,10.53,11
-990228161,7477194680,9150629574,1,13.89,12.55,3
-990228162,371337227,7477194680,1,13.89,4.82,3
-990228163,9150629574,371337226,1,13.89,6.69,3
-990628955,2141002593,9153608660,1,11.18,45.0,10
-991205021#0,5152337881,42430041,1,11.18,6.69,12
-991205021#1,5152337875,5152337881,1,11.18,19.95,12
-991205021#2,42430044,5152337875,1,11.18,9.15,12
-992603344,3248816568,247223720,1,11.18,62.71,11
-992603345,9170842307,5307238005,1,11.18,64.59,11
-992603346,9170842305,9170842304,1,11.18,42.02,11
-992603347,9170842306,9170842305,1,11.18,39.01,11
-992603348,5307238005,9170842306,1,11.18,17.15,11
-992603349,42457788,595703452,1,11.18,31.48,11
-992603350,595703452,9170842307,1,11.18,39.29,11
-992605605,1901016118,42433927,1,11.18,30.08,11
-993510830#0,10168169633,42446190,1,11.18,9.11,3
-993510830#1,7455120789,10168169633,1,11.18,65.44,3
-993510830#2,9178793211,7455120789,1,11.18,60.13,3
-993510830#3,589927991,9178793211,1,11.18,8.06,3
-993524201#0,6214889064,42428049,2,1.79,7.29,11
-993524201#1,9178967047,6214889064,2,1.79,27.56,11
-993524203,589929417,6289180298,1,13.89,9.56,3
-993793442,246858654,4207802391,1,11.18,18.2,12
-993795186#0,7139624491,42444230,1,11.18,11.12,12
-993795186#1,9181607984,7139624491,1,11.18,102.37,12
-993797875#0,5648878922,42453610,1,8.94,7.88,11
-993797875#1,8309479340,5648878922,1,8.94,68.59,11
-993797875#2,42437349,8309479340,1,8.94,6.58,11
-997125811#0,8231909732,42432184,2,11.18,9.75,12
-997125811#1,7641718020,8231909732,2,11.18,101.24,12
-997125811#2,42437589,7641718020,2,11.18,8.37,12
1001476490,9243746438,373778409,2,22.22,114.35,9
1001479009,42424117,9243769965,2,22.22,26.42,9
1001787874,60928844,9246348907,2,22.22,29.25,9
1002798653#0,587987721,4145434712,2,13.41,23.94,12
1002798653#1,4145434712,246858654,2,13.41,11.51,12
1002798654#0,42451375,8821315482,2,27.78,162.29,12
1002798654#1,8821315482,5345057744,2,27.78,7.58,12
1002798654#2,5345057744,42451370,2,27.78,13.39,12
1003466060#0,42448563,8307641954,3,11.18,8.21,12
1003466060#1,8307641954,9259617996,3,11.18,8.32,12
1003466061#0,4890333656,4890333634,2,11.18,57.01,12
1003466061#1,4890333634,42436567,2,11.18,7.99,12
1003466061#2,42436567,4890333636,2,11.18,7.39,12
1003466061#3,4890333636,9988098411,2,11.18,23.07,12
1003466061#4,9988098411,4890333654,2,11.18,31.19,12
1003466061#5,4890333654,42424864,2,11.18,6.78,12
1003466062#0,42445574,3252582133,1,11.18,12.3,3
1003466062#1,3252582133,8307641878,1,11.18,128.55,3
1003466062#2,8307641878,42436359,1,11.18,9.37,3
1003466063,4616536351,42442286,1,11.18,12.44,3
1003466064#0,42445574,8307641849,2,11.18,13.04,12
1003466064#1,8307641849,3252582131,2,11.18,7.14,12
1003466064#2,3252582131,8231935495,2,11.18,63.04,12
1003466064#3,8231935495,42442286,2,11.18,7.4,12
1003466066,42442286,4890333656,2,11.18,7.93,12
1003466067,8307641850,42445574,4,11.18,7.49,12
1003870611#0,595352904,9680957588,3,27.78,27.95,12
1003870611#1,9680957588,42428958,3,27.78,7.849999999999999,12
1003871114,589099881,589099734,2,27.78,9.04,12
1003905435#0,42427128,9421763714,1,13.89,8.13,3
1003905435#1,9421763714,9935939396,1,13.89,143.57,3
1003905435#2,9935939396,42428970,1,13.89,8.85,3
1003905436#0,42428973,9566927284,2,27.78,8.22,12
1003905436#1,9566927284,9935939394,2,27.78,79.48,12
1003905436#2,9935939394,42428970,2,27.78,7.96,12
1003905437#0,42428970,9935939395,3,27.78,7.44,12
1003905437#1,9935939395,9263230749,3,27.78,28.959999999999997,12
1003905438#0,42428966,561035377,1,13.89,18.33,3
1003905438#1,561035377,9935939414,1,13.89,13.48,3
1003905438#2,9935939414,9625649347,1,13.89,175.07,3
1003905439#0,9263230749,9566927293,2,27.78,35.66,12
1003905439#1,9566927293,42428967,2,27.78,10.19,12
1003905439#2,42428967,9566927294,2,27.78,5.64,12
1003905439#3,9566927294,9935939417,2,27.78,64.76,12
1003905439#4,9935939417,42428966,2,27.78,6.79,12
1003905440#0,42428966,9935939418,3,27.78,8.64,12
1003905440#1,9935939418,9263230750,3,27.78,23.0,12
1003905441#0,42428964,561035375,1,13.89,18.34,3
1003905441#1,561035375,9935939407,1,13.89,256.71,3
1003905441#2,9935939407,42442664,1,13.89,14.61,3
1003905442#0,9263230751,9935939380,2,27.78,38.55,12
1003905442#1,9935939380,42427086,2,27.78,8.64,12
1003905443#0,42428964,5708485234,3,27.78,5.72,12
1003905443#1,5708485234,9263230751,3,27.78,27.11,12
1003912526,42428956,9263279180,3,27.78,38.8,12
1004367243,9143569898,246580797,4,13.41,20.32,13
1004369132#0,42437990,7480410399,1,11.18,8.96,11
1004369132#1,7480410399,9010154521,1,11.18,23.0,11
1004369132#2,9010154521,42429637,1,11.18,34.47,11
1004369132#3,42429637,7480410410,1,11.18,5.97,11
1004369133#0,42437990,7480410403,2,11.18,8.31,12
1004369133#1,7480410403,7480346927,2,11.18,42.35,12
1007629837#0,42436340,8304498372,1,11.18,12.2,3
1007629837#1,8304498372,4136500817,1,11.18,97.38,3
1007629837#2,4136500817,246885162,1,11.18,11.81,3
1007629838#0,42424408,8304498077,5,11.18,7.65,13
1007629838#1,8304498077,8304498374,5,11.18,57.36999999999999,13
1007629838#2,8304498374,42436340,5,11.18,8.79,13
1007629839#0,42436014,5708229593,4,11.18,32.3,13
1007629839#1,5708229593,4142105822,4,11.18,12.56,13
1007811374#0,42445630,7499263657,1,11.18,5.96,12
1007811374#1,7499263657,7499263656,1,11.18,22.43,12
1007833787#0,7956044493,8307642090,4,11.18,22.23,11
1007833787#1,8307642090,42430811,4,11.18,10.32,11
1007837779#0,42455175,8309479332,1,8.94,7.18,11
1007837779#1,8309479332,8309479358,1,8.94,62.9,11
1007837779#2,8309479358,42453158,1,8.94,7.22,11
1007837780#0,42430938,8309479409,1,8.94,7.52,11
1007837780#1,8309479409,8309479428,1,8.94,60.37,11
1007837780#2,8309479428,42455013,1,8.94,7.68,11
1007837781#0,42455013,8309479427,1,8.94,6.76,11
1007837781#1,8309479427,8309479456,1,8.94,65.79,11
1007837781#2,8309479456,42446571,1,8.94,8.13,11
1007846636,4281505674,42437316,1,22.22,9.76,10
1010159653#0,7816179466,5083818853,2,11.18,30.3,4
1010159653#1,5083818853,272195271,2,11.18,9.92,4
1010169527#0,9320463274,3874682460,3,13.89,54.53,4
1010169527#1,3874682460,247123611,3,13.89,6.86,4
1011874918,4207143424,4142105811,3,11.18,19.27,13
1013655882#0,42427735,10743755758,1,22.22,6.64,10
1013655882#1,10743755758,10743755833,1,22.22,65.86,10
1013655882#10,42444854,10743755853,1,22.22,8.07,10
1013655882#11,10743755853,42434259,1,22.22,78.21,10
1013655882#12,42434259,42448655,1,22.22,84.65,10
1013655882#13,42448655,42448661,1,22.22,79.12,10
1013655882#14,42448661,42439210,1,22.22,79.13,10
1013655882#15,42439210,42434338,1,22.22,79.49,10
1013655882#16,42434338,42443582,1,22.22,79.07,10
1013655882#17,42443582,10869707902,1,22.22,78.2,10
1013655882#18,10869707902,42448674,1,22.22,8.81,10
1013655882#2,10743755833,42447399,1,22.22,7.41,10
1013655882#3,42447399,10743755832,1,22.22,8.45,10
1013655882#4,10743755832,10743755847,1,22.22,64.4,10
1013655882#5,10743755847,42438291,1,22.22,6.48,10
1013655882#6,42438291,10743755848,1,22.22,8.29,10
1013655882#7,10743755848,42443658,1,22.22,71.81,10
1013655882#8,42443658,10743755854,1,22.22,71.92,10
1013655882#9,10743755854,42444854,1,22.22,6.29,10
1013655883#0,3898480791,8835729561,1,22.22,92.04,10
1013655883#1,8835729561,42427649,1,22.22,7.06,10
1014255988,9181587095,8821475422,2,11.18,21.84,12
1014336157,595352889,42437324,1,27.78,29.59,11
1014336158,587933855,595352889,1,13.89,39.3,3
1014414688#0,42431528,8214320099,1,8.94,5.85,3
1014414688#1,8214320099,8429014582,1,8.94,57.32,3
1014414688#10,8429031339,8429031341,1,8.94,73.42,3
1014414688#11,8429031341,339044224,1,8.94,5.37,3
1014414688#2,8429014582,42431273,1,8.94,5.72,3
1014414688#3,42431273,8429014583,1,8.94,5.89,3
1014414688#4,8429014583,8429014586,1,8.94,26.01,3
1014414688#5,8429014586,42431531,1,8.94,5.65,3
1014414688#6,42431531,8429014587,1,8.94,5.67,3
1014414688#7,8429014587,8429031338,1,8.94,64.68,3
1014414688#8,8429031338,42431536,1,8.94,5.83,3
1014414688#9,42431536,8429031339,1,8.94,5.86,3
1015379881,4308240257,246858433,1,11.18,15.23,3
1015379882,42436187,42436184,1,11.18,46.32,3
1015379883#0,42452314,4143835082,4,13.41,32.22,13
1015379883#1,4143835082,42437396,4,13.41,11.58,13
1015679930#0,42446849,5836025488,1,11.18,26.49,3
1015679930#1,5836025488,42446854,1,11.18,14.57,3
1015679931,1702442163,42445286,1,11.18,14.35,3
1015939516#0,42430164,8231934393,1,11.18,11.57,3
1015939516#1,8231934393,8307641872,1,11.18,155.93,3
1015939516#2,8307641872,42439345,1,11.18,11.23,3
1015939517#0,42439345,8307641875,1,11.18,12.64,3
1015939517#1,8307641875,8307641924,1,11.18,128.07,3
1015939517#2,8307641924,42436364,1,11.18,9.15,3
1015939517#3,42436364,8307641923,1,11.18,12.27,3
1015939517#4,8307641923,8307641928,1,11.18,110.69,3
1015939517#5,8307641928,42436097,1,11.18,8.04,3
1016425694,9374838670,4205820212,2,11.18,20.75,11
1016808887#0,2141026534,10171603035,2,11.18,8.15,12
1016808887#1,10171603035,4205440397,2,11.18,10.88,12
1018454468#0,42439840,11147382158,1,11.18,13.9,3
1018454468#1,11147382158,11147382153,1,11.18,247.09,3
1018454468#2,11147382153,42435629,1,11.18,13.19,3
1018454469#0,42439840,11147382156,4,11.18,6.62,11
1018454469#1,11147382156,9119739666,4,11.18,46.29,11
1020162350#0,9178805724,6254630500,1,11.18,50.91,11
1020162350#1,6254630500,42446138,1,11.18,12.09,11
1020772819,373756705,9153699982,3,22.350000000000005,66.49,14
1020832418,9415339771,4207683806,6,11.18,20.41,12
1020835925#0,42453555,247119856,4,13.41,11.05,13
1020835925#1,247119856,42432714,4,13.41,67.67,13
1021037338,9417132054,11027819095,5,13.41,45.39,13
1021042405,9417252931,4207143416,5,13.41,38.24,13
1021047632#0,42445011,10168047527,5,27.78,8.0,12
1021047632#1,10168047527,9417289897,5,27.78,27.389999999999997,12
1021051876#0,42442937,7964920725,5,11.18,13.66,12
1021051876#1,7964920725,9496199167,5,11.18,38.31,12
1021063591,42453398,4207143415,5,13.41,36.66,13
1021065071#0,42430329,10169532642,4,27.78,7.56,11
1021065071#1,10169532642,9417458967,4,27.78,31.91,11
1021068251#0,42430324,10169532591,4,27.78,7.81,11
1021068251#1,10169532591,9417469211,4,27.78,8.94,11
1021098733#0,9417767336,8309479757,5,11.18,26.51,11
1021098733#1,8309479757,42429374,5,11.18,6.92,11
1021124545#0,42427426,10171337689,4,11.18,7.31,11
1021124545#1,10171337689,9418022243,4,11.18,11.08,11
1021481767#0,358448163,1701844618,5,11.18,1.9600000000000002,12
1021481767#1,1701844618,8261122518,5,11.18,56.45,12
1021481767#2,8261122518,42451695,5,11.18,7.24,12
1021481768#0,9421123761,10171326404,5,11.18,8.82,12
1021481768#1,10171326404,42437693,5,11.18,7.279999999999999,12
1021481768#2,42437693,10171326405,5,11.18,7.290000000000001,12
1021481768#3,10171326405,358448163,5,11.18,6.82,12
1021525071#0,3772840882,8262936696,1,11.18,6.93,3
1021525071#1,8262936696,42434401,1,11.18,45.08,3
1021525071#2,42434401,6417761630,1,11.18,8.69,3
1021569536#0,3270031031,6636032321,1,13.89,7.47,4
1021569536#1,6636032321,6636032319,1,13.89,63.48,4
1021569536#2,6636032319,5165632724,1,13.89,10.93,4
1021949718#0,42454994,8309479286,1,11.18,14.47,3
1021949718#1,8309479286,4236104523,1,11.18,203.83,3
1021949718#2,4236104523,42442862,1,11.18,11.46,3
1021949719#0,42442870,8309479600,4,11.18,7.26,12
1021949719#1,8309479600,8309479268,4,11.18,67.23,12
1021949719#2,8309479268,42442862,4,11.18,6.75,12
1021949720#0,42430898,4236104524,1,11.18,12.25,3
1021949720#1,4236104524,8309479511,1,11.18,202.9,3
1021949720#2,8309479511,42430903,1,11.18,13.72,3
1021949721#0,42442862,4236104525,4,11.18,7.59,12
1021949721#1,4236104525,3420766638,4,11.18,61.47,12
1021949721#2,3420766638,42430898,4,11.18,7.39,12
1021949722#0,42442857,4235738196,1,11.18,12.76,3
1021949722#1,4235738196,11032214441,1,11.18,86.38,3
1021949722#2,11032214441,4235734223,1,11.18,41.52,3
1021949723#0,42430898,3420766637,4,11.18,6.98,12
1021949723#1,3420766637,3420766636,4,11.18,59.16,12
1021949723#2,3420766636,42442857,4,11.18,8.58,12
1021949724#0,42442857,3420766635,4,11.18,7.01,12
1021949724#1,3420766635,3420766634,4,11.18,61.07,12
1021949724#2,3420766634,42434142,4,11.18,6.18,12
1021949725#0,42434142,3420766633,4,11.18,7.43,12
1021949725#1,3420766633,3420766632,4,11.18,63.94,12
1021949725#2,3420766632,42434201,4,11.18,7.36,12
1021949726#0,42434201,8309479215,1,11.18,11.85,3
1021949726#1,8309479215,5481937338,1,11.18,117.19,3
1021949726#2,5481937338,42434197,1,11.18,33.7,3
1021949726#3,42434197,8309479190,1,11.18,40.13,3
1021949726#4,8309479190,42434196,1,11.18,12.86,3
1021949727#0,42434201,3420766631,4,11.18,7.03,12
1021949727#1,3420766631,8309479219,4,11.18,59.68,12
1021949727#2,8309479219,42442851,4,11.18,6.37,12
1021949728#0,4015190382,8309479198,1,11.18,12.9,3
1021949728#1,8309479198,42443799,1,11.18,40.54,3
1021949728#2,42443799,8309479221,1,11.18,150.51,3
1021949728#3,8309479221,42442851,1,11.18,13.02,3
1021949729#0,42442851,4275822495,4,11.18,7.76,12
1021949729#1,4275822495,7977873364,4,11.18,63.55,12
1021949729#2,7977873364,42442850,4,11.18,5.87,12
1021949730#0,42442850,7977873367,1,11.18,11.56,3
1021949730#1,7977873367,10223156262,1,11.18,158.93,3
1021949730#2,10223156262,4577294519,1,11.18,24.27,3
1021949730#3,4577294519,8309479289,1,11.18,9.45,3
1021949730#4,8309479289,1773121034,1,11.18,13.84,3
1021949731#0,42442850,7977873366,4,11.18,8.89,12
1021949731#1,7977873366,7977873355,4,11.18,62.64,12
1021949731#2,7977873355,42442848,4,11.18,6.32,12
1021949732#0,42442848,7977873354,1,11.18,11.84,3
1021949732#1,7977873354,7977873313,1,11.18,202.84,3
1021949732#2,7977873313,42455867,1,11.18,13.85,3
1021949733#0,42442848,7977873357,4,11.18,6.84,12
1021949733#1,7977873357,7977873345,4,11.18,63.33,12
1021949733#2,7977873345,42437333,4,11.18,6.73,12
1021949734#0,42437333,7977873348,1,11.18,12.36,3
1021949734#1,7977873348,10679724539,1,11.18,61.42,3
1021949734#2,10679724539,8309479102,1,11.18,97.78,3
1021949734#3,8309479102,1773084405,1,11.18,8.04,3
1021949734#4,1773084405,42431168,1,11.18,12.39,3
1021949735#0,775996460,7977873335,4,11.18,27.11,12
1021949735#1,7977873335,42442843,4,11.18,7.41,12
1022184080#0,42435420,10168911565,4,11.18,7.53,11
1022184080#1,10168911565,10168911575,4,11.18,62.56,11
1022184080#2,10168911575,42427805,4,11.18,7.2,11
1022184081#0,42427797,10168911557,1,11.18,13.61,3
1022184081#1,10168911557,4493840503,1,11.18,54.54,3
1022184081#2,4493840503,10168911576,1,11.18,196.23,3
1022184081#3,10168911576,42427805,1,11.18,11.47,3
1022184082#0,42427805,10168911573,3,11.18,8.82,11
1022184082#1,10168911573,9582526980,3,11.18,33.47,11
1022184083#0,42438547,10168911606,1,11.18,10.58,3
1022184083#1,10168911606,10168911591,1,11.18,251.79,3
1022184083#2,10168911591,42430282,1,11.18,12.14,3
1022184083#3,42430282,10168911595,1,11.18,12.22,3
1022184083#4,10168911595,9198484651,1,11.18,150.67,3
1022184083#5,9198484651,42428223,1,11.18,7.77,3
1022184084#0,9427432088,10168911608,4,11.18,14.76,11
1022184084#1,10168911608,42438547,4,11.18,7.31,11
1022549184#0,42430521,8304498508,1,11.18,86.11,3
1022549184#1,8304498508,42430571,1,11.18,12.35,3
1022549184#2,42430571,8304498505,1,11.18,9.16,3
1022549184#3,8304498505,8312361687,1,11.18,52.9,3
1022549184#4,8312361687,42430557,1,11.18,10.35,3
1022549185#0,42452816,8312361694,2,11.18,7.7,11
1022549185#1,8312361694,8312361689,2,11.18,58.33,11
1022549185#2,8312361689,42429832,2,11.18,5.67,11
1022549185#3,42429832,8312361690,2,11.18,5.66,11
1022549185#4,8312361690,8312361685,2,11.18,57.78,11
1022549185#5,8312361685,42430557,2,11.18,5.65,11
1022549186#0,42430557,8312361686,3,11.18,8.91,11
1022549186#1,8312361686,9430719481,3,11.18,25.040000000000003,11
1022790246#0,42444055,3569749122,4,11.18,8.58,12
1022790246#1,3569749122,3569749125,4,11.18,58.57,12
1022790246#2,3569749125,42434092,4,11.18,11.31,12
1022790247#0,9432876280,3569749119,5,11.18,16.89,12
1022790247#1,3569749119,42444055,5,11.18,7.6,12
1022796561#0,427845235,9915437737,2,11.18,14.18,4
1022796561#1,9915437737,9915437744,2,11.18,9.87,4
1022796561#2,9915437744,9915437747,2,11.18,6.27,4
1022796561#3,9915437747,427845226,2,11.18,3.98,4
1022813500#0,4347534768,3377461259,2,11.18,18.49,11
1022813500#1,3377461259,9433097821,2,11.18,13.8,11
1022822152#0,42428332,10183983986,2,13.89,7.36,3
1022822152#1,10183983986,4544455461,2,13.89,4.56,3
1022822152#2,4544455461,10036563038,2,13.89,3.55,3
1022822152#3,10036563038,10170864617,2,13.89,186.36,3
1022822152#4,10170864617,42440025,2,13.89,11.48,3
1022822153#0,42423674,7830685366,2,11.18,12.08,11
1022822153#1,7830685366,10170842515,2,11.18,63.59,11
1022822153#2,10170842515,42440025,2,11.18,8.9,11
1023136586#0,42440009,3977886867,3,11.18,7.37,11
1023136586#1,3977886867,3977886862,3,11.18,63.22,11
1023136586#2,3977886862,42440004,3,11.18,9.27,11
1023167223#0,42439181,3601295765,5,11.18,9.49,12
1023167223#1,3601295765,3601295731,5,11.18,31.9,12
1023236297#0,9436315334,10165986930,5,11.18,15.73,11
1023236297#1,10165986930,42440453,5,11.18,7.24,11
1023238044,9436315352,4960516277,5,11.18,10.83,11
1023290075#0,42442983,5542680296,5,11.18,7.65,12
1023290075#1,5542680296,5550244687,5,11.18,5.26,12
1023818802#0,42442415,3690549743,3,11.18,9.1,12
1023818802#1,3690549743,7556282024,3,11.18,27.19,12
1024425027#0,8821677089,1825803850,4,11.18,6.88,12
1024425027#1,1825803850,1825841655,4,11.18,24.72,12
1024425029#0,1825841742,8821677086,4,11.18,8.09,12
1024425029#1,8821677086,9170790586,4,11.18,6.95,12
1024425032,4347550054,9170790593,2,11.18,31.22,11
1024425034,1825841655,9446375827,4,11.18,25.24,12
1024458692#0,42443336,9668801882,3,11.18,11.54,12
1024458692#1,9668801882,9446688953,3,11.18,35.55,12
1024458693#0,42437384,9668801886,1,11.18,11.65,3
1024458693#1,9668801886,5115907029,1,11.18,233.24,3
1024458693#2,5115907029,1996323622,1,11.18,12.81,3
1024458694#0,9446688953,9897874379,4,11.18,31.84,12
1024458694#1,9897874379,42437384,4,11.18,8.23,12
1024458695#0,42443332,9897874396,1,11.18,12.0,3
1024458695#1,9897874396,7802856345,1,11.18,249.82,3
1024458695#2,7802856345,7802856356,1,11.18,11.3,3
1024458696#0,42437384,9668750181,4,11.18,6.53,12
1024458696#1,9668750181,9897874400,4,11.18,64.44,12
1024458696#2,9897874400,42443332,4,11.18,7.81,12
1024458697#0,42443329,9902312977,1,11.18,12.39,3
1024458697#1,9902312977,9914806629,1,11.18,152.45,3
1024458697#2,9914806629,1061531608,1,11.18,11.19,3
1024458697#3,1061531608,42428604,1,11.18,18.23,3
1024458697#4,42428604,9914806632,1,11.18,13.61,3
1024458697#5,9914806632,9912934227,1,11.18,18.26,3
1024458697#6,9912934227,3377383056,1,11.18,34.74,3
1024458697#7,3377383056,1733614298,1,11.18,11.08,3
1024458698#0,42443329,9902312981,3,11.18,6.13,12
1024458698#1,9902312981,8427872795,3,11.18,52.54,12
1024491588,9446943731,4207716484,3,11.18,16.1,12
1024556665#0,42435516,8250715784,1,13.89,12.41,3
1024556665#1,8250715784,7834030789,1,13.89,202.47,3
1024556665#2,7834030789,42435518,1,13.89,14.19,3
1024556666#0,9447528015,8251531283,5,11.18,15.64,12
1024556666#1,8251531283,42435516,5,11.18,7.8,12
1024556667#0,42443037,8250715788,4,11.18,6.41,12
1024556667#1,8250715788,9447528015,4,11.18,50.5,12
1024556668#0,42429340,7834025502,4,11.18,11.36,12
1024556668#1,7834025502,8250715782,4,11.18,68.24,12
1024556668#2,8250715782,42443037,4,11.18,7.81,12
1024556669#0,42435516,8251531288,4,11.18,6.22,12
1024556669#1,8251531288,8251531263,4,11.18,67.13,12
1024556669#2,8251531263,42443032,4,11.18,7.52,12
1024556670#0,42443032,8251531275,4,11.18,6.16,12
1024556670#1,8251531275,9447528016,4,11.18,53.55,12
1024556671#0,9447528016,8250715755,5,11.18,12.77,12
1024556671#1,8250715755,42439406,5,11.18,8.0,12
1024556672#0,42439406,8250715760,4,11.18,6.72,12
1024556672#1,8250715760,7834024310,4,11.18,65.66,12
1024556672#2,7834024310,42443029,4,11.18,7.49,12
1024556673#0,42443029,7834024331,4,11.18,7.09,12
1024556673#1,7834024331,9447550723,4,11.18,52.21,12
1024556674#0,42438506,8258925535,4,11.18,5.62,12
1024556674#1,8258925535,9447550717,4,11.18,25.83,12
1024556675#0,9447550717,8258925531,5,11.18,41.87,12
1024556675#1,8258925531,42443027,5,11.18,11.84,12
1024556676#0,42443027,8258925537,4,11.18,12.71,12
1024556676#1,8258925537,9447550718,4,11.18,53.54,12
1024556677#0,9447550718,8251531264,5,11.18,13.970000000000002,12
1024556677#1,8251531264,42436921,5,11.18,7.389999999999999,12
1024556678#0,42436921,8251531265,4,11.18,6.65,12
1024556678#1,8251531265,8250894453,4,11.18,65.95,12
1024556678#2,8250894453,42443024,4,11.18,6.61,12
1024556679#0,42443024,8250894446,4,11.18,7.55,12
1024556679#1,8250894446,9737272791,4,11.18,30.26,12
1024556680#0,9447550719,8250780930,5,11.18,15.580000000000002,12
1024556680#1,8250780930,42443020,5,11.18,6.74,12
1024556681#0,42443020,8250780931,4,11.18,7.32,12
1024556681#1,8250780931,8250780938,4,11.18,66.49,12
1024556681#2,8250780938,42430068,4,11.18,6.83,12
1024556682#0,42430068,8250780939,4,11.18,7.55,12
1024556682#1,8250780939,9447550720,4,11.18,53.19,12
1024556683#0,9447550720,8250780927,5,11.18,13.5,12
1024556683#1,8250780927,42439563,5,11.18,7.529999999999999,12
1024556684#0,42439563,8250780925,4,11.18,6.62,12
1024556684#1,8250780925,8250780935,4,11.18,66.64,12
1024556684#2,8250780935,42438802,4,11.18,6.45,12
1024556685#0,42438802,8250780936,4,11.18,6.76,12
1024556685#1,8250780936,9447550721,4,11.18,16.85,12
1024556686#0,9447550721,3562587903,5,11.18,52.11999999999999,12
1024556686#1,3562587903,42436489,5,11.18,11.57,12
1024556687#0,42443009,8855606716,4,11.18,7.86,12
1024556687#1,8855606716,9447550722,4,11.18,48.36,12
1024556688#0,9447550722,8851347588,5,11.18,17.05,12
1024556688#1,8851347588,42429693,5,11.18,7.659999999999999,12
1024556689#0,9447550723,8258925521,5,11.18,14.24,12
1024556689#1,8258925521,42438506,5,11.18,8.38,12
1024634984#0,42446086,7075509770,2,27.78,10.29,11
1024634984#1,7075509770,9448174588,2,27.78,54.26,11
1024746125#0,3099327951,9559408277,3,27.78,7.21,11
1024746125#1,9559408277,9449106388,3,27.78,40.34,11
1025137731#0,470209120,7004416696,4,27.78,12.7,12
1025137731#1,7004416696,9452317499,4,27.78,17.87,12
1025731514#0,9457151133,9906904520,4,27.78,13.14,12
1025731514#1,9906904520,42442469,4,27.78,7.25,12
1025731515#0,42442475,10039932503,3,27.78,8.03,12
1025731515#1,10039932503,7194269381,3,27.78,27.53,12
1025731516#0,42442480,9547662380,2,27.78,13.15,12
1025731516#1,9547662380,9457151134,2,27.78,52.82,12
1025731517#0,9457151134,10039808173,2,27.78,13.86,12
1025731517#1,10039808173,42434160,2,27.78,7.25,12
1025731518#0,42434160,10039808180,2,27.78,7.29,12
1025731518#1,10039808180,8699239290,2,27.78,65.73,12
1025731518#2,8699239290,42438045,2,27.78,6.47,12
1025731518#3,42438045,8699239286,2,27.78,8.34,12
1025731518#4,8699239286,9457151135,2,27.78,52.54,12
1025731519#0,9457151135,10058589294,2,27.78,12.52,12
1025731519#1,10058589294,42422000,2,27.78,6.08,12
1025731520#0,42422000,8699239313,2,27.78,8.11,12
1025731520#1,8699239313,8699249544,2,27.78,65.34,12
1025731520#2,8699249544,42437052,2,27.78,6.45,12
1025731520#3,42437052,10060593490,2,27.78,8.16,12
1025731520#4,10060593490,9457151136,2,27.78,52.17,12
1025731521#0,9457151136,8687882638,2,27.78,12.09,12
1025731521#1,8687882638,42442492,2,27.78,8.7,12
1025731522#0,42442492,8687882634,2,27.78,6.42,12
1025731522#1,8687882634,8687882654,2,27.78,65.02,12
1025731522#2,8687882654,42442502,2,27.78,7.25,12
1025731522#3,42442502,8687882657,2,27.78,7.44,12
1025731522#4,8687882657,9457151137,2,27.78,34.03,12
1025731523#0,9457151137,8687882662,2,27.78,30.63,12
1025731523#1,8687882662,42442514,2,27.78,7.36,12
1025731524#0,9457151138,8687882786,2,27.78,38.39,12
1025731524#1,8687882786,42442534,2,27.78,13.66,12
1025731525#0,9457151139,7801775768,4,11.18,12.12,12
1025731525#1,7801775768,42442542,4,11.18,7.07,12
1025731526#0,42442542,7801775721,3,11.18,8.52,12
1025731526#1,7801775721,42433252,3,11.18,71.58,12
1025731526#2,42433252,9457151140,3,11.18,61.419999999999995,12
1025731527,9457151140,42442549,3,11.18,17.96,12
1025731528#0,42442549,42442552,3,11.18,83.51,12
1025731528#1,42442552,9457151141,3,11.18,57.37,12
1025731529#0,9457151141,10166004056,4,11.18,11.67,12
1025731529#1,10166004056,42442555,4,11.18,7.21,12
1025731530#0,42442555,10166004055,3,11.18,7.88,12
1025731530#1,10166004055,10165989500,3,11.18,64.44,12
1025731530#2,10165989500,42442557,3,11.18,7.45,12
1025731531#0,9675461940,7571274545,4,11.18,11.62,12
1025731531#1,7571274545,42442559,4,11.18,6.76,12
1025731532#0,9457151144,10166004079,4,11.18,43.36,12
1025731532#1,10166004079,42421741,4,11.18,12.07,12
1025731533#0,9675461941,9457151143,4,11.18,11.85,12
1025731533#1,9457151143,42437918,4,11.18,7.02,12
1025731534#0,42437918,10166004035,3,11.18,7.27,12
1025731534#1,10166004035,9457151144,3,11.18,23.2,12
1025734017#0,42440934,10616984020,3,27.78,9.42,12
1025734017#1,10616984020,9457138082,3,27.78,30.56,12
1025734018#0,42445025,3463815147,4,27.78,6.54,12
1025734018#1,3463815147,9457138083,4,27.78,40.13,12
1025734019#0,9457138083,3463813446,3,27.78,25.17,12
1025734019#1,3463813446,42440163,3,27.78,7.21,12
1025734020#0,42440163,3463813445,4,27.78,7.44,12
1025734020#1,3463813445,3463813444,4,27.78,64.84,12
1025734020#2,3463813444,42432594,4,27.78,7.51,12
1025734020#3,42432594,3463813443,4,27.78,6.85,12
1025734020#4,3463813443,9457138084,4,27.78,50.91,12
1025734021#0,9457138084,10171089668,4,27.78,14.34,12
1025734021#1,10171089668,42443532,4,27.78,8.86,12
1025734022#0,42445001,7903850294,4,27.78,14.27,12
1025734022#1,7903850294,9457138085,4,27.78,52.2,12
1025734023#0,9457138085,7903850293,4,27.78,13.12,12
1025734023#1,7903850293,42444991,4,27.78,8.87,12
1027049029,9468882851,4205440403,3,27.78,20.71,11
1027130505#0,4557517549,8262309045,2,11.18,7.13,12
1027130505#1,8262309045,9469550699,2,11.18,28.02,12
1027130506#0,9469550699,358448394,2,11.18,19.9,12
1027130506#1,358448394,10173309977,2,11.18,12.0,12
1027130506#2,10173309977,42437688,2,11.18,10.46,12
1027130507#0,9143542442,8262308980,5,11.18,55.9,11
1027130507#1,8262308980,42438672,5,11.18,7.55,11
1027130508#0,9143542440,10171484169,4,11.18,7.68,11
1027130508#1,10171484169,9143542442,4,11.18,7.79,11
1027130509#0,42438672,5143758609,4,11.18,7.17,11
1027130509#1,5143758609,3254626250,4,11.18,82.34,11
1027130509#2,3254626250,9469550700,4,11.18,27.37,11
1027130510#0,9469550700,5143758605,3,11.18,33.6,11
1027130510#1,5143758605,42444933,3,11.18,8.52,11
1027130511#0,9469550702,8239225250,5,11.18,39.97,11
1027130511#1,8239225250,42437909,5,11.18,10.56,11
1027130512#0,9469550701,8239225231,3,11.18,32.36,11
1027130512#1,8239225231,42427477,3,11.18,8.34,11
1027130513#0,42427477,8239225237,4,11.18,7.1,11
1027130513#1,8239225237,9469550702,4,11.18,25.65,11
1027130514#0,42436439,8262308700,3,11.18,10.46,3
1027130514#1,8262308700,4685465959,3,11.18,27.149999999999995,3
1027181001#0,42435581,8307463706,2,11.18,8.74,11
1027181001#1,8307463706,6518638079,2,11.18,5.69,11
1027181003#0,42427812,10170593075,4,11.18,6.47,11
1027181003#1,10170593075,10170593080,4,11.18,64.96,11
1027181003#2,10170593080,4443775464,4,11.18,7.09,11
1027181004#0,9469803473,10170593076,5,11.18,40.97,11
1027181004#1,10170593076,42427812,5,11.18,8.69,11
1027181005#0,42435644,8660596990,3,11.18,11.300000000000002,11
1027181005#1,8660596990,9469803475,3,11.18,53.25,11
1027181006#0,9469803475,8660596975,3,11.18,12.42,11
1027181006#1,8660596975,42435645,3,11.18,7.239999999999999,11
1027181007#0,9469803476,10168088472,4,11.18,16.62,11
1027181007#1,10168088472,5849918504,4,11.18,8.85,11
1027189507#0,42435677,10168088491,3,11.18,8.13,11
1027189507#1,10168088491,10168088500,3,11.18,64.46,11
1027189507#2,10168088500,42435680,3,11.18,7.29,11
1027189508#0,9469961217,10168088492,5,11.18,12.91,11
1027189508#1,10168088492,42435677,5,11.18,6.13,11
1027189509#0,9469961218,10089666758,4,11.18,40.62,11
1027189509#1,10089666758,42435702,4,11.18,7.82,11
1027189509#2,42435702,10089637978,4,11.18,6.33,11
1027189509#3,10089637978,4207815979,4,11.18,51.47,11
1027189510#0,42435687,10091039011,4,11.18,7.87,11
1027189510#1,10091039011,9469961218,4,11.18,24.53,11
1027189511#0,9469961219,10168091323,5,11.18,12.14,11
1027189511#1,10168091323,42435687,5,11.18,6.470000000000001,11
1027206709#0,42440710,8310246305,2,11.18,10.71,11
1027206709#1,8310246305,8310246296,2,11.18,69.65,11
1027206709#2,8310246296,42429373,2,11.18,6.96,11
1027206709#3,42429373,8309479792,2,11.18,6.41,11
1027206709#4,8309479792,9470088387,2,11.18,53.47,11
1027206710#0,9470088387,8309479788,3,11.18,14.76,11
1027206710#1,8309479788,42439070,3,11.18,6.57,11
1027206711#0,42430857,8309479728,2,11.18,7.19,11
1027206711#1,8309479728,8265964350,2,11.18,60.19,11
1027206711#2,8265964350,42421877,2,11.18,7.27,11
1027206712#0,9470088388,8309479727,2,11.18,13.43,11
1027206712#1,8309479727,42430857,2,11.18,6.57,11
1027206713#0,9470088389,3584752516,2,11.18,14.5,3
1027206713#1,3584752516,3584752508,2,11.18,7.13,3
1027208772#0,42427787,9143542453,1,2.78,8.02,2
1027208772#1,9143542453,7369969937,1,2.78,43.7,2
1027227117#0,42439191,3686061920,1,11.18,11.8,10
1027227117#1,3686061920,9140927083,1,11.18,19.52,10
1027227118#0,9470272145,3601295722,5,11.18,18.22,12
1027227118#1,3601295722,42451787,5,11.18,5.71,12
1027227119#0,9470272146,8127675285,4,11.18,35.27,12
1027227119#1,8127675285,42436598,4,11.18,8.29,12
1027227120#0,42448707,3601295762,4,11.18,13.57,12
1027227120#1,3601295762,9470272146,4,11.18,28.4,12
1027227121#0,42436598,8127675288,4,11.18,7.28,12
1027227121#1,8127675288,9470272147,4,11.18,46.12,12
1027227122#0,9470272147,8119542594,4,11.18,17.39,12
1027227122#1,8119542594,42455897,4,11.18,7.61,12
1027227123#0,42455897,8119542586,4,11.18,10.11,12
1027227123#1,8119542586,9470272148,4,11.18,45.21,12
1027227124#0,9470272148,5007384476,4,11.18,18.67,12
1027227124#1,5007384476,42429918,4,11.18,7.65,12
1027227125#0,9470272149,8119193327,4,11.18,18.12,12
1027227125#1,8119193327,42446293,4,11.18,7.05,12
1027227126#0,42446293,8119192804,4,11.18,6.64,12
1027227126#1,8119192804,1632878994,4,11.18,11.11,12
1027227127#0,42453187,3928841148,4,11.18,9.75,12
1027227127#1,3928841148,6298391901,4,11.18,17.9,12
1027227127#2,6298391901,9470272151,4,11.18,4.85,12
1027227128#0,9470272150,3928841145,5,11.18,18.81,12
1027227128#1,3928841145,42453187,5,11.18,9.36,12
1027227129#0,9470272151,3932847289,5,11.18,42.99,12
1027227129#1,3932847289,42445390,5,11.18,13.7,12
1027228244#0,4917679392,3569749097,5,11.18,42.51,12
1027228244#1,3569749097,42445667,5,11.18,8.43,12
1028897919,42428922,561035358,1,13.89,18.94,3
1028897920#0,9660687202,10170641701,2,27.78,39.73,12
1028897920#1,10170641701,42428914,2,27.78,7.2,12
1028897920#2,42428914,10170641702,2,27.78,6.33,12
1028897920#3,10170641702,9660687203,2,27.78,32.61,12
1028897921#0,561035358,10743657296,2,27.78,7.5,12
1028897921#1,10743657296,2922071089,2,27.78,63.88,12
1028897921#2,2922071089,561035359,2,27.78,7.03,12
1028897921#3,561035359,2922071091,2,27.78,8.57,12
1028897921#4,2922071091,561035360,2,27.78,69.53,12
1028897922#0,561035358,10743657298,1,13.89,9.88,3
1028897922#1,10743657298,10617235677,1,13.89,180.42,3
1028897922#2,10617235677,42438295,1,13.89,9.5,3
1028897922#3,42438295,10617235678,1,13.89,7.99,3
1028897922#4,10617235678,10172767669,1,13.89,45.73,3
1028897922#5,10172767669,42438292,1,13.89,13.46,3
1028897922#6,42438292,10172767666,1,13.89,10.75,3
1028897922#7,10172767666,10743755755,1,13.89,113.46,3
1028897922#8,10743755755,42438291,1,13.89,7.42,3
1029395780,9490559519,6133355290,2,11.18,14.59,12
1029395781#0,42455963,10168544065,4,11.18,6.33,12
1029395781#1,10168544065,9490559520,4,11.18,30.76,12
1029395782#0,42438153,7925143970,5,11.18,7.279999999999999,12
1029395782#1,7925143970,7925258800,5,11.18,22.51,12
1029395782#2,7925258800,9490559521,5,11.18,6.58,12
1029395783,9490559521,6336676027,5,11.18,8.31,12
1029434609,3931524260,3786728679,1,11.18,18.37,3
1029434610#0,3931534872,7927319050,5,11.18,12.78,12
1029434610#1,7927319050,42443099,5,11.18,8.26,12
1029629816#0,42442870,8309479596,1,11.18,12.08,3
1029629816#1,8309479596,8309479591,1,11.18,203.02,3
1029629816#2,8309479591,42446547,1,11.18,13.99,3
1029629817#0,9492586118,8309479601,2,11.18,23.59,3
1029629817#1,8309479601,42442870,2,11.18,12.83,3
1029634435#0,42451695,8261122517,5,11.18,7.889999999999999,12
1029634435#1,8261122517,9492618960,5,11.18,5.65,12
1029634436#0,9492618961,8261122522,5,11.18,27.4,12
1029634436#1,8261122522,42446668,5,11.18,6.58,12
1029634742#0,9916138285,10166004086,1,11.18,20.95,10
1029634742#1,10166004086,9916138281,1,11.18,0.58,10
1029634742#2,9916138281,42431118,1,11.18,6.94,10
1029634742#3,42431118,9916138282,1,11.18,7.2,10
1029634742#4,9916138282,9492618964,1,11.18,29.2,10
1029634743#0,9492618964,9916138286,2,11.18,36.18,10
1029634743#1,9916138286,42431116,2,11.18,7.45,10
1029634744#0,42431113,9496980743,1,11.18,8.27,10
1029634744#1,9496980743,9916138289,1,11.18,64.57,10
1029634744#2,9916138289,42431116,1,11.18,7.26,10
1030119880,5637143331,5475082078,4,11.18,17.4,12
1030119881#0,42443044,7132406719,4,11.18,6.28,12
1030119881#1,7132406719,7134855800,4,11.18,64.8,12
1030119881#2,7134855800,42436549,4,11.18,8.35,12
1030119881#3,42436549,7134855819,4,11.18,6.99,12
1030119881#4,7134855819,9496052473,4,11.18,53.08,12
1030119882#0,9496052473,7134855789,5,11.18,11.65,12
1030119882#1,7134855789,42443042,5,11.18,8.46,12
1030119883#0,9496052474,7834025506,5,11.18,60.7,12
1030119883#1,7834025506,42429340,5,11.18,10.64,12
1030119884#0,9496052475,6670244877,5,11.18,13.080000000000002,12
1030119884#1,6670244877,42431681,5,11.18,7.610000000000001,12
1030119885#0,8750047669,5542680283,5,11.18,17.9,12
1030119885#1,5542680283,42442977,5,11.18,8.47,12
1030119886#0,42442977,8855629721,5,11.18,7.56,12
1030119886#1,8855629721,9496052476,5,11.18,43.28,12
1030119887#0,9496052476,10170658701,5,11.18,20.75,12
1030119887#1,10170658701,42431659,5,11.18,8.35,12
1030119888#0,42442963,8112585804,5,11.18,7.99,12
1030119888#1,8112585804,4918486108,5,11.18,64.19,12
1030119888#2,4918486108,42436527,5,11.18,7.68,12
1030119889#0,9496052477,8112585803,5,11.18,19.92,12
1030119889#1,8112585803,42442963,5,11.18,6.55,12
1030119890#0,9496052478,4918486793,6,11.18,23.460000000000004,12
1030119890#1,4918486793,6176483595,6,11.18,8.200000000000001,12
1030119891#0,42442961,6188803954,5,11.18,8.93,12
1030119891#1,6188803954,9496052479,5,11.18,17.06,12
1030119892#0,42432861,10121802251,5,11.18,13.580000000000002,12
1030119892#1,10121802251,9496052480,5,11.18,51.67,12
1030119893#0,9496052480,9216586543,6,11.18,13.74,12
1030119893#1,9216586543,42442960,6,11.18,8.88,12
1030123270#0,9496073803,3569749116,6,11.18,15.200000000000001,12
1030123270#1,3569749116,42442939,6,11.18,7.909999999999999,12
1030123271#0,42442943,9509176089,6,11.18,6.71,12
1030123271#1,9509176089,9496073803,6,11.18,49.57,12
1030123272#0,4207912631,10170493815,6,11.18,18.31,12
1030123272#1,10170493815,42442943,6,11.18,7.82,12
1030123273#0,42434090,10168666986,6,11.18,8.18,12
1030123273#1,10168666986,10173288473,6,11.18,64.88,12
1030123273#2,10173288473,42442947,6,11.18,7.21,12
1030123273#3,42442947,10173288477,6,11.18,6.81,12
1030123273#4,10173288477,4207912631,6,11.18,46.57999999999999,12
1030123274#0,9496073804,10168666984,6,11.18,16.97,12
1030123274#1,10168666984,42434090,6,11.18,7.31,12
1030123275#0,9496073805,10166171342,6,11.18,15.44,12
1030123275#1,10166171342,42442949,6,11.18,7.46,12
1030123276#0,9496073806,10168544028,6,11.18,16.55,12
1030123276#1,10168544028,42442952,6,11.18,7.340000000000001,12
1030123277#0,9496073807,10168544021,5,11.18,14.309999999999999,12
1030123277#1,10168544021,42442955,5,11.18,5.78,12
1030123278#0,42442959,10168544046,5,11.18,10.27,12
1030123278#1,10168544046,9496073808,5,11.18,48.93,12
1030123279#0,9496073808,10168544054,5,11.18,14.73,12
1030123279#1,10168544054,42442957,5,11.18,7.58,12
1030139835#0,9496199167,9509151988,5,11.18,26.54,12
1030139835#1,9509151988,42432464,5,11.18,8.94,12
1030139836#0,9496199168,3997454660,6,11.18,19.52,12
1030139836#1,3997454660,42442935,6,11.18,7.28,12
1030139837#0,4207912625,7640856879,6,11.18,27.76,12
1030139837#1,7640856879,42442931,6,11.18,9.29,12
1030142749,9338511504,1205714875,1,13.89,8.36,4
1030243868#0,42431102,7801775715,1,11.18,7.5,10
1030243868#1,7801775715,9496980741,1,11.18,64.87,10
1030243868#2,9496980741,42431104,1,11.18,6.56,10
1030243869#0,42431104,9496980739,1,22.22,8.06,10
1030243869#1,9496980739,9496980731,1,22.22,35.75,10
1030243870#0,9496980731,9496980735,2,22.22,29.61,10
1030243870#1,9496980735,42431106,2,22.22,6.91,10
1030243871#0,42431106,9496980736,1,22.22,7.23,10
1030243871#1,9496980736,9916138295,1,22.22,64.77,10
1030243871#2,9916138295,42431107,1,22.22,8.28,10
1030243872#0,42431107,9916138292,1,11.18,6.87,10
1030243872#1,9916138292,9496980732,1,11.18,33.75,10
1030243873#0,9496980732,9916138291,2,11.18,31.94,10
1030243873#1,9916138291,42431108,2,11.18,6.78,10
1030243874#0,9496980733,6880029875,2,11.18,32.36,10
1030243874#1,6880029875,42431113,2,11.18,6.28,10
1030243875#0,9496980733,6880029851,2,11.18,33.88,10
1030243875#1,6880029851,42431111,2,11.18,6.82,10
1030243877,6912871508,42431108,1,22.22,6.97,10
1030282418#0,10583167620,1241256377,2,11.18,34.58,11
1030282418#1,1241256377,42430535,2,11.18,11.59,11
1030283845,9497340689,2823833594,2,11.18,32.46,12
1031400324#0,5131026388,7640856867,5,11.18,13.830000000000002,12
1031400324#1,7640856867,9505880049,5,11.18,43.29,12
1031400325#0,9505880049,6716668070,6,11.18,21.59,12
1031400325#1,6716668070,42442913,6,11.18,8.64,12
1031408121#0,42437967,5863593964,2,11.18,10.03,12
1031408121#1,5863593964,9505971541,2,11.18,4.44,12
1031408122#0,9505971542,8307641626,3,11.18,47.82,12
1031408122#1,8307641626,42433545,3,11.18,10.28,12
1031408124#0,9505971547,8279851250,3,11.18,43.39000000000001,12
1031408124#1,8279851250,3212472978,3,11.18,7.8,12
1031408125#0,42457821,8307641630,2,11.18,10.31,12
1031408125#1,8307641630,9505971548,2,11.18,24.72,12
1031408126#0,5706568658,8279851226,2,11.18,7.41,12
1031408126#1,8279851226,9505971547,2,11.18,21.21,12
1031408127#0,7480301987,5863601510,2,11.18,6.44,12
1031408127#1,5863601510,9505971549,2,11.18,4.05,12
1031408128,9505971550,9651072563,2,11.18,58.97,12
1031879418#0,2351532388,8288270442,2,13.89,4.05,3
1031879418#1,8288270442,4600847096,2,13.89,25.49,3
1031879418#2,4600847096,9509518365,2,13.89,93.19,3
1031978967#0,11027819094,11049420897,4,13.41,15.12,13
1031978967#1,11049420897,402480678,4,13.41,17.76,13
1031982727,4814440062,1764400300,2,27.78,14.24,12
1031982728,42452485,1764400297,2,27.78,15.59,12
1032030270,1705982037,7732551670,1,27.78,25.78,11
1032030521#0,9510751089,10171169060,2,13.89,48.7,3
1032030521#1,10171169060,42454433,2,13.89,11.9,3
1032031974#0,42453310,10172843077,3,11.18,8.13,12
1032031974#1,10172843077,5307048043,3,11.18,26.790000000000003,12
1032033403#0,9510729384,4234425019,2,11.18,24.87,3
1032033403#1,4234425019,42436753,2,11.18,13.7,3
1032043567#0,9510853474,7111566463,2,11.18,24.1,3
1032043567#1,7111566463,8429175891,2,11.18,42.64,3
1032043567#2,8429175891,42439272,2,11.18,13.5,3
1032451923#0,9512697968,6670244840,3,11.18,24.459999999999997,3
1032451923#1,6670244840,42428003,3,11.18,11.61,3
1032453060#0,42434845,4890553383,1,11.18,9.94,12
1032453060#1,4890553383,42434842,1,11.18,11.5,12
1032454983#0,9512766062,42421882,2,11.18,29.7,3
1032454983#1,42421882,42421889,2,11.18,13.89,3
1032457575#0,561035343,10049830846,2,27.78,14.11,12
1032457575#1,10049830846,9512801659,2,27.78,35.26,12
1032457576,561035344,2541754794,1,13.89,11.07,3
1032457577#0,9512801659,10050036787,3,27.78,28.49,12
1032457577#1,10050036787,561035344,3,27.78,6.52,12
1032459844#0,9512791614,6369613048,2,11.18,32.67,11
1032459844#1,6369613048,42452067,2,11.18,10.93,11
1032460512#0,42437201,6784911813,1,13.89,11.28,3
1032460512#1,6784911813,5481978582,1,13.89,59.62,3
1032460512#2,5481978582,6223478668,1,13.89,14.29,3
1032460512#3,6223478668,6784911815,1,13.89,59.55,3
1032460512#4,6784911815,42446155,1,13.89,12.1,3
1032460512#5,42446155,7096519005,1,13.89,12.16,3
1032460512#6,7096519005,8809269782,1,13.89,36.27,3
1032460512#7,8809269782,8809259384,1,13.89,43.27,3
1032460512#8,8809259384,7096519023,1,13.89,46.08,3
1032460512#9,7096519023,596776546,1,13.89,6.66,3
1032460513#0,596776594,10170646995,1,11.18,6.33,12
1032460513#1,10170646995,10127369887,1,11.18,64.97,12
1032460513#10,10173037243,596776497,1,11.18,79.17,12
1032460513#11,596776497,7924346847,1,11.18,77.58,12
1032460513#12,7924346847,596776534,1,11.18,10.28,12
1032460513#13,596776534,7924346968,1,11.18,7.61,12
1032460513#14,7924346968,596775852,1,11.18,65.01,12
1032460513#15,596775852,5481978555,1,11.18,18.84,12
1032460513#16,5481978555,7523953839,1,11.18,49.66,12
1032460513#17,7523953839,596775856,1,11.18,21.97,12
1032460513#18,596775856,7096518991,1,11.18,63.98,12
1032460513#19,7096518991,596776546,1,11.18,8.85,12
1032460513#2,10127369887,596776624,1,11.18,7.67,12
1032460513#3,596776624,10127369886,1,11.18,7.18,12
1032460513#4,10127369886,10170646953,1,11.18,64.97,12
1032460513#5,10170646953,596776442,1,11.18,7.16,12
1032460513#6,596776442,10170646959,1,11.18,6.91,12
1032460513#7,10170646959,10173037242,1,11.18,65.01,12
1032460513#8,10173037242,596776474,1,11.18,8.11,12
1032460513#9,596776474,10173037243,1,11.18,6.91,12
1032460514#0,596776546,42449413,2,11.18,25.15,3
1032460514#1,42449413,7096519033,2,11.18,6.4,3
1032460514#2,7096519033,7096519025,2,11.18,128.24,3
1032460514#3,7096519025,42447196,2,11.18,8.29,3
1032460516#0,42447196,7096519016,2,13.89,8.71,3
1032460516#1,7096519016,7924346879,2,13.89,132.39,3
1032460516#2,7924346879,42449422,2,13.89,14.28,3
1032460517#0,42449422,7924346695,5,27.78,9.86,12
1032460517#1,7924346695,1775171884,5,27.78,63.38000000000001,12
1032460517#2,1775171884,7924346600,5,27.78,14.99,12
1032460517#3,7924346600,5764773007,5,27.78,29.99,12
1032460517#4,5764773007,7658692106,5,27.78,37.34,12
1032460517#5,7658692106,4983782407,5,27.78,71.6,12
1032460517#6,4983782407,42435396,5,27.78,8.9,12
1032468212,42451564,3099326127,1,13.89,16.41,3
1032468213#0,3099326127,10172833430,3,27.78,6.07,11
1032468213#1,10172833430,4207724579,3,27.78,39.26,11
1032474958,2329912061,1506445822,1,27.78,12.05,11
1032478302,9512923371,4202984495,2,11.18,16.13,11
1032480137#0,5004570651,7785880663,3,27.78,7.5,11
1032480137#1,7785880663,9513053640,3,27.78,37.48,11
1032481034#0,42452026,8231935505,1,11.18,7.86,11
1032481034#1,8231935505,9513049126,1,11.18,48.46,11
1032481035#0,42433574,8231922384,1,11.18,7.23,3
1032481035#1,8231922384,2151385472,1,11.18,131.15,3
1032481035#2,2151385472,42433573,1,11.18,11.62,3
1032481036#0,9513049126,8231922385,2,11.18,16.87,11
1032481036#1,8231922385,42433574,2,11.18,6.8,11
1032481037#0,42449570,8231922369,1,11.18,5.8,11
1032481037#1,8231922369,9513049128,1,11.18,45.72,11
1032481038#0,9513049127,8231922372,2,11.18,16.83,11
1032481038#1,8231922372,42449570,2,11.18,7.08,11
1032481039#0,9513049128,8231922366,2,11.18,19.59,11
1032481039#1,8231922366,42428436,2,11.18,9.09,11
1032481427#0,42441308,7785782261,1,27.78,8.79,11
1032481427#1,7785782261,42441310,1,27.78,22.88,11
1032502934#0,42446622,4206997181,3,11.18,5.8,11
1032502934#1,4206997181,9513259943,3,11.18,98.38,11
1032502935#0,9513259943,8262936655,2,11.18,44.3,11
1032502935#1,8262936655,42456888,2,11.18,8.84,11
1032502936#0,42434412,8262936648,1,11.18,8.92,4
1032502936#1,8262936648,8262936661,1,11.18,71.75,4
1032502936#2,8262936661,42434413,1,11.18,7.22,4
1032502937#0,42456888,10299850210,3,11.18,8.13,11
1032502937#1,10299850210,8262936647,3,11.18,28.37,11
1032502937#2,8262936647,42434412,3,11.18,5.919999999999999,11
1032791398#0,9515699765,10049830848,1,22.22,53.32,7
1032791398#1,10049830848,42428863,1,22.22,20.16,7
1033100795,9518268089,5004570653,1,13.89,8.88,3
1033101550#0,2340960702,9518268744,1,13.89,28.84,3
1033101550#1,9518268744,1504153604,1,13.89,10.56,3
1034527687#0,9530117362,8307641785,2,11.18,22.25,12
1034527687#1,8307641785,5706569898,2,11.18,12.16,12
1034527688#0,42427322,8307641677,1,11.18,9.04,3
1034527688#1,8307641677,8231931835,1,11.18,41.52,3
1034527688#2,8231931835,42439580,1,11.18,9.4,3
1034527689#0,42439580,8231931837,2,11.18,6.03,12
1034527689#1,8231931837,9530117363,2,11.18,41.9,12
1034527690,9530117363,9530117362,2,11.18,20.8,12
1034528020#0,9530140907,7787627745,2,11.18,18.22,12
1034528020#1,7787627745,4207806923,2,11.18,7.15,12
1034528354#0,9530140478,8279851243,3,11.18,26.08,12
1034528354#1,8279851243,6330018917,3,11.18,11.06,12
1034529064#0,9530100567,8660596976,2,27.78,23.96,11
1034529064#1,8660596976,42435646,2,27.78,13.33,11
1034703028#0,9531564558,10168324134,2,11.18,36.78,4
1034703028#1,10168324134,8261122840,2,11.18,10.84,4
1034703028#2,8261122840,42427824,2,11.18,13.72,4
1034711427,9531614982,4207724582,3,27.78,15.18,11
1034716084,9531712058,4207724574,3,27.78,21.91,11
1036099866,42450876,9545963078,2,22.22,20.63,9
1036099867#0,9181587079,9438441028,2,22.22,13.9,9
1036099867#1,9438441028,9181587071,2,22.22,2.37,9
1036099867#2,9181587071,42423051,2,22.22,10.05,9
1036546555,9549667211,4375208207,2,11.18,31.7,3
1036554450#0,9549750338,7640871308,2,11.18,47.08,10
1036554450#1,7640871308,42442902,2,11.18,13.47,10
1036561583#0,42428588,6547993888,2,27.78,17.34,12
1036561583#1,6547993888,8780665871,2,27.78,30.74,12
1036561583#2,8780665871,42428583,2,27.78,4.35,12
1036712190,9551028264,4207937591,3,11.18,31.41,11
1036714796#0,4143851142,8304498314,1,11.18,29.73,3
1036714796#1,8304498314,4143851144,1,11.18,6.47,3
1036714796#2,4143851144,8304498311,1,11.18,6.39,3
1036714796#3,8304498311,9551078699,1,11.18,32.0,3
1036714797#0,9551078699,8304498288,3,11.18,30.88,3
1036714797#1,8304498288,42453777,3,11.18,7.099999999999999,3
1036714798#0,42453777,8304498295,1,11.18,16.14,3
1036714798#1,8304498295,42430118,1,11.18,17.38,3
1036714798#2,42430118,8304498291,1,11.18,13.28,3
1036714798#3,8304498291,10748446188,1,11.18,21.66,3
1036714798#4,10748446188,8312344413,1,11.18,48.72,3
1036714798#5,8312344413,42453773,1,11.18,11.19,3
1036714799#0,42447246,8307641815,4,11.18,6.57,3
1036714799#1,8307641815,8307641824,4,11.18,46.81,3
1036714799#2,8307641824,42440825,4,11.18,15.26,3
1036714800#0,42430126,2155551110,1,11.18,15.06,3
1036714800#1,2155551110,8307641817,1,11.18,101.37,3
1036714800#2,8307641817,42447246,1,11.18,12.33,3
1037772009#0,42449308,8119462496,3,11.18,9.14,12
1037772009#1,8119462496,5250625883,3,11.18,64.39,12
1037772009#2,5250625883,3786901738,3,11.18,7.31,12
1037772010#0,100522741,420591231,1,27.78,11.01,11
1037772010#1,420591231,9753730048,1,27.78,92.79,11
1037772011,9140654137,3842775636,1,11.18,59.2,12
1037772578#0,2302133933,10166167583,3,11.18,6.900000000000001,11
1037772578#1,10166167583,8835579631,3,11.18,64.32,11
1037772578#2,8835579631,42436582,3,11.18,7.32,11
1037772579#0,42436582,10166167591,3,11.18,6.7,11
1037772579#1,10166167591,9558740370,3,11.18,34.78,11
1038355662#0,9563435886,9563435887,1,13.89,13.2,3
1038355662#1,9563435887,9563435890,1,13.89,31.32,3
1038355662#2,9563435890,42439065,1,13.89,8.71,3
1038772917#0,3212472843,3212472654,2,11.18,11.55,12
1038772917#1,3212472654,3212698619,2,11.18,80.82,12
1038772917#2,3212698619,42432108,2,11.18,7.19,12
1038772917#3,42432108,3212698624,2,11.18,5.55,12
1038772917#4,3212698624,9566164221,2,11.18,38.24,12
1038772918#0,9566164221,5043084249,3,11.18,56.54,12
1038772918#1,5043084249,42437996,3,11.18,8.71,12
1038772919#0,42437996,3212472853,1,11.18,8.84,11
1038772919#1,3212472853,3212472646,1,11.18,3.87,11
1038772919#2,3212472646,5804809463,1,11.18,4.05,11
1038772919#3,5804809463,42437962,1,11.18,9.09,11
1038780408#0,4443775464,10170593081,4,11.18,7.42,11
1038780408#1,10170593081,9469803474,4,11.18,28.24,11
1038784416#0,9566279635,10167162603,2,11.18,28.53,3
1038784416#1,10167162603,42427786,2,11.18,11.35,3
1038787431#0,9566287824,8231927331,2,11.18,21.33,11
1038787431#1,8231927331,42445489,2,11.18,10.76,11
1038856010,9566822907,9566822912,1,22.22,24.72,9
1038939784#0,9567470137,10168911563,2,11.18,45.23,10
1038939784#1,10168911563,42435420,2,11.18,13.38,10
1038965644#0,9469550700,9804244669,1,22.22,37.42,6
1038965644#1,9804244669,5545401592,1,22.22,8.81,6
1038972476,42441000,9567696633,2,27.78,16.25,12
1039008582#0,42441953,42428928,1,13.89,143.02,3
1039008582#1,42428928,561035360,1,13.89,18.1,3
1039008583#0,561035360,9703359669,2,27.78,73.91,12
1039008583#1,9703359669,561035361,2,27.78,12.95,12
1039050546,42429809,4300940094,2,11.18,48.5,3
103917119#0,42433027,9569897417,1,11.18,8.75,11
103917119#1,9569897417,9569882306,1,11.18,71.97,11
103917119#2,9569882306,42433024,1,11.18,8.92,11
103917119#3,42433024,9569882305,1,11.18,6.9,11
103917119#4,9569882305,9569882295,1,11.18,68.42,11
103917119#5,9569882295,42433020,1,11.18,9.24,11
103917121#0,42432999,42433007,1,11.18,49.85,11
103917121#1,42433007,42433011,1,11.18,18.52,11
1040748541,8635848190,6166426233,2,22.22,23.72,9
1040766903,9582526980,9427432088,4,11.18,15.28,11
1040825596#0,42434246,9557088472,2,11.18,12.5,12
1040825596#1,9557088472,9582985643,2,11.18,7.13,12
1040863518#0,42434357,9679181028,1,11.18,9.04,3
1040863518#1,9679181028,9583218041,1,11.18,109.21,3
1040863519#0,9583218041,9679181032,2,11.18,22.89,3
1040863519#1,9679181032,42437283,2,11.18,13.87,3
1040863520#0,42449890,9507816942,3,11.18,7.88,12
1040863520#1,9507816942,9679181057,3,11.18,59.88,12
1040863520#2,9679181057,42446875,3,11.18,6.41,12
1040863520#3,42446875,9679181065,3,11.18,7.79,12
1040863520#4,9679181065,9679181047,3,11.18,60.01,12
1040863520#5,9679181047,42437283,3,11.18,7.400000000000001,12
1040877494,42437289,685164633,1,11.18,14.23,3
1040888764#0,9583416934,8288270375,2,13.89,17.44,3
1040888764#1,8288270375,42444985,2,13.89,12.22,3
1041012063#0,42423885,8288270411,5,11.18,7.94,12
1041012063#1,8288270411,11149329007,5,11.18,1.59,12
1041012063#2,11149329007,428219648,5,11.18,18.25,12
1041012064#0,428219648,8288270424,6,11.18,40.13999999999999,12
1041012064#1,8288270424,42446504,6,11.18,9.01,12
1041016547,9584424993,5173488749,2,11.18,34.37,3
1041018376#0,42437688,10172837314,2,11.18,15.11,10
1041018376#1,10172837314,9584459602,2,11.18,28.23,10
1041018377#0,9584459603,6814312340,2,11.18,44.08,10
1041018377#1,6814312340,4443775464,2,11.18,13.76,10
1041021164#0,42442422,5115916420,3,27.78,9.99,12
1041021164#1,5115916420,9584468481,3,27.78,20.2,12
1041056524,1773066054,9584768447,2,11.18,47.95,12
1041145719,9585469564,4207716487,3,11.18,18.94,12
1041149360#0,42438913,8758287371,1,13.89,11.48,3
1041149360#1,8758287371,10171069656,1,13.89,243.61,3
1041149360#2,10171069656,42435802,1,13.89,12.42,3
1041149360#3,42435802,10171069660,1,13.89,12.84,3
1041149360#4,10171069660,10171069668,1,13.89,57.57,3
1041149360#5,10171069668,42432926,1,13.89,14.18,3
1041149360#6,42432926,10171069672,1,13.89,13.88,3
1041149360#7,10171069672,10168029070,1,13.89,32.65,3
1041149360#8,10168029070,42438920,1,13.89,8.95,3
1041149361#0,42438913,10171219281,3,11.18,6.06,12
1041149361#1,10171219281,4207716490,3,11.18,28.3,12
104144064,42432785,1764400302,2,27.78,12.02,12
104169857#0,1202018682,1202018697,1,8.94,6.33,3
104169857#1,1202018697,6865009899,1,8.94,25.86,3
104169857#2,6865009899,6865009898,1,8.94,19.14,3
104169857#3,6865009898,1202018682,1,8.94,7.87,3
1042964168#0,42433822,4320028822,1,11.18,7.02,3
1042964168#1,4320028822,4320028816,1,11.18,16.79,3
1042964168#2,4320028816,42430803,1,11.18,17.52,3
1042964169#0,42430805,4320028842,1,11.18,13.42,3
1042964169#1,4320028842,4320028809,1,11.18,13.92,3
1042964169#2,4320028809,42433822,1,11.18,5.97,3
1042970371#0,3777860991,8304497701,2,11.18,24.2,3
1042970371#1,8304497701,42429565,2,11.18,9.93,3
104315946#0,42445561,9561557611,1,13.89,56.43,3
104315946#1,9561557611,42445046,1,13.89,8.21,3
104315947#0,1203709420,9561557612,1,13.89,23.91,3
104315947#1,9561557612,42435412,1,13.89,7.78,3
1043336433#0,593972687,7903850300,2,13.89,31.76,4
1043336433#1,7903850300,42445001,2,13.89,14.33,4
1043341289#0,3718672443,5117991227,3,11.18,11.1,11
1043341289#1,5117991227,5117991231,3,11.18,29.13,11
1043341289#2,5117991231,1061531707,3,11.18,12.11,11
1043341289#3,1061531707,42428595,3,11.18,18.75,11
1043341291#0,9602428100,8124631981,3,11.18,4.58,11
1043341291#1,8124631981,5117991237,3,11.18,43.5,11
1043341295#0,4557517555,8262308685,1,11.18,7.54,3
1043341295#1,8262308685,8262308690,1,11.18,68.16,3
1043341295#2,8262308690,4557517554,1,11.18,12.34,3
1043350176,5763775589,42428858,1,13.89,22.43,3
1043350177#0,42428863,10049830850,1,27.78,15.73,12
1043350177#1,10049830850,10049830860,1,27.78,56.59,12
1043350177#2,10049830860,42428858,1,27.78,9.09,12
1043350178#0,1506591534,9520170422,3,27.78,9.09,12
1043350178#1,9520170422,9518259634,3,27.78,62.84,12
1043350178#2,9518259634,42428844,3,27.78,7.44,12
1043350178#3,42428844,9518259639,3,27.78,7.86,12
1043350178#4,9518259639,9518259642,3,27.78,65.7,12
1043350178#5,9518259642,1506591536,3,27.78,11.57,12
1043350179#0,1506591534,9520170425,1,13.89,8.85,3
1043350179#1,9520170425,10050039071,1,13.89,68.67,3
1043350179#2,10050039071,1332860731,1,13.89,7.93,3
1043350179#3,1332860731,10050039074,1,13.89,9.51,3
1043350179#4,10050039074,10050004447,1,13.89,68.47,3
1043350179#5,10050004447,1332860726,1,13.89,9.07,3
1043517682,9603866900,370705004,2,11.18,44.11,11
104502445,1205714875,1205714863,1,13.89,8.98,4
1046481426,9170816531,42428588,3,11.18,30.09,12
1046481427#0,9170816531,9909932989,2,27.78,8.12,12
1046481427#1,9909932989,6173564360,2,27.78,9.42,12
1046481428#0,9170816532,9909932988,2,11.18,7.17,12
1046481428#1,9909932988,9170816531,2,11.18,4.76,12
1046481429#0,9170816532,5117963660,2,11.18,13.13,11
1046481429#1,5117963660,7504495668,2,11.18,200.66,11
1046745000#0,9625590216,10168825901,2,13.89,33.0,3
1046745000#1,10168825901,42446949,2,13.89,10.77,3
1046750793#0,9625662426,9679181077,3,11.18,46.080000000000005,3
1046750793#1,9679181077,4597668026,3,11.18,9.16,3
1046751100#0,9625658173,10171038454,2,13.89,35.62,3
1046751100#1,10171038454,42446203,2,13.89,8.9,3
1046751142#0,9625649347,9680486907,1,13.89,45.11,3
1046751142#1,9680486907,42433017,1,13.89,7.99,3
1047067668,7620540917,6868145381,1,13.89,8.34,3
1047067669,7620540917,6868145384,2,27.78,11.85,11
104917361#0,374494536,1209796057,1,13.89,55.26,3
104917361#1,1209796057,374494595,1,13.89,14.19,3
104917361#2,374494595,42454893,1,13.89,35.31,3
1049640883,278638234,42423640,2,22.22,175.75,9
1049828457,1775176474,1775176488,1,22.22,37.19,8
1049837362#0,9647667077,10166167630,2,11.18,37.92,3
1049837362#1,10166167630,42436748,2,11.18,8.81,3
1049837953,42431822,9647705405,1,11.18,11.02,3
1049837954,9647705405,9647705406,2,11.18,11.84,3
104984000#0,42454313,1205715024,1,8.94,78.53,3
104984000#1,1205715024,42427782,1,8.94,91.8,3
104984000#2,42427782,1210384798,1,8.94,102.56,3
104984009#0,1210384798,42454300,1,8.94,56.9,3
104984009#1,42454300,7729759885,1,8.94,91.86,3
104984009#10,9563795518,42454240,1,8.94,7.34,3
104984009#11,42454240,9563795517,1,8.94,7.42,3
104984009#12,9563795517,9550791823,1,8.94,207.87,3
104984009#13,9550791823,42444081,1,8.94,10.31,3
104984009#2,7729759885,42450290,1,8.94,49.37,3
104984009#3,42450290,9563795438,1,8.94,116.43,3
104984009#4,9563795438,42436296,1,8.94,7.52,3
104984009#5,42436296,9563795439,1,8.94,7.79,3
104984009#6,9563795439,9563795534,1,8.94,106.52,3
104984009#7,9563795534,42445689,1,8.94,7.98,3
104984009#8,42445689,9563795536,1,8.94,7.42,3
104984009#9,9563795536,9563795518,1,8.94,121.7,3
1049841322#0,100522741,9140654139,3,11.18,7.099999999999999,12
1049841322#1,9140654139,10125233053,3,11.18,65.82,12
1049841322#10,10125233042,3977886195,3,11.18,65.8,12
1049841322#11,3977886195,42459098,3,11.18,7.260000000000001,12
1049841322#12,42459098,3977886199,3,11.18,7.47,12
1049841322#13,3977886199,10125233926,3,11.18,65.28,12
1049841322#14,10125233926,42440456,3,11.18,7.81,12
1049841322#2,10125233053,100522728,3,11.18,7.12,12
1049841322#3,100522728,10125233047,3,11.18,6.349999999999999,12
1049841322#4,10125233047,10165922708,3,11.18,65.71,12
1049841322#5,10165922708,42448811,3,11.18,7.59,12
1049841322#6,42448811,10125233043,3,11.18,6.78,12
1049841322#7,10125233043,10165922715,3,11.18,65.48,12
1049841322#8,10165922715,42438886,3,11.18,7.28,12
1049841322#9,42438886,10125233042,3,11.18,7.23,12
1049841323,42440456,596775876,1,13.89,16.88,3
1049843664#0,42429986,4918486925,2,22.22,14.57,10
1049843664#1,4918486925,9647707410,2,22.22,36.47,10
1049843665#0,9647707410,10121802231,3,22.22,80.55,10
1049843665#1,10121802231,6744466013,3,22.22,9.07,10
1049844343#0,4578017557,10222417558,3,13.89,3.6199999999999997,3
1049844343#1,10222417558,10222417542,3,13.89,24.53,3
1049844343#2,10222417542,4578017558,3,13.89,6.599999999999999,3
1049845754#0,8669764313,6597498398,3,13.89,76.15,3
1049845754#1,6597498398,5849918504,3,13.89,12.24,3
1049852135,9647821378,4207143435,4,13.41,83.36,13
1049854214,1918039897,42445511,2,11.18,15.27,12
1049854215#0,42445511,5829927765,4,11.18,10.54,12
1049854215#1,5829927765,5829927769,4,11.18,28.1,12
1049854215#2,5829927769,42457319,4,11.18,7.48,12
1049879866#0,42446945,10170983203,3,27.78,7.349999999999999,11
1049879866#1,10170983203,10170983211,3,27.78,64.52,11
1049879866#2,10170983211,42446942,3,27.78,8.84,11
1049879867#0,42453986,10171035518,2,13.89,8.84,3
1049879867#1,10171035518,10170983204,2,13.89,128.24,3
1049879867#2,10170983204,42446945,2,13.89,10.81,3
1049879868#0,42449938,9987259775,1,11.18,13.61,3
1049879868#1,9987259775,9987259776,1,11.18,64.03,3
1049879868#2,9987259776,42453999,1,11.18,9.01,3
1049879869#0,9648120126,10125260554,1,13.89,12.25,3
1049879869#1,10125260554,42449938,1,13.89,13.09,3
1049888072#0,42435680,10168088499,4,11.18,8.68,11
1049888072#1,10168088499,9648221827,4,11.18,39.98,11
1049888073,9648221827,4207957615,5,11.18,13.59,11
1049920715#0,9821598084,10169532539,2,13.89,31.6,3
1049920715#1,10169532539,42439964,2,13.89,11.05,3
1049920716#0,42439968,10169532533,4,11.18,8.9,11
1049920716#1,10169532533,10169532540,4,11.18,61.47,11
1049920716#2,10169532540,42439964,4,11.18,8.35,11
1049920717#0,42433611,10169532564,2,13.89,12.16,3
1049920717#1,10169532564,10173490604,2,13.89,117.46,3
1049920717#2,10173490604,42428268,2,13.89,11.66,3
1049920718#0,42439964,10169532541,4,11.18,9.59,11
1049920718#1,10169532541,10169532565,4,11.18,61.79,11
1049920718#2,10169532565,42433611,4,11.18,10.6,11
1049948413#0,42436578,10166167526,2,11.18,9.11,12
1049948413#1,10166167526,10166167564,2,11.18,62.23,12
1049948413#2,10166167564,42456555,2,11.18,6.49,12
1049948414,4597668029,42436578,1,11.18,10.42,3
1050175622#0,6804917583,4296710218,2,11.18,33.45,3
1050175622#1,4296710218,42439181,2,11.18,14.83,3
1050195960#0,9651072563,5863593981,3,11.18,39.64,12
1050195960#1,5863593981,42437990,3,11.18,9.82,12
1050255674#0,42437949,8309478849,1,11.18,8.78,11
1050255674#1,8309478849,6255601608,1,11.18,57.61,11
1050255674#2,6255601608,6255601607,1,11.18,7.09,11
1050255674#3,6255601607,9651514501,1,11.18,34.88,11
1050255675#0,42433298,3584752292,1,11.18,8.24,3
1050255675#1,3584752292,42433356,1,11.18,57.85,3
1050255675#2,42433356,8309478880,1,11.18,45.24,3
1050255675#3,8309478880,42456303,1,11.18,7.25,3
1050255676#0,9651514501,8309478881,2,11.18,34.88,11
1050255676#1,8309478881,42456303,2,11.18,8.27,11
1050255677#0,42449589,8309479170,2,11.18,7.2,11
1050255677#1,8309479170,8309479166,2,11.18,65.08,11
1050255677#2,8309479166,42428473,2,11.18,10.49,11
1050928154#0,8913108828,9657487790,1,22.22,35.27,6
1050928154#1,9657487790,9657487789,1,22.22,6.15,6
1050929338#0,9469550701,9657516447,1,22.22,36.3,6
1050929338#1,9657516447,9657516446,1,22.22,9.0,6
1051013420#0,2141026510,10171219269,3,11.18,7.63,12
1051013420#1,10171219269,9055916302,3,11.18,28.01,12
1051014410,4205830394,9658346967,3,11.18,20.67,12
1051038563,9658594744,4207716485,3,11.18,21.07,12
1051266487#0,42428922,10743657292,3,27.78,6.739999999999999,12
1051266487#1,10743657292,9660687201,3,27.78,26.23,12
1051266488#0,9660687201,10170641716,2,27.78,38.84,12
1051266488#1,10170641716,42428919,2,27.78,8.27,12
1051266488#2,42428919,10170703017,2,27.78,6.52,12
1051266488#3,10170703017,10170641708,2,27.78,65.19,12
1051266488#4,10170641708,42428917,2,27.78,7.46,12
1051266489#0,42433811,10168100464,1,13.89,5.47,3
1051266489#1,10168100464,6934113725,1,13.89,63.19,3
1051266489#2,6934113725,6865755474,1,13.89,36.29,3
1051266489#3,6865755474,10168100460,1,13.89,74.86,3
1051266489#4,10168100460,42428917,1,13.89,9.06,3
1051266490#0,42428917,10170641709,3,27.78,6.82,12
1051266490#1,10170641709,9660687202,3,27.78,25.59,12
1051266491,561035354,42428913,1,13.89,18.56,3
1051266492#0,9660687204,10177688694,2,27.78,43.27,12
1051266492#1,10177688694,42428912,2,27.78,8.04,12
1051266493#0,9660687203,10168100451,2,27.78,31.48,12
1051266493#1,10168100451,42428913,2,27.78,8.31,12
1051266494#0,42428913,10168100458,3,27.78,8.1,12
1051266494#1,10168100458,9660687204,3,27.78,21.06,12
1051525736,42428951,9663165813,3,27.78,29.08,12
1051525737#0,9663165813,42428947,2,27.78,51.01,12
1051525737#1,42428947,42428944,2,27.78,78.22,12
1051525737#2,42428944,42428941,2,27.78,78.57,12
1051525737#3,42428941,42428939,2,27.78,79.79,12
1051525737#4,42428939,42428936,2,27.78,79.17,12
1051525738,42428936,42441956,1,13.89,119.59,3
1051525739,42428936,9663165814,3,27.78,35.3,12
1051525740,9663165814,42428934,2,27.78,44.17,12
1051525741,42441955,42428934,1,13.89,120.22,3
1051525742#0,42428934,9703359672,3,27.78,72.06,12
1051525742#1,9703359672,42428931,3,27.78,12.42,12
1051550982#0,42436944,8309479554,1,8.94,6.58,11
1051550982#1,8309479554,4298781041,1,8.94,70.75,11
1051550982#2,4298781041,42439006,1,8.94,10.2,11
1051554486#0,9663511457,8288820796,2,13.89,13.36,3
1051554486#1,8288820796,11133638262,2,13.89,7.77,3
1051554486#2,11133638262,7480515814,2,13.89,11.25,3
1051554486#3,7480515814,7787627737,2,13.89,42.3,3
1051554486#4,7787627737,42437481,2,13.89,8.92,3
1051734605#0,427842142,8288270386,2,13.89,33.14,3
1051734605#1,8288270386,42433625,2,13.89,13.46,3
1051734606#0,42433625,8288270385,5,27.78,8.36,12
1051734606#1,8288270385,4207913309,5,27.78,49.0,12
1051734607#0,9664959634,10168381338,3,13.89,32.94,3
1051734607#1,10168381338,42433620,3,13.89,13.33,3
1051743127#0,42438881,7788529730,2,27.78,10.86,11
1051743127#1,7788529730,4737669349,2,27.78,38.28,11
1051744070#0,8318633104,3944708058,2,27.78,30.11,11
1051744070#1,3944708058,42430347,2,27.78,13.23,11
1051744778#0,9665064785,10168047576,2,27.78,19.26,11
1051744778#1,10168047576,42432703,2,27.78,12.98,11
1051745205#0,9665064838,4782363332,3,27.78,34.97,11
1051745205#1,4782363332,42432585,3,27.78,10.09,11
1051750425#0,42430308,6224277860,3,13.89,11.68,3
1051750425#1,6224277860,6224277873,3,13.89,24.64,3
1051750425#2,6224277873,42428253,3,13.89,15.160000000000002,3
1051750426#0,42428253,6224278786,2,13.89,9.2,3
1051750426#1,6224278786,10169532546,2,13.89,202.56,3
1051750426#2,10169532546,42439952,2,13.89,12.04,3
1051750427#0,42439952,9945692441,5,11.18,7.340000000000001,11
1051750427#1,9945692441,9698661091,5,11.18,64.88,11
1051750427#2,9698661091,42437654,5,11.18,10.78,11
1051750428#0,9665062199,8660596949,2,13.89,31.16,3
1051750428#1,8660596949,42435645,2,13.89,13.15,3
1051751160#0,42434087,10125260527,2,27.78,12.97,11
1051751160#1,10125260527,5319124079,2,27.78,71.54,11
1051751160#2,5319124079,10168666985,2,27.78,118.88,11
1051751160#3,10168666985,42434090,2,27.78,13.73,11
1051760021#0,9665234542,7604384234,2,11.18,23.18,11
1051760021#1,7604384234,42433043,2,11.18,6.94,11
1051760022,2499757466,9665234542,1,11.18,11.03,11
1051793332#0,449581964,3019042134,1,11.18,9.98,6
1051793332#1,3019042134,449581965,1,11.18,15.97,6
1051841851#0,42436751,4234425020,1,11.18,10.28,3
1051841851#1,4234425020,9647667077,1,11.18,95.46,3
1051841852#0,8482948064,8133342853,3,11.18,7.84,11
1051841852#1,8133342853,3997461348,3,11.18,63.62,11
1051841852#2,3997461348,42436751,3,11.18,7.52,11
1051841853#0,4597668030,42446266,1,11.18,10.16,3
1051841853#1,42446266,10167162563,1,11.18,7.25,3
1051841853#2,10167162563,5481897722,1,11.18,95.99,3
1051841853#3,5481897722,3997461345,1,11.18,36.91,3
1051841853#4,3997461345,42446270,1,11.18,10.5,3
1051841854#0,42436751,3997461347,3,11.18,7.03,11
1051841854#1,3997461347,3997461346,3,11.18,64.21,11
1051841854#2,3997461346,42446270,3,11.18,7.510000000000001,11
1051841855#0,42442895,7640871332,1,11.18,12.07,3
1051841855#1,7640871332,8883623403,1,11.18,38.28,3
1051841855#2,8883623403,4234425028,1,11.18,151.27,3
1051841855#3,4234425028,42449918,1,11.18,12.55,3
1051841855#4,42449918,4234425044,1,11.18,14.5,3
1051841855#5,4234425044,3903014640,1,11.18,36.09,3
1051841855#6,3903014640,4234425049,1,11.18,94.76,3
1051841855#7,4234425049,42446932,1,11.18,9.95,3
1051841856#0,42446270,4234425034,3,11.18,7.06,11
1051841856#1,4234425034,10167162575,3,11.18,63.54,11
1051841856#2,10167162575,42446932,3,11.18,8.04,11
1051841857#0,42446932,3997461342,3,11.18,6.79,11
1051841857#1,3997461342,3997461341,3,11.18,63.23,11
1051841857#2,3997461341,42429890,3,11.18,8.41,11
1051841858#0,42429888,10166167572,1,11.18,7.71,3
1051841858#1,10166167572,4234425050,1,11.18,131.97,3
1051841858#2,4234425050,42429890,1,11.18,10.95,3
1051846230#0,9666047678,3942050708,2,13.89,37.82,3
1051846230#1,3942050708,42443556,2,13.89,11.95,3
1051856442,3601295731,9470272145,4,11.18,9.59,12
1051858090#0,42430044,5152337874,3,11.18,7.61,12
1051858090#1,5152337874,8231927648,3,11.18,50.13,12
1051858090#2,8231927648,42432165,3,11.18,10.16,12
1052627487#0,42444827,7977873292,4,11.18,7.05,12
1052627487#1,7977873292,8841425139,4,11.18,33.61,12
1052631409#0,8254176965,4347534784,3,11.18,35.65,11
1052631409#1,4347534784,4347534783,3,11.18,12.089999999999998,11
1052660934#0,42440935,9441141804,4,11.18,9.06,12
1052660934#1,9441141804,9674081996,4,11.18,24.29,12
1052660935#0,9674081996,7341373899,3,11.18,39.46,12
1052660935#1,7341373899,1241742743,3,11.18,8.93,12
1052660936#0,7382801856,7341373900,2,22.22,36.63,10
1052660936#1,7341373900,1241742743,2,22.22,10.45,10
1052660937#0,7050687060,7050687058,4,11.18,11.1,12
1052660937#1,7050687058,7050687076,4,11.18,70.3,12
1052686445#0,42422038,8262936614,2,11.18,9.91,11
1052686445#1,8262936614,9674242346,2,11.18,14.45,11
1052799032#0,42428061,10156924787,3,11.18,6.63,12
1052799032#1,10156924787,10172954506,3,11.18,12.050000000000002,12
1052799032#2,10172954506,9675339211,3,11.18,8.74,12
1052934774,42428958,561035371,1,13.89,18.26,3
1052934775#0,561035371,9680957585,3,27.78,8.33,12
1052934775#1,9680957585,9703359680,3,27.78,62.95000000000001,12
1052934775#2,9703359680,561035372,3,27.78,8.04,12
1052940920,9676474996,4205805393,4,11.18,15.75,12
1052970500#0,42443072,7777321740,4,11.18,9.27,12
1052970500#1,7777321740,4207779533,4,11.18,32.63,12
1052996917#0,561035350,10170977569,3,27.78,5.89,12
1052996917#1,10170977569,10177688691,3,27.78,66.55,12
1052996917#2,10177688691,561035353,3,27.78,5.8,12
1053369944#0,9680380723,3009534487,2,11.18,23.26,3
1053369944#1,3009534487,42428216,2,11.18,8.19,3
1053371047,427850840,593988920,3,22.22,13.520000000000001,9
1053544734,4202984495,9681910856,2,11.18,7.15,11
1053552023,9682039657,6417761624,6,13.409999999999998,23.06,13
1053554760#0,373880031,5813280739,3,13.410000000000002,12.0,13
1053554760#1,5813280739,10285341118,3,13.410000000000002,60.37,13
1053554760#2,10285341118,5813259900,3,13.410000000000002,8.58,13
1053554762#0,9682069932,8262936768,6,13.409999999999998,44.04,13
1053554762#1,8262936768,246858433,6,13.409999999999998,18.02,13
1053591753,5475082077,9682439803,4,11.18,18.87,12
1053621930,9682605807,4207716495,3,11.18,17.01,12
1053628248#0,42443280,4689234438,4,11.18,8.98,12
1053628248#1,4689234438,9897810860,4,11.18,61.44,12
1053628248#2,9897810860,42421769,4,11.18,8.41,12
1053630777#0,9682829121,7924099740,4,11.18,36.22,11
1053630777#1,7924099740,42429334,4,11.18,11.56,11
1053641173,9682934117,4207716491,3,11.18,21.5,12
1053644745#0,561035369,42428953,1,13.89,19.11,3
1053644745#1,42428953,7693632091,1,13.89,125.08,3
1053644745#2,7693632091,595352927,1,13.89,138.48,3
1053644746,561035368,561035369,2,27.78,80.22,12
1053644747,561035369,9682921006,2,27.78,16.28,12
1053809535#0,2141026546,10170606873,2,11.18,6.84,12
1053809535#1,10170606873,9684399425,2,11.18,10.52,12
1053855041,9684753438,9153603243,3,11.18,21.1,12
1053934583#0,6223571522,10169289736,4,11.18,6.5,12
1053934583#1,10169289736,9518268745,4,11.18,54.22,12
1053934583#2,9518268745,1504153604,4,11.18,12.02,12
1057153169#0,4899886584,247073198,3,13.410000000000002,12.86,13
1057153169#1,247073198,4207978499,3,13.410000000000002,159.08,13
1057245973#0,42440138,10171069643,2,13.89,11.17,3
1057245973#1,10171069643,9714409350,2,13.89,18.5,3
1057257709,9714517347,9714517348,4,13.41,23.77,13
1057257710,9714517348,4207978501,5,13.41,21.84,13
1057527156#0,42442913,3817760672,5,11.18,8.03,12
1057527156#1,3817760672,5696984871,5,11.18,13.45,12
1057527156#2,5696984871,7964920721,5,11.18,47.69,12
1057527156#3,7964920721,42442910,5,11.18,8.87,12
1057527157#0,42442906,3817760030,5,11.18,7.529999999999999,12
1057527157#1,3817760030,4207683800,5,11.18,8.92,12
1057563582,9717627758,42433354,2,11.18,9.4,3
1057613219#0,42443066,6216628272,4,11.18,5.92,12
1057613219#1,6216628272,5475082073,4,11.18,51.81,12
1058466923#0,42438772,9726158592,2,11.18,7.22,11
1058466923#1,9726158592,10122952971,2,11.18,64.89,11
1058466923#10,10122952983,10122952980,2,11.18,65.89,11
1058466923#11,10122952980,42443819,2,11.18,8.04,11
1058466923#2,10122952971,42447207,2,11.18,7.87,11
1058466923#3,42447207,10122952974,2,11.18,7.27,11
1058466923#4,10122952974,10122952975,2,11.18,65.59,11
1058466923#5,10122952975,42445189,2,11.18,6.53,11
1058466923#6,42445189,10122952978,2,11.18,7.16,11
1058466923#7,10122952978,10122952979,2,11.18,66.35,11
1058466923#8,10122952979,42447206,2,11.18,6.67,11
1058466923#9,42447206,10122952983,2,11.18,6.56,11
1059309735,9732870948,6090927937,2,27.78,12.6,11
1059314985#0,42440004,10173292890,2,13.89,12.21,3
1059314985#1,10173292890,9732912239,2,13.89,24.95,3
1059317290,3968944192,60924412,3,11.18,27.570000000000004,12
1059329369,11027819090,9417132054,4,13.41,14.54,13
1059459147,9734100287,3788379696,2,11.18,17.88,9
1059545194#0,42429690,6747157040,4,27.78,7.52,12
1059545194#1,6747157040,10122943665,4,27.78,64.79,12
1059545194#2,10122943665,42445236,4,27.78,8.6,12
1059551869#0,4012724171,8309479524,4,11.18,6.92,12
1059551869#1,8309479524,8841425138,4,11.18,38.68,12
1059596037#0,42448283,6216836451,1,13.89,12.31,3
1059596037#1,6216836451,5871240090,1,13.89,180.01,3
1059596037#2,5871240090,8797068785,1,13.89,12.84,3
1059596037#3,8797068785,42449843,1,13.89,11.99,3
1059596037#4,42449843,8797068778,1,13.89,13.67,3
1059596037#5,8797068778,10170834277,1,13.89,202.99,3
1059596037#6,10170834277,42443088,1,13.89,11.77,3
1059596038#0,42443088,10170834279,4,11.18,6.64,12
1059596038#1,10170834279,4207669594,4,11.18,21.96,12
1059754075,9168918373,587812665,4,22.35,51.9,14
1059826031,9737272791,9447550719,5,11.18,20.42,12
1061439211#0,42432127,5708230097,1,11.18,8.2,3
1061439211#1,5708230097,42430147,1,11.18,12.85,3
1061622295#0,42432693,3942050711,1,27.78,12.04,11
1061622295#1,3942050711,9753722444,1,27.78,39.19,11
1061622296#0,9753722445,10164937729,2,27.78,25.04,11
1061622296#1,10164937729,42430344,2,27.78,13.34,11
1061623142#0,9753730048,8073701752,2,27.78,8.14,11
1061623142#1,8073701752,10165986961,2,27.78,24.1,11
1061623142#2,10165986961,42434085,2,27.78,10.02,11
1061693983#0,42430811,8307642091,3,11.18,9.48,11
1061693983#1,8307642091,9297714752,3,11.18,13.92,11
1061731838,4205565537,9754548550,4,11.18,13.59,11
1061979012#0,42430736,8307463094,4,11.18,7.07,11
1061979012#1,8307463094,8307463102,4,11.18,63.6,11
1061979012#2,8307463102,42430722,4,11.18,7.82,11
1061979013#0,42430722,8307463103,4,11.18,7.31,11
1061979013#1,8307463103,8307463084,4,11.18,64.7,11
1061979013#2,8307463084,42430713,4,11.18,6.7,11
1061979014#0,11017186435,3874681655,1,11.18,11.75,3
1061979014#1,3874681655,8307463086,1,11.18,171.71,3
1061979014#2,8307463086,42430713,1,11.18,15.98,3
1061979015#0,42430707,10111271632,4,11.18,6.38,11
1061979015#1,10111271632,10111318239,4,11.18,13.62,11
1061979015#2,10111318239,10111307785,4,11.18,51.32,11
1061979015#3,10111307785,42430704,4,11.18,8.8,11
1061979016#0,42430707,9900802714,1,11.18,15.6,3
1061979016#1,9900802714,5481838629,1,11.18,91.23,3
1061979016#2,5481838629,5481839004,1,11.18,26.91,3
1061979016#3,5481839004,7060282622,1,11.18,20.4,3
1061979016#4,7060282622,7588050919,1,11.18,16.31,3
1061979016#5,7588050919,4872429936,1,11.18,16.75,3
1061979016#6,4872429936,61275601,1,11.18,12.03,3
1061993519#0,2821304137,8262309226,3,11.18,11.46,11
1061993519#1,8262309226,6456908261,3,11.18,45.32,11
1061993519#2,6456908261,2821304138,3,11.18,10.24,11
1062029895#0,42456303,8309478878,2,11.18,8.59,11
1062029895#1,8309478878,9756897963,2,11.18,27.89,11
1062097097,9757416137,4207716488,3,11.18,21.47,12
1063292710#0,42445430,7924346865,1,11.18,72.56,3
1063292710#1,7924346865,42435403,1,11.18,6.99,3
1064232878#0,4205565533,9971263894,1,22.22,30.54,6
1064232878#1,9971263894,6279091713,1,22.22,13.0,6
1064233180#0,4205565514,9774113888,1,22.22,25.77,6
1064233180#1,9774113888,9774113889,1,22.22,7.23,6
1067449180#0,42433354,8309478839,1,11.18,8.75,3
1067449180#1,8309478839,9800536167,1,11.18,44.43,3
1067449185#0,5784502858,8309478843,1,11.18,2.7,3
1067449185#1,8309478843,42433356,1,11.18,8.35,3
1067641536,595352906,9801962061,1,13.89,37.08,3
1067641537,587934139,9801962062,1,13.89,39.2,3
1067728687#0,9802614798,4876394042,1,11.18,26.13,3
1067728687#1,4876394042,42427411,1,11.18,10.23,3
1067728688#0,42427412,9802614800,1,11.18,13.36,3
1067728688#1,9802614800,9802614801,1,11.18,52.52,3
1067728688#2,9802614801,9802614802,1,11.18,9.04,3
1067778272#0,9802967325,10305311705,1,11.18,30.25,3
1067778272#1,10305311705,9802967326,1,11.18,30.99,3
1067778273#0,9802967326,8307463654,1,11.18,1.86,3
1067778273#1,8307463654,42431503,1,11.18,8.68,3
1068067608#0,42429630,5815643290,1,11.18,13.34,3
1068067608#1,5815643290,9805151008,1,11.18,3.53,3
1068067609,5815643310,42429633,1,11.18,9.79,3
1068246255#0,42443105,4980851557,4,11.18,8.59,12
1068246255#1,4980851557,3931534872,4,11.18,50.93,12
1068246256#0,3786728678,7925258655,4,11.18,7.73,12
1068246256#1,7925258655,3786728679,4,11.18,9.08,12
1068246256#2,3786728679,4980851555,4,11.18,56.47,12
1068246256#3,4980851555,42443105,4,11.18,7.39,12
1068266120#0,42430903,8309479508,4,11.18,6.54,12
1068266120#1,8309479508,8841425137,4,11.18,35.23,12
1068446964#0,42427411,7728026093,1,11.18,8.81,3
1068446964#1,7728026093,9808249305,1,11.18,11.74,3
1068493214#0,9808616779,10168546908,1,11.18,1.12,3
1068493214#1,10168546908,42436152,1,11.18,6.64,3
1068493214#2,42436152,10168546906,1,11.18,6.36,3
1068493214#3,10168546906,8307463785,1,11.18,50.29,3
1068493214#4,8307463785,42436423,1,11.18,9.07,3
1069297909#0,42427254,8094558991,1,11.18,7.23,3
1069297909#1,8094558991,9814893489,1,11.18,35.35,3
1069417216#0,9815692294,6024767164,1,11.18,2.77,3
1069417216#1,6024767164,1919595917,1,11.18,8.98,3
1069417216#2,1919595917,5799117244,1,11.18,15.28,3
1069942148#0,42434111,10170797785,2,11.18,6.25,12
1069942148#1,10170797785,9153603254,2,11.18,28.5,12
1069958794,42422449,371231224,2,22.22,32.1,9
1070126888#0,42428272,10268795725,2,13.89,5.47,3
1070126888#1,10268795725,10268795787,2,13.89,4.52,3
1070126888#2,10268795787,10173490596,2,13.89,5.68,3
1070126888#3,10173490596,9821598083,2,13.89,28.02,3
1070126889,9821598083,9821598084,3,13.89,34.48,3
1070276229,374475605,9822407115,4,22.35,68.9,14
1071919872,5051482020,1205714910,1,13.89,6.26,4
1071919873#0,4769084859,6223969251,1,11.18,9.39,4
1071919873#1,6223969251,6223969260,1,11.18,7.76,4
1071929277#0,42434377,6900706762,5,11.18,8.47,11
1071929277#1,6900706762,7803460137,5,11.18,65.07,11
1071929277#10,7523953835,9178841528,5,11.18,54.61999999999999,11
1071929277#11,9178841528,6223478803,5,11.18,6.4,11
1071929277#12,6223478803,7523953831,5,11.18,23.2,11
1071929277#13,7523953831,7096507173,5,11.18,64.66,11
1071929277#14,7096507173,42435388,5,11.18,10.26,11
1071929277#15,42435388,8807694450,5,11.18,10.1,11
1071929277#16,8807694450,10167086804,5,11.18,66.12,11
1071929277#17,10167086804,42446161,5,11.18,11.65,11
1071929277#2,7803460137,42446152,5,11.18,7.65,11
1071929277#3,42446152,7803460163,5,11.18,6.980000000000001,11
1071929277#4,7803460163,7096507178,5,11.18,65.64,11
1071929277#5,7096507178,42446155,5,11.18,9.06,11
1071929277#6,42446155,6784911814,5,11.18,11.65,11
1071929277#7,6784911814,6223478657,5,11.18,49.35,11
1071929277#8,6223478657,6270715276,5,11.18,5.95,11
1071929277#9,6270715276,7523953835,5,11.18,8.47,11
1073907383,246650840,8703673335,4,13.41,12.71,13
1073911447#0,42439924,9557088479,2,11.18,6.61,12
1073911447#1,9557088479,9076983995,2,11.18,27.87,12
1076213172#0,596776654,10169411300,1,11.18,11.48,12
1076213172#1,10169411300,10169411309,1,11.18,66.18,12
1076213172#10,10170656842,10170647008,1,11.18,64.72,12
1076213172#11,10170647008,596776613,1,11.18,8.54,12
1076213172#12,596776613,10170647014,1,11.18,6.65,12
1076213172#13,10170647014,10170646989,1,11.18,65.12,12
1076213172#14,10170646989,596776594,1,11.18,8.83,12
1076213172#2,10169411309,596776656,1,11.18,8.18,12
1076213172#3,596776656,10169411313,1,11.18,7.42,12
1076213172#4,10169411313,10170656853,1,11.18,64.88,12
1076213172#5,10170656853,596776659,1,11.18,7.57,12
1076213172#6,596776659,10170656858,1,11.18,6.72,12
1076213172#7,10170656858,10170656836,1,11.18,66.15,12
1076213172#8,10170656836,596776578,1,11.18,6.98,12
1076213172#9,596776578,10170656842,1,11.18,6.8,12
1076213173#0,42443819,10122952987,2,11.18,7.21,11
1076213173#1,10122952987,10122952986,2,11.18,64.37,11
1076213173#10,10122953001,10122953000,2,11.18,66.28,11
1076213173#11,10122953000,42447199,2,11.18,12.13,11
1076213173#2,10122952986,42435230,2,11.18,6.85,11
1076213173#3,42435230,10122952988,2,11.18,7.71,11
1076213173#4,10122952988,10122952992,2,11.18,64.84,11
1076213173#5,10122952992,42439489,2,11.18,7.42,11
1076213173#6,42439489,10122952996,2,11.18,7.51,11
1076213173#7,10122952996,10122952995,2,11.18,66.08,11
1076213173#8,10122952995,42447201,2,11.18,6.32,11
1076213173#9,42447201,10122953001,2,11.18,7.37,11
1077735923#0,42453613,3783073217,2,11.18,10.22,12
1077735923#1,3783073217,9881399146,2,11.18,55.24,12
1077735924,9881399146,592509222,2,11.18,55.6,12
1080185967#0,9901113506,10083919741,4,11.18,59.12,11
1080185967#1,10083919741,42430742,4,11.18,8.86,11
1080185968#0,42430742,10083930811,4,11.18,7.28,11
1080185968#1,10083930811,9901113505,4,11.18,33.44,11
1080185969#0,9901113505,10084943013,5,11.18,31.160000000000004,11
1080185969#1,10084943013,42430739,5,11.18,6.470000000000001,11
1080185970#0,42430745,7595748180,3,11.18,13.660000000000002,11
1080185970#1,7595748180,9901113506,3,11.18,6.080000000000001,11
1080319437#0,42437349,8309479339,1,8.94,7.05,11
1080319437#1,8309479339,8309479333,1,8.94,62.83,11
1080319437#2,8309479333,42455175,1,8.94,7.13,11
1080319438#0,42453158,8309479357,1,8.94,7.33,11
1080319438#1,8309479357,10778677019,1,8.94,32.77,11
1080319439#0,42449029,8309479395,1,8.94,5.72,11
1080319439#1,8309479395,8309479410,1,8.94,62.33,11
1080319439#2,8309479410,42430938,1,8.94,7.51,11
1080324895,9902223857,589927894,2,11.18,122.43,14
1080324899#0,9166241193,6407228007,2,11.18,58.96,10
1080324899#1,6407228007,4515465264,2,11.18,11.36,10
1080324900,42426665,9166241204,2,11.18,98.09,10
1080324901,9902223871,42426810,1,11.18,42.82,6
1080324902,373850916,589927991,1,11.18,85.44,12
1080324903,589927991,7785803398,2,11.18,5.9,3
1080324904,42425747,7471942373,1,11.18,39.02,11
1080419242#0,3099327955,9559444361,2,11.18,8.7,10
1080419242#1,9559444361,9903051303,2,11.18,168.92,10
1080419243#0,9903051303,8758345323,2,11.18,71.4,10
1080419243#1,8758345323,2141026532,2,11.18,9.79,10
1080419243#2,2141026532,42439887,2,11.18,15.41,10
1080424222#0,9903127425,9557088452,2,11.18,59.71,11
1080424222#1,9557088452,42432659,2,11.18,16.5,11
1080734859,4798293326,1775201764,3,11.18,69.04,4
1080796656#0,42435403,7924346893,1,11.18,6.86,3
1080796656#1,7924346893,9906259297,1,11.18,15.85,3
1080796657,6289180295,6289180287,1,22.22,7.65,6
1080862159#0,42440397,3278932313,2,11.18,8.92,11
1080862159#1,3278932313,9906826293,2,11.18,47.42,11
1080862160,9906826293,9906826295,2,11.18,35.9,11
1080862161#0,42446021,9906826297,1,11.18,13.02,11
1080862161#1,9906826297,9906826299,1,11.18,34.67,11
1080862162#0,9906826300,9906826301,3,11.18,33.05,11
1080862162#1,9906826301,596776089,3,11.18,10.83,11
1080862163,9906826299,9906826298,1,11.18,42.25,11
1080862164,9906826298,9906826300,2,11.18,13.7,11
1080862165,596776089,42459137,2,11.18,17.11,11
1080862166#0,42459137,9906826302,1,11.18,11.31,11
1080862166#1,9906826302,9906826303,1,11.18,35.71,11
1080862167,9906826303,9906826304,1,11.18,45.24,11
1080862168#0,42447105,10125087304,1,11.18,10.59,11
1080862168#1,10125087304,9906826305,1,11.18,50.71,11
1080862169#0,9906826304,10125087305,1,11.18,45.17,11
1080862169#1,10125087305,42447105,1,11.18,10.57,11
1080862170,9906826305,9906826306,1,11.18,34.25,11
1080862171#0,9906826306,9906826307,2,11.18,45.17,11
1080862171#1,9906826307,42450015,2,11.18,14.17,11
1080862172#0,42450015,9906826309,1,11.18,13.1,11
1080862172#1,9906826309,9906826308,1,11.18,46.77,11
1080862173,9906826308,9906826310,1,11.18,83.93,11
1080862174#0,9906826310,8250715783,1,11.18,59.99,11
1080862174#1,8250715783,42443027,1,11.18,12.01,11
1080862175#0,42443027,8250715775,1,11.18,14.17,11
1080862175#1,8250715775,9906826311,1,11.18,42.71,11
1080862176#0,9906826312,6691104526,2,11.18,46.86,11
1080862176#1,6691104526,42456060,2,11.18,14.03,11
1080862177#0,42456060,6691104524,1,11.18,13.59,11
1080862177#1,6691104524,9906826313,1,11.18,38.36,11
1080862178,9906826313,9906826314,1,11.18,37.63,11
1080862179#0,9906826315,6689923786,3,11.18,50.48,11
1080862179#1,6689923786,42428020,3,11.18,11.979999999999999,11
1080862180#0,42428020,6689923788,1,11.18,12.45,11
1080862180#1,6689923788,9906887423,1,11.18,34.9,11
1080862180#2,9906887423,9906826316,1,11.18,4.05,11
1080862791#0,3119952619,3119952610,2,11.18,23.36,11
1080862791#1,3119952610,9906879190,2,11.18,107.61,11
1080862792#0,9906879190,7834025527,2,11.18,37.83,11
1080862792#1,7834025527,42429342,2,11.18,13.44,11
1080862793#0,42429342,7834030834,1,11.18,13.19,11
1080862793#1,7834030834,9906879191,1,11.18,62.96,11
1080862794#0,42429334,7924099694,2,11.18,10.42,11
1080862794#1,7924099694,9906879192,2,11.18,94.54,11
1080862795#0,9906879192,7924094070,2,11.18,37.27,11
1080862795#1,7924094070,42429338,2,11.18,13.98,11
1080862796#0,42429334,7924094077,2,11.18,10.55,11
1080862796#1,7924094077,7924099812,2,11.18,127.3,11
1080862796#2,7924099812,42429330,2,11.18,11.11,11
1080862797,42429330,596776164,1,11.18,17.33,11
1080862798#0,9906879194,3392519867,2,11.18,41.86,11
1080862798#1,3392519867,42429314,2,11.18,9.5,11
1080862799,9906879193,9906879194,2,11.18,26.35,11
1080862800#0,9906879196,2238282275,2,11.18,38.34,11
1080862800#1,2238282275,42435499,2,11.18,10.89,11
1080863335,2059304024,2059304029,2,11.18,64.17,11
1080863337,1382339047,1382339050,2,11.18,37.2,11
1080863338,705234784,42433927,1,11.18,61.28,11
1080863339,2059303954,705234784,2,11.18,33.64,11
1080864177,4205805389,9906904518,2,11.18,39.13,11
1080864178,3248774451,4205805389,1,11.18,41.36,11
1080864179#0,42443347,9897810840,2,11.18,11.49,11
1080864179#1,9897810840,5316108106,2,11.18,53.03,11
1080864180#0,9906904523,4906056158,2,11.18,33.78,11
1080864180#1,4906056158,42422592,2,11.18,10.3,11
1080864181#0,7912855687,9906904524,1,11.18,22.84,11
1080864181#1,9906904524,4205820213,1,11.18,29.82,11
1080864183,4205805392,9906904528,1,11.18,59.91,11
1080866700,596776260,42457660,3,11.18,21.64,11
1080866701#0,9906892370,6270714178,2,27.78,63.97,11
1080866701#1,6270714178,42446086,2,27.78,10.76,11
1080866702#0,42443268,7058749372,2,11.18,8.92,11
1080866702#1,7058749372,7066686013,2,11.18,30.18,11
1080866703#0,42446093,6270714182,2,11.18,12.06,11
1080866703#1,6270714182,9906892371,2,11.18,38.42,11
1080871809,9906953431,4205892229,2,11.18,44.38,10
1080871810,9906953433,1733612459,1,13.89,33.8,4
1080871811,9906953435,6695964688,2,13.89,10.23,4
1080873865,589101921,42423295,1,22.22,8.83,9
1080873866,42423295,9906966855,1,11.18,21.07,12
1080873867,589101921,9906966855,1,22.22,25.24,9
1080873868#0,42438531,6411125198,2,11.18,11.52,12
1080873868#1,6411125198,588455697,2,11.18,36.48,12
1080873869#0,278646241,278642478,2,22.22,47.22,9
1080873869#1,278642478,278642480,2,22.22,48.96,9
1080964111,9907745074,4145735059,1,11.18,103.2,9
1080964112,370880739,2895163399,1,11.18,11.27,12
1080964113#0,4145735059,5178357336,3,13.410000000000002,40.08,14
1080964113#1,5178357336,205020852,3,13.410000000000002,3.9500000000000006,14
1080964114#0,370880758,8276468434,1,11.18,20.06,9
1080964114#1,8276468434,4145794846,1,11.18,6.9,9
1080964114#2,4145794846,42421951,1,11.18,9.95,9
1080978581,278608571,9907939563,1,17.88,66.96,9
1080978582#0,588455738,8279851794,1,11.18,113.29,11
1080978582#1,8279851794,278609760,1,11.18,10.44,11
1080978583#0,9181607984,8094558972,2,11.18,48.14,12
1080978583#1,8094558972,42444242,2,11.18,8.42,12
1080978584#0,42433218,42433243,2,11.18,29.95,12
1080978584#1,42433243,11032985217,2,11.18,5.5,12
1080978584#2,11032985217,11032985226,2,11.18,81.44,12
1080978584#3,11032985226,42438476,2,11.18,5.76,12
1080978585#0,42438476,11032985358,1,11.18,25.21,12
1080978585#1,11032985358,278609760,1,11.18,47.16,12
1080978585#2,278609760,42444108,1,11.18,46.85,12
1080978586#0,42444108,1538237325,1,11.18,69.9,12
1080978586#1,1538237325,8276469282,1,11.18,176.94,12
1080978586#2,8276469282,42437135,1,11.18,8.75,12
1080978587,11040080970,11040029985,1,11.18,35.54,12
1080978588,9907942869,9181587079,2,22.22,20.76,9
1080978589#0,42423051,4492779803,2,17.88,11.9,9
1080978589#1,4492779803,9438441024,2,17.88,2.64,9
1080978589#2,9438441024,370894399,2,17.88,9.74,9
1080978590#0,9907942880,9438441032,2,11.18,48.48,12
1080978590#1,9438441032,3783088880,2,11.18,3.58,12
1080978590#2,3783088880,42454391,2,11.18,7.33,12
1080982427#0,1989931124,4161568811,2,11.18,36.96,11
1080982427#1,4161568811,42440754,2,11.18,10.34,11
1080982430#0,9907956902,4161568341,2,11.18,39.66,11
1080982430#1,4161568341,42440743,2,11.18,14.64,11
1080982431#0,9907956910,9907956911,2,11.18,33.98,11
1080982431#1,9907956911,8309479684,2,11.18,18.15,11
1080982431#2,8309479684,42440737,2,11.18,12.29,11
1080982432,9907956912,9907956910,1,11.18,68.94,11
1080982433#0,9907956916,5148103566,2,11.18,50.06,3
1080982433#1,5148103566,42438784,2,11.18,6.54,3
1080982434#0,42440710,8310246306,2,11.18,10.88,3
1080982434#1,8310246306,9907978318,2,11.18,41.46,3
1080982435#0,5416901182,8310246315,2,11.18,59.84,3
1080982435#1,8310246315,42430253,2,11.18,12.59,3
1080982436#0,9907978323,8310246318,2,11.18,55.16,3
1080982436#1,8310246318,42430253,2,11.18,13.37,3
1080982437#0,42439823,8310246339,2,11.18,11.6,3
1080982437#1,8310246339,5244228885,2,11.18,36.33,3
1080982438#0,42439823,8310246342,2,11.18,12.01,3
1080982438#1,8310246342,9907978327,2,11.18,37.19,3
1080982439#0,9907978333,8310246332,2,11.18,32.91,3
1080982439#1,8310246332,42435596,2,11.18,11.39,3
1080982440#0,42440721,3670742460,1,11.18,12.02,3
1080982440#1,3670742460,9907978334,1,11.18,22.18,3
1081022882,247223720,9170842297,1,11.18,40.9,11
1081031896,60925795,9908464005,1,22.22,7.92,9
1081031897,60925795,9897252113,2,20.12,7.98,14
1081031898,60925784,9908464006,2,20.12,8.13,14
1081031899,60925784,5891063515,1,22.22,7.26,9
1081031900,60921167,60921202,1,22.22,21.92,9
1081031901,9908501349,9908501348,1,22.22,10.04,9
1081031902#0,60918579,60918583,1,22.22,58.14,9
1081031902#1,60918583,595484167,1,22.22,10.06,9
1081031903,60924412,9908501430,1,22.22,28.32,9
1081036134,373850887,60918319,2,20.12,11.86,14
1081036135,373850887,60925702,2,20.12,6.77,14
1081036136,60918319,60918321,2,39.44,128.97,14
1081036137,60925702,5891063542,2,20.12,47.45,14
1081036138,60925763,60925767,2,20.12,97.57,14
1081037801#0,42442733,9550751265,1,11.18,13.92,11
1081037801#1,9550751265,4803647105,1,11.18,117.65,11
1081037801#2,4803647105,42455059,1,11.18,9.6,11
1081037803,60926076,9566938928,2,11.18,8.26,12
1081037804,60926042,595448576,2,22.22,88.6,9
1081037805#0,60925950,9566938921,2,11.18,10.17,12
1081037805#1,9566938921,9908570824,2,11.18,58.88,12
1081037806#0,9908570825,9566938924,2,11.18,48.18,12
1081037806#1,9566938924,60925950,2,11.18,14.91,12
1081037807,9908570826,595448573,2,22.22,59.63,9
1081037809#0,9908570837,8071760417,1,11.18,16.0,3
1081037809#1,8071760417,5048446875,1,11.18,7.26,3
1081039024,765367023,9908577524,1,13.89,5.39,3
1081039026,42433041,9908577545,2,11.18,6.94,11
1081177738#0,9909731088,8231900987,1,11.18,64.55,3
1081177738#1,8231900987,42432073,1,11.18,5.82,3
1081177739#0,42447435,1919595910,1,11.18,13.65,3
1081177739#1,1919595910,3783146158,1,11.18,8.88,3
1081177739#2,3783146158,9909731089,1,11.18,2.98,3
1081648975#0,9913562560,10177727006,1,11.18,24.64,3
1081648975#1,10177727006,5147973331,1,11.18,4.9,3
1081648975#2,5147973331,10177726965,1,11.18,15.84,3
1081648975#3,10177726965,42428206,1,11.18,4.51,3
1081824061#0,42440820,8307641833,2,11.18,7.06,13
1081824061#1,8307641833,8307641823,2,11.18,74.67,13
1081824061#2,8307641823,8996353563,2,11.18,10.11,13
1081883660,5117991237,3718672443,3,11.18,13.68,11
1081883662,7802856365,7630577026,1,11.18,13.41,11
1081883663,7050687051,42442415,3,11.18,15.35,10
1081883664,42430985,7595763588,3,11.18,13.660000000000002,10
1081893303#0,9915560877,7837165559,2,11.18,19.63,11
1081893303#1,7837165559,42435257,2,11.18,7.05,11
1081893303#2,42435257,7837178992,2,11.18,7.3,11
1081893303#3,7837178992,9915560878,2,11.18,16.67,11
1081893304#0,1792549686,6991124675,2,11.18,2.23,11
1081893304#1,6991124675,9446375824,2,11.18,2.44,11
1081893304#2,9446375824,4347550054,2,11.18,6.42,11
1081895353#0,9915712168,9170771794,3,11.18,43.78,11
1081895353#1,9170771794,42427915,3,11.18,15.25,11
1081895354#0,9915712170,7106818624,3,11.18,46.669999999999995,11
1081895354#1,7106818624,7106818626,3,11.18,13.61,11
1081895355#0,42424851,7784826630,2,11.18,7.98,11
1081895355#1,7784826630,9915712170,2,11.18,19.78,11
1081895356#0,7106818626,2539225339,2,11.18,13.17,11
1081895356#1,2539225339,7106818635,2,11.18,66.25,11
1081895356#2,7106818635,7106818623,2,11.18,7.15,11
1081926289#0,9915643014,7083286376,2,11.18,31.16,3
1081926289#1,7083286376,42425570,2,11.18,11.14,3
1081926290,42443403,7083286370,2,11.18,12.96,3
1081976610#0,8687853812,9492556607,1,11.18,106.55,3
1081976610#1,9492556607,42431067,1,11.18,11.68,3
1081976610#2,42431067,9492556532,1,11.18,12.17,3
1081976610#3,9492556532,9168918325,1,11.18,127.36,3
1081976610#4,9168918325,42441535,1,11.18,9.93,3
1081976612#0,8687882636,42442492,1,2.24,11.38,3
1081976612#1,42442492,8687882632,1,2.24,13.43,3
1081976612#2,8687882632,7004379683,1,2.24,105.88,3
1081976612#3,7004379683,1061531731,1,2.24,10.49,3
1081976612#4,1061531731,42428695,1,2.24,18.44,3
1081976612#5,42428695,8687853812,1,2.24,10.63,3
1081976616#0,10060611744,42428689,1,13.89,10.41,3
1081976616#1,42428689,1061531682,1,13.89,18.05,3
1081976616#2,1061531682,7004379684,1,13.89,10.37,3
1081976616#3,7004379684,10060593489,1,13.89,106.7,3
1081976616#4,10060593489,42437052,1,13.89,12.81,3
1081976618#0,7106818623,7106818620,2,11.18,7.64,11
1081976618#1,7106818620,9796827004,2,11.18,66.2,11
1081976618#2,9796827004,7106818627,2,11.18,6.75,11
1081976618#3,7106818627,9796827006,2,11.18,7.51,11
1081976618#4,9796827006,9796827009,2,11.18,65.4,11
1081976618#5,9796827009,42421993,2,11.18,6.76,11
1081976618#6,42421993,9796827008,2,11.18,7.48,11
1081976618#7,9796827008,7123525299,2,11.18,65.61,11
1081976620,7123525306,42435323,1,11.18,11.37,3
1081976622,9916159534,7123525306,1,11.18,7.19,3
1081976623,3114292143,9916159534,1,11.18,207.41,3
1081976624,3718670414,3114292143,1,11.18,35.05,3
1081976625#0,7792793734,42436985,1,11.18,10.42,3
1081976625#1,42436985,3718670414,1,11.18,13.86,3
1081976626,9916159535,7792793734,1,11.18,12.88,3
1081976627,9916159537,9916159535,1,11.18,68.86,3
1081976628,9916159536,9916159537,1,11.18,18.62,3
1081976629,9916159539,9916159536,1,11.18,85.5,3
1081976630,9916159538,9916159539,1,11.18,12.7,3
1081976631,9916159540,9916159538,1,11.18,44.93,3
1081976633,8687882685,9916159540,1,11.18,7.58,3
1081978812,42431034,8727756052,2,11.18,8.04,10
1081978814,8727756099,42431019,2,11.18,11.63,10
1082072647#0,42439440,9414480621,1,11.18,14.81,3
1082072647#1,9414480621,4960503202,1,11.18,44.37,3
1084033950#0,5216470721,8312361658,3,11.18,20.25,11
1084033950#1,8312361658,42452817,3,11.18,8.25,11
1086266613,9953303865,8983103713,1,11.18,39.68,12
1086267975#0,9953316131,6670244843,1,13.89,8.5,3
1086267975#1,6670244843,42427991,1,13.89,11.64,3
1086272873#0,42434134,7926756888,6,11.18,10.63,12
1086272873#1,7926756888,5161751674,6,11.18,40.37,12
1086272874,6163410983,42444200,1,11.18,4.51,12
1086282557#0,9726158604,9726158600,2,11.18,4.54,11
1086282557#1,9726158600,42438772,2,11.18,7.07,11
1086565173#0,42446138,6254630504,5,11.18,11.9,11
1086565173#1,6254630504,6256725802,5,11.18,64.07,11
1086565173#10,42446147,7781090318,5,11.18,7.63,11
1086565173#11,7781090318,6900706753,5,11.18,62.15,11
1086565173#12,6900706753,42434377,5,11.18,8.65,11
1086565173#2,6256725802,6256723780,5,11.18,3.04,11
1086565173#3,6256723780,42445843,5,11.18,5.85,11
1086565173#4,42445843,6256725790,5,11.18,7.92,11
1086565173#5,6256725790,6256725787,5,11.18,65.14,11
1086565173#6,6256725787,42436640,5,11.18,6.889999999999999,11
1086565173#7,42436640,6256723731,5,11.18,7.470000000000001,11
1086565173#8,6256723731,7781090322,5,11.18,65.06,11
1086565173#9,7781090322,42446147,5,11.18,7.529999999999999,11
1086766006,60927837,60927838,1,11.18,114.09,11
1086962994#0,593840108,247081715,4,13.41,128.15,13
1086962994#1,247081715,7073877295,4,13.41,14.62,13
1086962995#0,8261122872,3874681623,2,11.18,7.93,12
1086962995#1,3874681623,42437678,2,11.18,12.86,12
1087048475#0,9960054857,10173152538,2,27.78,64.28,12
1087048475#1,10173152538,42432825,2,27.78,12.03,12
1087556933,60916563,42458670,3,22.350000000000005,26.600000000000005,14
1087557588,60916894,9965190923,2,20.12,54.79,14
1087557589,60927491,9965190924,1,22.22,55.38,9
1087557590,60927984,9965190925,1,22.22,55.53,9
1087630768#0,9965190923,7044189238,2,20.12,5.65,14
1087630768#1,7044189238,7911307251,2,20.12,12.19,14
1087630769,9965190924,7911307251,1,22.22,18.03,9
1087630770,9965190925,7911307278,1,22.22,42.27,9
1087744935#0,42445661,10125260551,5,11.18,7.639999999999999,12
1087744935#1,10125260551,10168825854,5,11.18,63.720000000000006,12
1087744935#2,10168825854,42449942,5,11.18,7.56,12
1087744935#3,42449942,10125260549,5,11.18,6.67,12
1087744935#4,10125260549,1731564125,5,11.18,21.64,12
1087744935#5,1731564125,10125260548,5,11.18,41.82,12
1087744935#6,10125260548,42432451,5,11.18,8.3,12
1087744935#7,42432451,10125260546,5,11.18,7.31,12
1087744935#8,10125260546,10125260545,5,11.18,64.49,12
1087744935#9,10125260545,42449945,5,11.18,11.76,12
1088005912#0,9968663365,8119542591,2,11.18,26.52,3
1088005912#1,8119542591,42455897,2,11.18,13.47,3
1088005913#0,9968663366,4115878743,1,11.18,23.51,3
1088005913#1,4115878743,4138911201,1,11.18,12.36,3
1088320646,9971262455,4015192894,3,11.18,21.44,11
1088320647#0,42442889,4296650377,2,11.18,13.41,11
1088320647#1,4296650377,4015192893,2,11.18,46.12,11
1088320648#0,42442889,5690422189,2,11.18,12.68,11
1088320648#1,5690422189,9971262458,2,11.18,34.98,11
1088320649#0,5266429277,4132605271,3,11.18,35.54,11
1088320649#1,4132605271,42448701,3,11.18,14.339999999999998,11
1088320650#0,42448701,4132605272,2,11.18,13.72,11
1088320650#1,4132605272,9971262460,2,11.18,34.92,11
1088320651#0,9971262462,8835579646,2,11.18,25.78,11
1088320651#1,8835579646,42446925,2,11.18,9.88,11
1088320652#0,42446925,9971262461,2,11.18,9.17,11
1088320652#1,9971262461,10166167597,2,11.18,0.82,11
1088320652#2,10166167597,9971262463,2,11.18,35.38,11
1088320653#0,9971262464,10166167540,2,11.18,31.31,11
1088320653#1,10166167540,42448693,2,11.18,8.9,11
1088320654#0,42428201,3019039007,4,11.18,9.01,11
1088320654#1,3019039007,4763900915,4,11.18,27.25,11
1088320655#0,9971262468,3019039006,4,11.18,59.43,11
1088320655#1,3019039006,42437881,4,11.18,11.18,11
1088320656#0,42430271,9971262469,2,11.18,12.99,11
1088320656#1,9971262469,9971262471,2,11.18,34.98,11
1088320657#0,9971262472,9971262470,2,11.18,28.65,11
1088320657#1,9971262470,42430271,2,11.18,12.7,11
1088320658#0,42437890,10171337696,2,11.18,12.82,11
1088320658#1,10171337696,4205565526,2,11.18,28.56,11
1088321123#0,9971263898,9971263899,2,11.18,47.64,11
1088321123#1,9971263899,42437914,2,11.18,13.83,11
1088321124#0,42438672,7341378759,2,11.18,15.52,3
1088321124#1,7341378759,7690154498,2,11.18,41.83,3
1088321124#2,7690154498,7690154522,2,11.18,87.6,3
1088321124#3,7690154522,7690154524,2,11.18,12.08,3
1088321124#4,7690154524,7690154520,2,11.18,55.43,3
1088321124#5,7690154520,10026259307,2,11.18,32.37,3
1088321125#0,42435633,10170593057,1,11.18,13.97,3
1088321125#1,10170593057,10168911602,1,11.18,247.59,3
1088321125#2,10168911602,42438547,1,11.18,11.94,3
1088325193#0,9971314375,3932847281,3,11.18,32.23,12
1088325193#1,3932847281,5131026388,3,11.18,13.86,12
1088325194,42445382,9971314378,2,11.18,29.99,12
1088325195#0,9971314381,8119462466,3,11.18,29.399999999999995,12
1088325195#1,8119462466,3786901743,3,11.18,8.97,12
1088325196#0,42437644,8133342841,2,11.18,13.11,12
1088325196#1,8133342841,9971314382,2,11.18,34.35,12
1088325197#0,9971314388,5851792229,3,11.18,42.26,12
1088325197#1,5851792229,42437663,3,11.18,12.24,12
1088325198,6905716423,2779131560,2,11.18,7.44,12
1088325199,9971314389,9971314390,2,11.18,41.04,12
1088327048#0,9971300853,9971300854,1,11.18,23.9,12
1088327048#1,9971300854,7037071175,1,11.18,7.49,12
1088327049#0,1533280147,8261123400,2,11.18,7.05,12
1088327049#1,8261123400,9971300853,2,11.18,22.97,12
1088327050#0,42444960,8660596954,1,11.18,10.77,4
1088327050#1,8660596954,8261123398,1,11.18,93.88,4
1088327050#2,8261123398,7037071175,1,11.18,13.3,4
1088327050#3,7037071175,1533280147,1,11.18,9.47,4
1088327050#4,1533280147,8261123401,1,11.18,8.94,4
1088327050#5,8261123401,2779131561,1,11.18,17.03,4
1088327051,11142777743,42423685,2,22.22,66.4,9
1088327052,5889481218,427842069,1,11.18,26.35,9
1088327053,4785165294,427842069,1,22.22,62.74,9
1088327054,427842069,9971300879,2,11.18,59.17,9
1089573084#0,4149936235,42456884,3,11.18,25.350000000000005,11
1089573084#1,42456884,4206997175,3,11.18,72.96,11
1089573084#2,4206997175,42446622,3,11.18,5.73,11
1090370025#0,42422899,9987259761,3,11.18,13.87,11
1090370025#1,9987259761,9147343630,3,11.18,8.75,11
1090370026#0,42445666,9987259785,2,11.18,7.26,3
1090370026#1,9987259785,9147322861,2,11.18,63.16,3
1090370026#2,9147322861,42442933,2,11.18,13.62,3
1090370027,9987259804,9987259803,2,11.18,29.26,7
1090370028#0,9987259803,9987259798,2,11.18,10.51,7
1090370028#1,9987259798,9987259801,2,11.18,18.17,7
1090370028#2,9987259801,9987259802,2,11.18,11.14,7
1090370029,42442918,9987259804,2,11.18,10.12,7
1090370030#0,9987259802,6913714562,4,22.22,8.28,9
1090370030#1,6913714562,9140723313,4,22.22,50.47,9
1090370031,42454495,3846857066,2,11.18,19.46,3
1090633956,4763900915,9971262467,3,11.18,11.82,11
1090755974#0,9832349990,1814477468,2,11.18,4.34,11
1090755974#1,1814477468,4592061570,2,11.18,9.29,11
1090755974#2,4592061570,3601295702,2,11.18,8.78,11
1090755974#3,3601295702,4207683793,2,11.18,61.59,11
1090890383,9991875548,373850887,4,22.35,50.5,14
1091336189,9561543894,42431666,1,8.94,9.19,3
1091399056#0,588546891,4145586932,3,11.18,15.520000000000001,12
1091399056#1,4145586932,588546885,3,11.18,11.36,12
1091706625#0,4763900906,4276517114,3,11.18,26.27,11
1091706625#1,4276517114,42445867,3,11.18,9.72,11
1091726255#0,42447166,6221717910,2,11.18,9.69,11
1091726255#1,6221717910,6254816633,2,11.18,126.93,11
1091726255#2,6254816633,42457660,2,11.18,9.29,11
1092553225,10005912258,42432967,2,11.18,35.16,11
1094692377#0,10026259307,6814312342,2,11.18,35.43,3
1094692377#1,6814312342,42435633,2,11.18,15.01,3
1095014324#0,4207702050,8740550825,1,11.18,7.66,11
1095014324#1,8740550825,42436285,1,11.18,8.41,11
1095014324#2,42436285,8740550828,1,11.18,8.32,11
1095014324#3,8740550828,8740550835,1,11.18,63.42,11
1095014324#4,8740550835,42442764,1,11.18,8.16,11
1095014325,5403858703,42451879,1,11.18,20.1,11
1096304299,10039501934,2821304138,1,11.18,9.04,3
1096427014#0,10040606324,8309479018,1,11.18,43.72,3
1096427014#1,8309479018,1692433918,1,11.18,7.11,3
1096427015#0,42439581,8231931830,1,11.18,7.25,3
1096427015#1,8231931830,8231931826,1,11.18,101.69,3
1096427015#2,8231931826,42452048,1,11.18,9.59,3
1096427015#3,42452048,8231931824,1,11.18,6.74,3
1096427015#4,8231931824,10040606325,1,11.18,17.26,3
1096427016,10040606325,10040606326,1,11.18,34.31,3
1096715407#0,2141026494,10170605764,2,11.18,7.76,12
1096715407#1,10170605764,4205440400,2,11.18,26.74,12
1097213725,7191808231,7191808230,2,22.22,22.87,9
1098144277,10049926003,42424703,2,27.78,7.77,11
1098148713,10055059290,7491182054,2,27.78,31.66,11
1098148714#0,7491182058,10055142724,1,27.78,29.38,11
1098148714#1,10055142724,595338090,1,27.78,6.57,11
1098148715#0,7491182059,10170703027,2,27.78,7.04,11
1098148715#1,10170703027,10055059295,2,27.78,6.74,11
1098148716#0,10055059296,10170703025,1,27.78,4.47,11
1098148716#1,10170703025,42441950,1,27.78,8.1,11
1098734619#0,42427345,8310245590,1,11.18,5.9,3
1098734619#1,8310245590,7500756892,1,11.18,20.97,3
1098734620#0,42427352,4835844136,1,11.18,7.18,3
1098734620#1,4835844136,4561702109,1,11.18,64.07,3
1098734620#2,4561702109,3783146184,1,11.18,62.1,3
1098734620#3,3783146184,42427358,1,11.18,9.23,3
1098734621#0,10060182578,4835844134,2,11.18,27.87,3
1098734621#1,4835844134,42427352,2,11.18,7.41,3
1100884446,9903045879,3786741452,1,11.18,21.51,3
110489637#0,42427381,10171337725,1,11.18,12.79,3
110489637#1,10171337725,9683231695,1,11.18,249.58,3
110489637#2,9683231695,42427374,1,11.18,12.18,3
110489638#0,42439178,10166118080,1,11.18,11.11,3
110489638#1,10166118080,6804917583,1,11.18,170.59,3
110542344#0,42432073,8231900988,1,11.18,6.06,3
110542344#1,8231900988,8231900977,1,11.18,125.24,3
110542344#2,8231900977,42437078,1,11.18,6.69,3
110542345#0,42437078,8231900978,1,11.18,5.66,3
110542345#1,8231900978,5296792756,1,11.18,127.64,3
110542345#2,5296792756,486868138,1,11.18,12.92,3
1106167120#0,10121802240,4918486727,2,11.18,51.0,3
1106167120#1,4918486727,42456041,2,11.18,13.47,3
1106469540#0,42429334,7924099723,3,11.18,12.63,11
1106469540#1,7924099723,8250514383,3,11.18,67.07,11
1106469540#10,10125087289,10125087290,3,11.18,65.34,11
1106469540#11,10125087290,42439399,3,11.18,7.46,11
1106469540#12,42439399,10125087293,3,11.18,6.7,11
1106469540#13,10125087293,10125087296,3,11.18,66.24,11
1106469540#14,10125087296,42447115,3,11.18,7.73,11
1106469540#15,42447115,10125087298,3,11.18,7.61,11
1106469540#16,10125087298,10156669045,3,11.18,65.22,11
1106469540#17,10156669045,10125087297,3,11.18,1.07,11
1106469540#18,10125087297,42438498,3,11.18,6.66,11
1106469540#19,42438498,10125087302,3,11.18,6.239999999999999,11
1106469540#2,8250514383,42447132,3,11.18,7.55,11
1106469540#20,10125087302,10125087303,3,11.18,29.0,11
1106469540#3,42447132,8782927423,3,11.18,7.260000000000001,11
1106469540#4,8782927423,10125087282,3,11.18,65.98,11
1106469540#5,10125087282,42435509,3,11.18,7.19,11
1106469540#6,42435509,10125087286,3,11.18,7.19,11
1106469540#7,10125087286,10125087285,3,11.18,66.33,11
1106469540#8,10125087285,42447126,3,11.18,6.93,11
1106469540#9,42447126,10125087289,3,11.18,8.09,11
1106469541#0,10125087303,10125087301,4,11.18,39.46,11
1106469541#1,10125087301,42447105,4,11.18,11.46,11
1106469542#0,42436484,3562587896,3,11.18,11.62,11
1106469542#1,3562587896,10122943670,3,11.18,67.75,11
1106469542#10,6747157042,10125139621,3,11.18,29.42,11
1106469542#2,10122943670,42445232,3,11.18,6.19,11
1106469542#3,42445232,10122943669,3,11.18,8.24,11
1106469542#4,10122943669,6747157044,3,11.18,65.23,11
1106469542#5,6747157044,42429688,3,11.18,7.43,11
1106469542#6,42429688,6747157043,3,11.18,6.56,11
1106469542#7,6747157043,6747157049,3,11.18,65.64,11
1106469542#8,6747157049,42447076,3,11.18,6.93,11
1106469542#9,42447076,6747157042,3,11.18,6.36,11
1106469543#0,10125139619,3562587895,4,11.18,39.49,11
1106469543#1,3562587895,42436484,4,11.18,12.02,11
1106469544#0,42431678,3278932316,3,11.18,6.900000000000001,11
1106469544#1,3278932316,8835703617,3,11.18,65.87,11
1106469544#2,8835703617,42437433,3,11.18,6.36,11
1106469545#0,10125139621,3278932317,4,11.18,36.97,11
1106469545#1,3278932317,42431678,4,11.18,6.54,11
1106470992#0,42437425,2792787011,1,11.18,12.13,3
1106470992#1,2792787011,6929267038,1,11.18,132.92,3
1106470992#2,6929267038,42437423,1,11.18,9.86,3
1106470993#0,10125112340,2792787015,2,11.18,53.42,3
1106470993#1,2792787015,42437425,2,11.18,10.43,3
1106470994#0,42437445,8851344391,2,11.18,12.94,3
1106470994#1,8851344391,10125112353,2,11.18,190.06,3
1106470994#2,10125112353,42437436,2,11.18,13.12,3
1106471567#0,42447060,9178272150,4,11.18,8.55,11
1106471567#1,9178272150,10125147523,4,11.18,64.72,11
1106471567#2,10125147523,42431654,4,11.18,7.25,11
1106471567#3,42431654,10166238417,4,11.18,7.62,11
1106471567#4,10166238417,10125147526,4,11.18,64.69,11
1106471567#5,10125147526,42429976,4,11.18,7.09,11
1106471568#0,10125147538,9178272151,4,11.18,40.89,11
1106471568#1,9178272151,42447020,4,11.18,8.92,11
1106474772#0,42427762,3976008172,3,11.18,12.22,3
1106474772#1,3976008172,10125156111,3,11.18,84.78,3
1106474773#0,10125156111,6188877009,2,11.18,48.4,3
1106474773#1,6188877009,42445947,2,11.18,10.66,3
1106474774#0,10125156112,10125156114,3,11.18,36.71,3
1106474774#1,10125156114,596775941,3,11.18,9.71,3
1106474775#0,10125156115,10125147543,3,11.18,28.58,3
1106474775#1,10125147543,42447007,3,11.18,11.83,3
1106482765#0,42443811,10165986975,1,13.89,77.16,3
1106482765#1,10165986975,42445924,1,13.89,12.19,3
1106482765#2,42445924,10165986978,1,13.89,12.03,3
1106482765#3,10165986978,3944708049,1,13.89,133.71,3
1106482765#4,3944708049,42452353,1,13.89,10.51,3
1106482766#0,42457476,10125233049,2,11.18,9.81,3
1106482766#1,10125233049,42443811,2,11.18,49.87,3
1106482767#0,42434074,3944708039,1,11.18,10.43,11
1106482767#1,3944708039,8536656980,1,11.18,33.49,11
1106482768#0,42434077,10125247887,1,27.78,8.6,11
1106482768#1,10125247887,4207915682,1,27.78,13.66,11
1106482769,3639382769,10125247902,1,11.18,44.58,3
1106484060#0,10125260560,10171137639,5,11.18,23.85,12
1106484060#1,10171137639,42449685,5,11.18,10.34,12
1106736160#0,10127304318,9561229751,2,27.78,63.35,12
1106736160#1,9561229751,42429226,2,27.78,10.01,12
1106938541#0,10128931543,10128931547,1,13.89,18.71,3
1106938541#1,10128931547,10128931544,1,13.89,36.27,3
110777346#0,42437970,7480410402,2,11.18,43.6,12
110777346#1,7480410402,42437967,2,11.18,8.66,12
110854073#0,42432063,8231901005,1,11.18,5.7,3
110854073#1,8231901005,8231901003,1,11.18,56.72,3
110854073#2,8231901003,42432066,1,11.18,5.9,3
110985802#0,42454102,9566869964,1,13.89,10.04,3
110985802#1,9566869964,7134871407,1,13.89,73.96,3
110985802#2,7134871407,5403873744,1,13.89,38.72,3
110985802#3,5403873744,42433075,1,13.89,11.56,3
110985802#4,42433075,5403873743,1,13.89,12.86,3
110985802#5,5403873743,5549743255,1,13.89,72.84,3
110985802#6,5549743255,9563795520,1,13.89,25.15,3
110985802#7,9563795520,42449644,1,13.89,7.73,3
1110659766,10160790469,61269797,3,22.350000000000005,16.31,14
1110659767,10160790470,61269797,1,22.22,16.79,9
1111706621,9375594838,593300940,2,27.78,9.7,11
1111952949#0,10172950538,8307641952,2,11.18,50.92,10
1111952949#1,8307641952,42448563,2,11.18,12.69,10
1111954748,1272562861,1272562792,1,11.18,24.29,6
1113267323#0,10185281699,7816666409,5,13.41,36.42,13
1113267323#1,7816666409,4207143417,5,13.41,24.13,13
1113542902#0,42457325,5829779510,3,11.18,6.66,12
1113542902#1,5829779510,5829779491,3,11.18,53.75,12
1113542902#2,5829779491,42432308,3,11.18,6.7,12
1115153280,596775941,42456598,3,11.18,17.49,3
1117867024,9647769356,4578017557,3,13.89,20.75,3
1117867025,4578017558,42439981,3,13.89,10.39,3
1117867026,10224024813,42439984,1,13.89,10.42,3
1117867027#0,10224024814,3974095828,1,13.89,5.17,3
1117867027#1,3974095828,10224024813,1,13.89,2.66,3
1117867028,42439984,10224024816,1,13.89,10.78,3
1117867029#0,10224024816,10224024800,1,13.89,3.49,3
1117867029#1,10224024800,6598535230,1,13.89,13.1,3
1117867029#2,6598535230,9235539560,1,13.89,3.57,3
1117867038#0,42430344,8373393481,1,27.78,12.15,11
1117867038#1,8373393481,8318633103,1,27.78,61.82,11
1117867038#2,8318633103,6597464446,1,27.78,183.01,11
1117867039#0,10224032629,3974095832,1,27.78,3.31,11
1117867039#1,3974095832,6597464445,1,27.78,4.66,11
1117867040#0,10224032630,42428297,1,27.78,12.02,11
1117867040#1,42428297,10224032629,1,27.78,12.02,11
1117867041#0,6597464446,10224032638,1,27.78,4.29,11
1117867041#1,10224032638,10224032630,1,27.78,2.17,11
1117885081#0,42442843,7977873333,1,11.18,11.57,3
1117885081#1,7977873333,4968494268,1,11.18,203.93,3
1117885081#2,4968494268,42453601,1,11.18,13.4,3
1117942067#0,4207862999,4379966360,1,11.18,19.42,11
1117942067#1,4379966360,42445769,1,11.18,8.54,11
111826111#0,42437965,5863593968,1,11.18,7.38,3
111826111#1,5863593968,8231954823,1,11.18,31.06,3
111826111#2,8231954823,42445620,1,11.18,5.74,3
111826111#3,42445620,8231954820,1,11.18,6.54,3
111826111#4,8231954820,8231942797,1,11.18,56.09,3
111826111#5,8231942797,42440682,1,11.18,5.76,3
111826111#6,42440682,8231942794,1,11.18,5.81,3
111826111#7,8231942794,8231942792,1,11.18,57.01,3
111826111#8,8231942792,42445617,1,11.18,10.86,3
1118588273#0,11027912161,246648063,3,13.410000000000002,19.02,13
1118588273#1,246648063,11027819092,3,13.410000000000002,19.62,13
1120381392,3874650232,4133206254,1,11.18,14.28,7
112116234#0,42437114,8231909719,3,11.18,5.86,12
112116234#1,8231909719,8821681997,3,11.18,62.99,12
112116234#2,8821681997,8231909724,3,11.18,2.97,12
112116234#3,8231909724,42437605,3,11.18,6.82,12
112116234#4,42437605,8231909725,3,11.18,5.78,12
112116234#5,8231909725,4202950102,3,11.18,12.550000000000002,12
112116235#0,42437071,8310245528,1,11.18,71.16,3
112116235#1,8310245528,42437074,1,11.18,5.78,3
112116235#2,42437074,8310245531,1,11.18,5.61,3
112116235#3,8310245531,8231900976,1,11.18,64.5,3
112116235#4,8231900976,42437078,1,11.18,6.12,3
112116235#5,42437078,8231900979,1,11.18,5.99,3
112116235#6,8231900979,8231900980,1,11.18,63.7,3
112116235#7,8231900980,42437082,1,11.18,6.65,3
112116236#0,42437608,8231909750,2,11.18,6.12,12
112116236#1,8231909750,8231909718,2,11.18,74.48,12
112116236#2,8231909718,42437114,2,11.18,5.57,12
1123877140#0,9807801426,8288270362,1,11.18,7.06,11
1123877140#1,8288270362,427842141,1,11.18,40.48,11
1123877141#0,9807801426,8288270361,2,22.22,6.65,9
1123877141#1,8288270361,4785165291,2,22.22,42.61,9
1123877371#0,4597668043,10166167635,1,11.18,8.54,3
1123877371#1,10166167635,10166167622,1,11.18,133.65,3
1123877371#2,10166167622,42436746,1,11.18,9.02,3
1123880569,10079540192,42427894,1,22.22,10.71,10
1123882067,9906953438,9906953435,1,13.89,9.1,4
1123883121#0,42428653,8709392076,3,11.18,12.46,12
1123883121#1,8709392076,8709392047,3,11.18,66.45,12
1123883121#10,10039477580,8727756103,3,11.18,68.41,12
1123883121#11,8727756103,42428643,3,11.18,9.75,12
1123883121#12,42428643,10039484255,3,11.18,6.98,12
1123883121#13,10039484255,8727756037,3,11.18,69.27,12
1123883121#14,8727756037,42428640,3,11.18,7.739999999999999,12
1123883121#15,42428640,8727756045,3,11.18,8.18,12
1123883121#16,8727756045,5115916416,3,11.18,68.23,12
1123883121#17,5115916416,42428637,3,11.18,8.53,12
1123883121#2,8709392047,42428065,3,11.18,8.05,12
1123883121#3,42428065,8709392055,3,11.18,6.919999999999999,12
1123883121#4,8709392055,8709392029,3,11.18,66.71,12
1123883121#5,8709392029,42428648,3,11.18,6.55,12
1123883121#6,42428648,8709392036,3,11.18,7.919999999999999,12
1123883121#7,8709392036,8727756115,3,11.18,68.1,12
1123883121#8,8727756115,42428645,3,11.18,7.93,12
1123883121#9,42428645,10039477580,3,11.18,7.04,12
1123883122,1061531454,42428653,2,11.18,17.47,11
1123883123#0,1061531454,8709392070,4,27.78,12.6,12
1123883123#1,8709392070,8709392094,4,27.78,66.88,12
1123883123#10,8709397324,7182045957,4,27.78,65.77,12
1123883123#11,7182045957,1061531550,4,27.78,6.62,12
1123883123#12,1061531550,7182045959,4,27.78,7.94,12
1123883123#13,7182045959,7182103211,4,27.78,65.88,12
1123883123#14,7182103211,1061531683,4,27.78,6.25,12
1123883123#15,1061531683,7182103209,4,27.78,8.68,12
1123883123#16,7182103209,8699239239,4,27.78,65.77,12
1123883123#17,8699239239,1061531839,4,27.78,6.69,12
1123883123#18,1061531839,8699239235,4,27.78,8.17,12
1123883123#19,8699239235,8699239251,4,27.78,66.64,12
1123883123#2,8709392094,1061531525,4,27.78,7.27,12
1123883123#20,8699239251,1061531603,4,27.78,12.69,12
1123883123#3,1061531525,8709392090,4,27.78,8.49,12
1123883123#4,8709392090,8709392110,4,27.78,65.11,12
1123883123#5,8709392110,1061531645,4,27.78,7.56,12
1123883123#6,1061531645,8709392106,4,27.78,7.83,12
1123883123#7,8709392106,8709397328,4,27.78,65.6,12
1123883123#8,8709397328,1061531818,4,27.78,7.47,12
1123883123#9,1061531818,8709397324,4,27.78,7.36,12
1124078896#0,42435645,8660596960,3,11.18,8.42,11
1124078896#1,8660596960,8660596978,3,11.18,62.43,11
1124078896#2,8660596978,42435646,3,11.18,7.77,11
1124078897#0,42435646,8660596994,4,11.18,7.55,11
1124078897#1,8660596994,8660596985,4,11.18,63.21,11
1124078897#2,8660596985,42435650,4,11.18,7.35,11
1124078898#0,42435650,8660596973,3,11.18,8.36,11
1124078898#1,8660596973,10168381343,3,11.18,62.54999999999999,11
1124078898#2,10168381343,42433620,3,11.18,8.8,11
1124078899#0,42433620,10168381339,3,11.18,9.0,11
1124078899#1,10168381339,10279559005,3,11.18,21.36,11
1124499625#0,42454401,8262936475,2,11.18,7.36,4
1124499625#1,8262936475,10282972213,2,11.18,9.93,4
1125106323,8262936616,8840333845,2,11.18,4.46,4
1125256558#0,8213944614,2531682690,1,11.18,14.64,4
1125256558#1,2531682690,8262936679,1,11.18,60.97,4
1125256558#2,8262936679,42422035,1,11.18,11.24,4
1126410086#0,10299839473,10299849799,3,11.18,15.5,11
1126410086#1,10299849799,42422042,3,11.18,12.449999999999998,11
1126410242#0,10299850024,8262936613,1,11.18,1.27,4
1126410242#1,8262936613,42422038,1,11.18,7.48,4
1127444736#0,10308251046,8660597000,2,11.18,34.23,11
1127444736#1,8660597000,42435650,2,11.18,12.64,11
1127448896#0,10308291149,8288270357,2,11.18,29.54,11
1127448896#1,8288270357,4491359481,2,11.18,12.97,11
1127572723#0,42448578,8276468654,1,11.18,7.79,3
1127572723#1,8276468654,8276468648,1,11.18,64.37,3
1127572723#2,8276468648,42429840,1,11.18,5.64,3
1127572732#0,42432679,10593159473,1,11.18,5.54,3
1127572732#1,10593159473,7097820972,1,11.18,59.8,3
1127572732#2,7097820972,42448578,1,11.18,6.98,3
1127573246#0,42429840,8276468647,1,11.18,5.87,3
1127573246#1,8276468647,10309272445,1,11.18,41.24,3
1127573674#0,42422053,7138157375,1,11.18,6.75,3
1127573674#1,7138157375,42448583,1,11.18,29.73,3
1127573855#0,42448583,6262915547,1,11.18,51.19,3
1127573855#1,6262915547,8281922149,1,11.18,44.57,3
1127573855#2,8281922149,42440343,1,11.18,5.62,3
1127576536#0,6262915548,7138157370,1,11.18,88.9,3
1127576536#1,7138157370,42448583,1,11.18,6.51,3
1127576633#0,42422042,10299850116,1,11.18,9.21,3
1127576633#1,10299850116,5083818848,1,11.18,4.88,3
1127576633#2,5083818848,42422046,1,11.18,77.81,3
1127576633#3,42422046,8281922200,1,11.18,21.3,3
1127576633#4,8281922200,42422050,1,11.18,7.73,3
1127576696#0,42429840,8276468649,1,11.18,6.36,3
1127576696#1,8276468649,8276469232,1,11.18,120.42,3
1127576696#2,8276469232,42429838,1,11.18,5.7,3
1128358854,4149936245,42436178,1,11.18,7.37,3
1128388462#0,10316226053,10316226135,1,2.24,8.92,2
1128388462#1,10316226135,10316226097,1,2.24,11.39,2
1128388463#0,42428370,8281922264,2,11.18,9.39,11
1128388463#1,8281922264,8281922243,2,11.18,24.21,11
1128388463#2,8281922243,42428368,2,11.18,8.33,11
1128388463#3,42428368,7335430598,2,11.18,1.65,11
1128388463#4,7335430598,7335430599,2,11.18,78.04,11
1128388463#5,7335430599,42428366,2,11.18,6.31,11
1128388463#6,42428366,7335430601,2,11.18,5.81,11
1128388463#7,7335430601,7072589167,2,11.18,108.3,11
1128388463#8,7072589167,42428365,2,11.18,2.75,11
11305103,373760396,373850916,1,22.22,350.31,9
1131052144,42456297,4149936235,3,11.18,8.7,11
1133431620,60926796,10567534694,2,22.22,98.69,9
1133523764#0,42440499,1764746049,1,13.89,7.77,3
1133523764#1,1764746049,7171114289,1,13.89,36.0,3
1133523764#2,7171114289,42440502,1,13.89,70.11,3
1133806010#0,42440258,10311946149,1,11.18,9.6,12
1133806010#1,10311946149,10311946199,1,11.18,67.34,12
1133806010#2,10311946199,3350498747,1,11.18,7.09,12
1134450766,371337175,5378686574,2,11.18,7.71,11
1134714574,42433779,3099327948,1,13.89,13.55,3
1134714575#0,42433779,9557104514,2,27.78,6.95,11
1134714575#1,9557104514,4205440410,2,27.78,35.63,11
1134714576#0,3099327948,8212384289,3,27.78,6.87,11
1134714576#1,8212384289,4205440414,3,27.78,31.959999999999997,11
1135143380#0,10581577906,6214889059,3,11.18,7.64,11
1135143380#1,6214889059,42428049,3,11.18,8.95,11
1135342273#0,1773055865,11153640056,2,11.18,17.43,3
1135342273#1,11153640056,8827539962,2,11.18,4.71,3
1135342273#2,8827539962,3234401386,2,11.18,56.47,3
1135342273#3,3234401386,7132405548,2,11.18,12.41,3
1135342275#0,7132405548,9910234385,2,11.18,8.4,3
1135342275#1,9910234385,7477038792,2,11.18,20.64,3
1135342275#2,7477038792,9910222078,2,11.18,34.64,3
1135342275#3,9910222078,7132406726,2,11.18,21.57,3
1135342275#4,7132406726,42425955,2,11.18,8.34,3
1135342276#0,10583167614,4878781669,2,11.18,31.98,3
1135342276#1,4878781669,42445466,2,11.18,12.11,3
1135342277#0,1253070785,8279851411,2,11.18,33.71,3
1135342277#1,8279851411,42445466,2,11.18,10.04,3
1135342278,1253070530,10583167620,2,11.18,21.72,11
1135346522#0,42446933,8119462510,1,11.18,10.85,10
1135346522#1,8119462510,8119462441,1,11.18,132.59,10
1135346522#2,8119462441,42456568,1,11.18,8.81,10
1135346523#0,42446933,8119462500,4,11.18,7.39,11
1135346523#1,8119462500,8133342842,4,11.18,63.7,11
1135346523#2,8133342842,8482948064,4,11.18,6.55,11
1135357725#0,42435234,8796934782,4,11.18,7.95,12
1135357725#1,8796934782,4207669596,4,11.18,42.48,12
1135357726#0,42435237,8796966336,1,11.18,13.46,3
1135357726#1,8796966336,8796934786,1,11.18,202.79,3
1135357726#2,8796934786,42435234,1,11.18,12.05,3
1135361169#0,42445174,246881976,4,13.41,11.26,13
1135361169#1,246881976,10583288367,4,13.41,54.65,13
1135361170#0,10583288367,4207143428,5,13.41,19.78,13
1135361170#1,4207143428,246881640,5,13.41,3.9799999999999995,13
1135361170#2,246881640,9611529611,5,13.41,9.64,13
1135361330#0,10583318293,5362212155,2,27.78,39.09,12
1135361330#1,5362212155,42433229,2,27.78,6.14,12
1135428602#0,42429374,8310246322,4,11.18,8.12,11
1135428602#1,8310246322,10584037999,4,11.18,24.77,11
1135576504#0,42429838,11053134881,1,11.18,5.73,3
1135576504#1,11053134881,3738917603,1,11.18,46.21,3
1135576504#2,3738917603,42434410,1,11.18,4.99,3
1135576552#0,42434410,3738917605,1,11.18,5.46,3
1135576552#1,3738917605,3738917611,1,11.18,44.67,3
1135576552#2,3738917611,8281922199,1,11.18,8.5,3
1135576552#3,8281922199,42422050,1,11.18,9.08,3
1135576553#0,42422050,8281922197,1,11.18,5.78,3
1135576553#1,8281922197,10171859896,1,11.18,52.48,3
1135576553#2,10171859896,42454795,1,11.18,5.16,3
1135576553#3,42454795,10171859895,1,11.18,6.21,3
1135576553#4,10171859895,8281922138,1,11.18,56.11,3
1135576553#5,8281922138,42440335,1,11.18,6.0,3
1135577205#0,10585438628,8281922068,1,11.18,50.06,3
1135577205#1,8281922068,42456492,1,11.18,5.44,3
1135614654#0,10585863294,8288270384,5,27.78,16.96,12
1135614654#1,8288270384,42433625,5,27.78,7.790000000000001,12
1135614655#0,42444985,8288270378,5,27.78,7.51,12
1135614655#1,8288270378,10585863294,5,27.78,46.75,12
1135614656#0,10585863295,8288270377,5,27.78,26.2,12
1135614656#1,8288270377,42444985,5,27.78,7.290000000000001,12
1135620537#0,42439955,10169532572,2,27.78,12.01,11
1135620537#1,10169532572,10169532585,2,27.78,172.59,11
1135620537#2,10169532585,42428258,2,27.78,9.61,11
1135620538#0,42439960,10169532517,4,11.18,7.26,11
1135620538#1,10169532517,10169532573,4,11.18,63.17,11
1135620538#2,10169532573,42439955,4,11.18,7.2,11
1135622595#0,3976829278,10125260526,2,27.78,58.21,11
1135622595#1,10125260526,42434087,2,27.78,13.53,11
1135661889#0,42438894,10170640094,6,11.18,8.85,12
1135661889#1,10170640094,9496073805,6,11.18,49.48,12
1135661890#0,10586374984,10125260533,3,27.78,94.83,11
1135661890#1,10125260533,42438891,3,27.78,13.92,11
1135661891#0,10586374983,10170640092,3,27.78,35.81,11
1135661891#1,10170640092,42438894,3,27.78,13.67,11
1135661892#0,42438894,10170640088,3,27.78,13.5,11
1135661892#1,10170640088,10586374984,3,27.78,94.64,11
1135726216#0,10586962113,10586962112,1,11.18,41.26,3
1135726216#1,10586962112,9492542208,1,11.18,196.41,3
1135726216#2,9492542208,42431002,1,11.18,11.26,3
1136391283#0,42445020,8646554910,1,11.18,13.81,3
1136391283#1,8646554910,10168029012,1,11.18,249.85,3
1136391283#2,10168029012,42452365,1,11.18,10.48,3
1136391283#3,42452365,10168029014,1,11.18,13.0,3
1136391283#4,10168029014,593921860,1,11.18,45.33,3
1136391284#0,42445020,8646554913,4,27.78,6.19,12
1136391284#1,8646554913,4207957614,4,27.78,48.87,12
1136393331#0,10593550845,3871072002,5,11.18,7.389999999999999,12
1136393331#1,3871072002,9470272150,5,11.18,17.93,12
1136398322#0,42434175,6070106316,4,11.18,5.82,12
1136398322#1,6070106316,5637143331,4,11.18,29.95,12
1136412582#0,42440465,6746980152,5,11.18,7.13,12
1136412582#1,6746980152,10593756781,5,11.18,25.17,12
1136412583,10593756781,9496073806,6,11.18,23.36,12
1136460176#0,42428308,2435108447,2,27.78,13.36,11
1136460176#1,2435108447,4207978589,2,27.78,26.32,11
1136460177#0,42428308,2435108455,1,22.22,7.77,10
1136460177#1,2435108455,2435108454,1,22.22,64.63,10
1136460177#2,2435108454,42428307,1,22.22,7.73,10
1136460178#0,10594155705,2435108453,2,22.22,32.8,10
1136460178#1,2435108453,42428308,2,22.22,7.94,10
1136460179#0,42428310,3977886863,2,22.22,7.79,10
1136460179#1,3977886863,10173292883,2,22.22,1.07,10
1136460179#2,10173292883,10594155705,2,22.22,29.36,10
1136460180#0,42428313,8785244250,2,22.22,7.48,10
1136460180#1,8785244250,10594155706,2,22.22,35.58,10
1136460181#0,10594155706,3977886874,3,22.22,27.94,10
1136460181#1,3977886874,42428312,3,22.22,7.46,10
1136699156#0,486869282,5159452344,1,11.18,12.16,11
1136699156#1,5159452344,10596183144,1,11.18,54.9,11
1136699157,10596183144,10596183145,1,11.18,45.27,11
1136699158#0,10596183145,8231896503,2,11.18,25.02,11
1136699158#1,8231896503,42437113,2,11.18,5.63,11
1136699159#0,42437113,8231896502,1,11.18,6.11,11
1136699159#1,8231896502,6906849818,1,11.18,125.92,11
1136699159#2,6906849818,42432083,1,11.18,5.72,11
1136699160#0,10596183146,9543294809,2,11.18,34.1,11
1136699160#1,9543294809,5783022072,2,11.18,11.74,11
1136699160#2,5783022072,1918039877,2,11.18,9.38,11
1136952921#0,10598594003,3974095818,3,11.18,35.78,12
1136952921#1,3974095818,42428287,3,11.18,13.08,12
1137046265#0,42430540,7335430595,1,11.18,5.41,4
1137046265#1,7335430595,1253070923,1,11.18,29.18,4
1137046265#2,1253070923,8279851418,1,11.18,97.86,4
1137046265#3,8279851418,42428405,1,11.18,8.4,4
1138164081,42445314,3874681615,1,11.18,12.12,3
1138164083,3874681611,42427494,3,11.18,11.67,11
1138164085,246651648,246580736,3,11.18,19.91,11
1138164087,11027912164,3874653362,1,11.18,10.3,4
1138164088,3874653359,42439295,1,11.18,8.6,3
1138164092,3884622511,246649429,1,11.18,25.85,11
1140716170,1061531757,42428637,1,13.89,19.59,3
1140716171#0,42428637,5115917333,3,11.18,7.81,12
1140716171#1,5115917333,3235708631,3,11.18,70.12,12
1140716171#2,3235708631,42428634,3,11.18,15.87,12
1144268432#0,42453104,8309479650,3,11.18,7.81,12
1144268432#1,8309479650,8309479658,3,11.18,73.81,12
1144268432#2,8309479658,42446528,3,11.18,7.5,12
1145069303#0,3350498747,10311946241,1,11.18,6.65,12
1145069303#1,10311946241,11032958096,1,11.18,92.76,12
1145069303#2,11032958096,42433218,1,11.18,6.87,12
1145454202#0,42428103,9563821107,1,8.94,76.32,3
1145454202#1,9563821107,42427185,1,8.94,9.27,3
1146051565#0,42427159,7604384328,1,11.18,6.73,11
1146051565#1,7604384328,7604384339,1,11.18,42.24,11
1146051565#2,7604384339,42427156,1,11.18,7.39,11
1146051565#3,42427156,7604384341,1,11.18,6.96,11
1146051565#4,7604384341,7604384352,1,11.18,63.67,11
1146051565#5,7604384352,42427152,1,11.18,7.19,11
1146402185#0,42442697,9569882309,2,27.78,8.04,11
1146402185#1,9569882309,10668997778,2,27.78,32.06,11
1146402186#0,10668997778,9569882314,2,27.78,35.45,11
1146402186#1,9569882314,42437319,2,27.78,8.13,11
1146402187#0,42437319,9569882313,1,27.78,14.55,11
1146402187#1,9569882313,10668997779,1,27.78,37.77,11
1146402188,10668997779,42442702,1,27.78,24.3,11
1146402189#0,42442702,8725182263,2,27.78,14.92,11
1146402189#1,8725182263,42442703,2,27.78,9.9,11
1146402190#0,42442703,6836035776,1,27.78,6.96,11
1146402190#1,6836035776,10668997780,1,27.78,31.23,11
1146402191#0,10668997780,6836035775,2,27.78,35.39,11
1146402191#1,6836035775,2075592658,2,27.78,5.61,11
1146402192,2075592658,42432223,2,27.78,21.73,11
1146402193#0,42432223,6836035772,3,27.78,5.75,11
1146402193#1,6836035772,6836035780,3,27.78,36.44,11
1146402193#2,6836035780,42442710,3,27.78,9.02,11
1146402194#0,42442710,6836035778,1,27.78,10.21,11
1146402194#1,6836035778,7675910661,1,27.78,11.24,11
1146402194#2,7675910661,10668997781,1,27.78,19.73,11
1146402195#0,10668997781,6836035782,2,27.78,29.91,11
1146402195#1,6836035782,42442717,2,27.78,6.98,11
1146402196#0,42442717,6836035783,1,27.78,6.73,11
1146402196#1,6836035783,10668997782,1,27.78,19.01,11
1146402197#0,10668997782,6836035767,1,27.78,39.67,11
1146402197#1,6836035767,42435198,1,27.78,7.66,11
1146402198#0,42435198,2499802975,1,11.18,10.07,3
1146402198#1,2499802975,765367023,1,11.18,40.9,3
1146402199#0,42435198,9908577534,1,27.78,5.84,11
1146402199#1,9908577534,6836035765,1,27.78,5.4,11
1146402199#2,6836035765,10668997783,1,27.78,30.4,11
1146402200,10668997783,42439783,2,27.78,12.94,11
1146402201#0,42439783,6836035763,2,27.78,25.69,11
1146402201#1,6836035763,42434989,2,27.78,6.44,11
1146402202#0,42434989,6836035762,1,27.78,6.24,11
1146402202#1,6836035762,10668997784,1,27.78,25.47,11
1146402203#0,10668997784,6836035760,1,27.78,37.94,11
1146402203#1,6836035760,42442722,1,27.78,7.04,11
1146402204#0,10668997785,6836035758,2,27.78,27.46,11
1146402204#1,6836035758,42429452,2,27.78,8.15,11
1146402205#0,42442722,6836035761,2,27.78,5.64,11
1146402205#1,6836035761,765365632,2,27.78,11.0,11
114654203#0,1061531491,3235708628,4,27.78,39.38,12
114654203#1,3235708628,6207264908,4,27.78,12.32,12
1146748992#0,42442738,9566892699,1,13.89,11.08,3
1146748992#1,9566892699,1253602816,1,13.89,69.69,3
1147907300#0,10680357589,8231927643,3,11.18,14.87,11
1147907300#1,8231927643,42427327,3,11.18,7.37,11
1148931681#0,42434410,5083818847,1,11.18,105.15,4
1148931681#1,5083818847,10299850183,1,11.18,4.39,4
1148931681#2,10299850183,42428374,1,11.18,8.19,4
1149014898#0,42422042,5083818851,2,11.18,9.14,11
1149014898#1,5083818851,5083818846,2,11.18,30.92,11
1149014898#2,5083818846,42428374,2,11.18,6.42,11
1149017059#0,10689662209,8279851450,4,11.18,6.26,11
1149017059#1,8279851450,42430004,4,11.18,10.13,11
1149017114#0,10689654121,8279851484,4,11.18,17.43,11
1149017114#1,8279851484,42429562,4,11.18,7.25,11
1149017144,10689664920,10689668792,4,11.18,14.13,11
1149017145,10689668792,10689654121,4,11.18,17.0,11
1149178606,7280430895,9140954081,2,11.18,26.14,11
1149695048#0,42440829,2151385500,1,11.18,12.43,11
1149695048#1,2151385500,8231935507,1,11.18,115.11,11
1149695048#2,8231935507,42452026,1,11.18,6.36,11
1149701654#0,10695321443,8309478887,1,11.18,1.9,3
1149701654#1,8309478887,42433295,1,11.18,5.8,3
1149701654#2,42433295,8309478885,1,11.18,7.46,3
1149701654#3,8309478885,8309479182,1,11.18,108.64,3
1149701654#4,8309479182,42456211,1,11.18,7.24,3
1149726969#0,10695513187,8307642051,1,11.18,35.89,3
1149726969#1,8307642051,42432194,1,11.18,10.25,3
1149728034#0,42433264,8307642087,1,11.18,5.71,3
1149728034#1,8307642087,4320028821,1,11.18,60.27,3
1149728034#2,4320028821,42433261,1,11.18,7.14,3
1149728191,42433261,42433286,1,11.18,37.66,3
1150636496#0,42445656,10170983196,1,13.89,10.91,3
1150636496#1,10170983196,10703807883,1,13.89,72.31,3
1150636497#0,10703807883,8871600821,2,13.89,8.63,3
1150636497#1,8871600821,8122411168,2,13.89,46.59,3
1150636497#2,8122411168,42445653,2,13.89,9.0,3
1150636498,42445653,561042195,1,13.89,18.35,3
1150636499#0,561042195,8122411153,1,13.89,9.45,3
1150636499#1,8122411153,4711654705,1,13.89,61.05,3
1150636499#2,4711654705,10703807884,1,13.89,35.92,3
1150636500#0,10703807884,4711654714,2,13.89,4.13,3
1150636500#1,4711654714,3997454666,2,13.89,27.6,3
1150636500#2,3997454666,42445651,2,13.89,9.48,3
1150636501#0,10703807885,9965135088,2,13.89,36.91,3
1150636501#1,9965135088,42445649,2,13.89,12.11,3
1150705656#0,5706568771,3976008176,4,11.18,8.97,11
1150705656#1,3976008176,6188803959,4,11.18,60.85,11
1150705656#2,6188803959,42427762,4,11.18,10.15,11
1150810375#0,3236082435,4161569144,1,11.18,81.54,3
1150810375#1,4161569144,4161568888,1,11.18,8.39,3
1150810376#0,42437830,4298778321,1,11.18,9.13,3
1150810376#1,4298778321,1927758595,1,11.18,5.95,3
1150810376#2,1927758595,4161568861,1,11.18,4.96,3
1150810376#3,4161568861,8429307329,1,11.18,51.92,3
1150810376#4,8429307329,10705337090,1,11.18,21.13,3
1151033361#0,42440282,8281922087,1,11.18,7.27,3
1151033361#1,8281922087,8281922108,1,11.18,37.93,3
1151033361#2,8281922108,1538237248,1,11.18,6.21,3
1151033516#0,42440340,8281922148,1,11.18,56.49,3
1151033516#1,8281922148,42440343,1,11.18,5.98,3
1151033517#0,42440345,10710934676,1,11.18,5.61,3
1151033517#1,10710934676,42433330,1,11.18,52.9,3
1151033517#2,42433330,8262936327,1,11.18,66.2,3
1151033517#3,8262936327,42440347,1,11.18,7.15,3
1151033591#0,42440343,8281922146,1,11.18,5.87,3
1151033591#1,8281922146,10710934677,1,11.18,74.1,3
1151033591#2,10710934677,42440345,1,11.18,5.66,3
1151034558#0,42434418,8276468633,1,11.18,41.53,3
1151034558#1,8276468633,42429842,1,11.18,5.81,3
1151034558#2,42429842,8276468634,1,11.18,5.72,3
1151034558#3,8276468634,7139624492,1,11.18,60.44,3
1151034558#4,7139624492,42444414,1,11.18,6.82,3
1151035737#0,10707585709,8276468524,2,11.18,37.0,12
1151035737#1,8276468524,42454600,2,11.18,4.0,12
1151036495#0,1251958257,8276468674,1,11.18,46.89,3
1151036495#1,8276468674,42427956,1,11.18,10.41,3
1151036496#0,42427956,8276468677,1,11.18,7.01,3
1151036496#1,8276468677,10707589906,1,11.18,55.4,3
1151039415#0,42444480,7335430607,1,11.18,7.92,3
1151039415#1,7335430607,11050054089,1,11.18,68.18,3
1151039415#2,11050054089,8276468754,1,11.18,43.14,3
1151039415#3,8276468754,11002109566,1,11.18,10.61,3
1152535932#0,42428107,9563821087,1,8.94,6.88,3
1152535932#1,9563821087,42428103,1,8.94,77.46,3
1152535933#0,42427190,9563821081,1,8.94,10.28,12
1152535933#1,9563821081,42444097,1,8.94,75.39,12
1152535934#0,595480989,9566938937,1,8.94,70.36,3
1152535934#1,9566938937,42428103,1,8.94,5.58,3
1153954428,277482762,3786728763,3,13.410000000000002,50.69,9
1153992800#0,42443046,6214889035,4,11.18,7.51,12
1153992800#1,6214889035,5475082080,4,11.18,50.98,12
1156469033#0,42433537,11153640071,1,11.18,9.68,3
1156469033#1,11153640071,6139477289,1,11.18,58.26,3
1156469033#2,6139477289,42435910,1,11.18,7.87,3
1156469243#0,496707003,3316834250,1,11.18,55.64,11
1156469243#1,3316834250,8279851251,1,11.18,37.66,11
1156469243#2,8279851251,3212472978,1,11.18,8.88,11
1156474000#0,42429644,8231877076,1,11.18,6.87,3
1156474000#1,8231877076,8821681988,1,11.18,76.33,3
1156474000#2,8821681988,8231896491,1,11.18,4.69,3
1156474000#3,8231896491,486867405,1,11.18,11.8,3
1156474000#4,486867405,42429645,1,11.18,16.9,3
1156475211#0,42432103,8231896468,1,11.18,6.37,3
1156475211#1,8231896468,5296792750,1,11.18,81.25,3
1156475211#2,5296792750,486867490,1,11.18,11.78,3
1156475401#0,42432099,8231896473,2,11.18,6.63,3
1156475401#1,8231896473,3314293725,2,11.18,81.38,3
1156475401#2,3314293725,486867513,2,11.18,11.14,3
1156810185#0,42444479,7685650169,2,11.18,6.28,12
1156810185#1,7685650169,7685535239,2,11.18,94.67,12
1156810185#2,7685535239,588546891,2,11.18,5.59,12
1156946156#0,593921857,10166521618,3,11.18,178.67999999999998,11
1156946156#1,10166521618,42430685,3,11.18,10.51,11
1156946157#0,42430685,10166505416,4,11.18,8.84,11
1156946157#1,10166505416,10166505408,4,11.18,64.88,11
1156946157#2,10166505408,42430680,4,11.18,8.05,11
1156946158#0,42430688,10166521627,4,11.18,8.9,11
1156946158#1,10166521627,10166521620,4,11.18,65.19,11
1156946158#2,10166521620,42430685,4,11.18,8.88,11
1156946159#0,42430688,10166521629,3,11.18,10.45,11
1156946159#1,10166521629,5481842905,3,11.18,56.15,11
1156946159#2,5481842905,593921859,3,11.18,126.55,11
1156946160#0,593921845,10166521640,1,11.18,181.39,3
1156946160#1,10166521640,42430691,1,11.18,11.17,3
1156946161#0,42430691,10166521638,4,11.18,7.04,11
1156946161#1,10166521638,10166521631,4,11.18,63.99,11
1156946161#2,10166521631,42430688,4,11.18,9.1,11
1157664114#0,10766093129,8660596996,4,11.18,53.94,11
1157664114#1,8660596996,42435642,4,11.18,8.39,11
1157765268#0,42428365,7072589168,2,11.18,7.45,11
1157765268#1,7072589168,10316226053,2,11.18,5.79,11
1158491835,8262936586,588545728,2,11.18,34.03,11
1158491836#0,42428379,8281922225,3,11.18,10.699999999999998,11
1158491836#1,8281922225,42428377,3,11.18,5.66,11
1158491837#0,42428376,8281922230,2,11.18,5.56,11
1158491837#1,8281922230,10299849716,2,11.18,2.72,11
1158491838,10299849716,10299839473,2,11.18,50.41,11
1159051925#0,5147744247,4161568813,1,8.94,41.21,11
1159051925#1,4161568813,42440754,1,8.94,12.64,11
1159051944#0,10778672288,8309479570,1,8.94,38.85,11
1159051944#1,8309479570,42436957,1,8.94,7.5,11
1159052040#0,3624790934,3716628973,1,8.94,75.58,4
1159052040#1,3716628973,1989931095,1,8.94,36.12,4
1159053287#0,42455181,8309479401,1,8.94,8.3,3
1159053287#1,8309479401,8309479383,1,8.94,212.08,3
1159053287#2,8309479383,42455412,1,8.94,9.24,3
1159053669#0,10778677019,7977873287,1,8.94,31.26,11
1159053669#1,7977873287,42444833,1,8.94,6.58,11
1160257229#0,7706695191,7706695196,1,11.18,36.93,3
1160257229#1,7706695196,42444360,1,11.18,10.79,3
1160297420#0,7476387556,8310245566,1,11.18,145.8,3
1160297420#1,8310245566,42435534,1,11.18,6.22,3
1160297420#2,42435534,8310245563,1,11.18,7.02,3
1160297420#3,8310245563,5173488754,1,11.18,62.2,3
1160297420#4,5173488754,42427340,1,11.18,11.17,3
1160376255,10792226610,427841071,2,27.78,36.57,12
1160618888#0,3971196620,3971196619,1,13.89,62.81,3
1160618888#1,3971196619,42430352,1,13.89,13.89,3
1161024303#0,10798825171,9543294810,3,11.18,32.98,12
1161024303#1,9543294810,3927743135,3,11.18,5.97,12
1161024303#2,3927743135,1918039877,3,11.18,14.51,12
1161025023#0,1061531685,8780665873,2,27.78,4.96,12
1161025023#1,8780665873,6173564344,2,27.78,54.55,12
1161025023#2,6173564344,9170816531,2,27.78,20.47,12
1161025024#0,1061531447,9902682377,3,27.78,10.34,12
1161025024#1,9902682377,10798832217,3,27.78,33.97,12
1164426014#0,42455867,7977873310,4,11.18,9.16,12
1164426014#1,7977873310,6133355297,4,11.18,42.82,12
1164741792,10832508151,6086355078,1,13.89,84.62,3
1165434472#0,42430154,42442282,1,11.18,12.04,3
1165434472#1,42442282,8231934387,1,11.18,45.39,3
1165434472#2,8231934387,42439527,1,11.18,6.0,3
1165644579#0,10842005392,3977886243,2,11.18,30.64,3
1165644579#1,3977886243,42446353,2,11.18,10.85,3
116672333#0,3914863405,2823833538,2,11.18,206.79,11
116672333#1,2823833538,9971263900,2,11.18,40.41,11
116672333#2,9971263900,42437914,2,11.18,13.55,11
116672642#0,42436374,8214320083,1,8.94,8.24,11
116672642#1,8214320083,8648032265,1,8.94,92.65,11
1167572182,6575692624,247084436,4,13.41,36.29,13
1167572183,10858288588,6575692624,5,13.41,36.93,13
1167572184,4207978501,10858288589,5,13.41,32.48,13
1167572186,6575692624,247081705,1,22.22,19.96,8
1167572190,3914863405,42430589,2,11.18,13.12,11
1167924989#0,10862013364,4556157744,2,11.18,16.13,3
1167924989#1,4556157744,9147322859,2,11.18,42.45,3
1167924989#2,9147322859,42445664,2,11.18,8.87,3
1167939119#0,10862166674,8785244283,3,11.18,28.75,12
1167939119#1,8785244283,42428329,3,11.18,14.87,12
1167942377#0,42444909,8310246352,3,11.18,6.78,11
1167942377#1,8310246352,10862160673,3,11.18,4.37,11
1167942378,10862160673,4557517552,4,11.18,20.69,11
1167942379,4557517552,10862160674,2,11.18,18.3,11
1169395569,60927650,7907883471,2,22.35,246.51,14
1169395570,60916829,60916831,4,20.12,122.26,14
1169395571,374460018,60915156,3,17.88,461.39000000000004,14
1169395572#0,595295438,61271527,3,22.350000000000005,225.98,14
1169395572#1,61271527,10873903275,3,22.350000000000005,13.479999999999999,14
1173024583#0,8648032265,1319476955,1,8.94,36.26,11
1173024583#1,1319476955,42430761,1,8.94,13.87,11
1173352487,10902020359,9675461941,4,11.18,15.66,12
1173357723#0,42442557,10165989499,3,11.18,7.44,12
1173357723#1,10165989499,9675461940,3,11.18,53.9,12
1173360487,10902146187,1544809872,3,27.78,56.62,12
1174924117#0,10917414771,10171227009,2,11.18,30.91,11
1174924117#1,10171227009,9150529695,2,11.18,1.85,11
1174924117#2,9150529695,42452290,2,11.18,12.51,11
1174928402#0,42436510,7797650089,3,11.18,6.919999999999999,11
1174928402#1,7797650089,4347535692,3,11.18,59.85999999999999,11
1174928402#2,4347535692,4347534783,3,11.18,10.08,11
1177979594#0,10943102727,3009534477,2,11.18,24.71,10
1177979594#1,3009534477,42429874,2,11.18,12.35,10
1180567731#0,1764400304,7120723135,2,27.78,30.38,12
1180567731#1,7120723135,9561420846,2,27.78,102.36,12
1180567731#2,9561420846,42445634,2,27.78,8.28,12
1180567732,10964555776,42452495,2,27.78,7.4,12
1183958481#0,248708583,10994926362,1,13.89,15.75,4
1183958481#1,10994926362,3829675223,1,13.89,6.5,4
118400726#0,42437333,7977873347,4,11.18,7.15,12
118400726#1,7977873347,775996460,4,11.18,41.11,12
118400728#0,42442842,7977873327,4,11.18,6.91,12
118400728#1,7977873327,42442838,4,11.18,14.86,12
118400729#0,42442910,3817760024,5,11.18,8.99,12
118400729#1,3817760024,3817760043,5,11.18,64.11,12
118400729#2,3817760043,42442906,5,11.18,7.480000000000001,12
1184293797,10998208716,595105496,1,13.89,11.65,3
1184480985#0,42431875,8276468834,1,11.18,11.11,3
1184480985#1,8276468834,42437546,1,11.18,33.47,3
1184480986#0,42437537,8276468877,1,11.18,42.13,3
1184480986#1,8276468877,42437536,1,11.18,11.92,3
1184516019#0,42431889,10710993577,1,11.18,10.1,3
1184516019#1,10710993577,11002109566,1,11.18,5.75,3
1184673315,370915361,11003445230,3,22.22,46.04,9
1184673316,11003445230,11003445232,3,22.22,9.88,9
1185734601#0,6176628861,10175165875,1,11.18,7.05,11
1185734601#1,10175165875,3829688390,1,11.18,30.12,11
1185872415#0,42436139,10168907020,1,11.18,7.55,3
1185872415#1,10168907020,8307463863,1,11.18,59.62,3
1185872415#2,8307463863,42436404,1,11.18,12.9,3
1185872416#0,42440946,3874650201,1,11.18,12.09,3
1185872416#1,3874650201,10169052138,1,11.18,117.07,3
1185872416#2,10169052138,42440943,1,11.18,7.84,3
1186021636#0,1805328780,607911351,1,13.89,21.13,4
1186021636#1,607911351,6381998627,1,13.89,29.72,4
1186021636#2,6381998627,1805328753,1,13.89,15.68,4
1186021637#0,1805328753,4206998241,1,13.89,17.33,4
1186021637#1,4206998241,11013387830,1,13.89,15.02,4
1186131871,11017186434,42446386,5,13.41,21.85,13
1186131872,11017186438,42440253,5,13.41,20.91,13
118714453,373932842,247080924,3,13.410000000000002,50.29999999999999,13
118714476#0,1334569028,247072737,4,13.41,90.22,13
118714476#1,247072737,42445314,4,13.41,15.38,13
118714476#2,42445314,42434827,4,13.41,78.56,13
118714476#3,42434827,42438684,4,13.41,80.36,13
118714476#4,42438684,247073199,4,13.41,67.52,13
118714476#5,247073199,42427828,4,13.41,11.71,13
1187622115,11027819092,11027819093,4,13.41,18.38,13
1187622116,11027819093,11027819094,4,13.41,8.58,13
1187622117#0,11027819095,402475097,5,13.41,15.61,13
1187622117#1,402475097,593816329,5,13.41,5.15,13
1187622117#2,593816329,11027819091,5,13.41,14.12,13
1187625139,1701920999,9143569908,3,11.18,12.75,11
1187625140,42443677,11027928256,4,13.41,17.6,13
11878036,4148924140,106706946,2,17.88,1710.82,14
1188167855#0,588455737,3898690196,1,13.41,74.54,9
1188167855#1,3898690196,42422283,1,13.41,11.54,9
1188352331#0,42452006,8288270269,1,11.18,7.2,3
1188352331#1,8288270269,4872777164,1,11.18,107.64,3
1188352331#2,4872777164,42452008,1,11.18,11.99,3
1188676818#0,42440449,8310246581,1,11.18,8.61,3
1188676818#1,8310246581,11037590245,1,11.18,14.13,3
1188730002#0,42437773,11038072095,1,11.18,9.48,11
1188730002#1,11038072095,11038072621,1,11.18,65.67,11
1188730002#10,11038072203,11038072107,1,11.18,45.54,11
1188730002#11,11038072107,42438531,1,11.18,8.79,11
1188730002#2,11038072621,11038072110,1,11.18,5.78,11
1188730002#3,11038072110,11038072619,1,11.18,3.59,11
1188730002#4,11038072619,11038072109,1,11.18,58.51,11
1188730002#5,11038072109,11038072104,1,11.18,11.22,11
1188730002#6,11038072104,11038072108,1,11.18,8.64,11
1188730002#7,11038072108,11038072198,1,11.18,38.45,11
1188730002#8,11038072198,42438529,1,11.18,2.1,11
1188730002#9,42438529,11038072203,1,11.18,9.98,11
1188730016,11038072189,588455701,1,11.18,6.14,3
1188730017,8310246493,42437773,1,11.18,11.33,11
1188730038,588455700,4491534951,1,11.18,6.93,3
1188730080#0,8518556691,6411125219,1,11.18,7.08,11
1188730080#1,6411125219,11038072318,1,11.18,4.08,11
1188730080#2,11038072318,42433554,1,11.18,11.08,11
1188730083#0,4375208206,4492750446,1,11.18,20.99,12
1188730083#1,4492750446,5804713746,1,11.18,50.84,12
1188730083#2,5804713746,11038072433,1,11.18,6.64,12
1188730083#3,11038072433,5804835282,1,11.18,6.92,12
1188730083#4,5804835282,11038072383,1,11.18,11.33,12
1188730084#0,11038072383,7499270164,2,11.18,51.75,12
1188730084#1,7499270164,11038072506,2,11.18,3.42,12
1188730084#2,11038072506,42427335,2,11.18,10.23,12
1188730085#0,42427335,11038072504,1,11.18,10.55,12
1188730085#1,11038072504,7499270165,1,11.18,3.53,12
1188730085#2,7499270165,11038072382,1,11.18,36.45,12
1188730086#0,11038072382,11038072514,1,11.18,21.31,12
1188730086#1,11038072514,3234449577,1,11.18,6.96,12
1188730086#2,3234449577,7499271059,1,11.18,25.09,12
1188730086#3,7499271059,11038072385,1,11.18,22.96,12
1188730088,11038072385,11038072391,1,11.18,29.63,12
1188730090#0,42440408,8960350840,1,11.18,8.66,12
1188730090#1,8960350840,11038072399,1,11.18,30.35,12
1188730091,11038072399,5804835269,2,11.18,32.51,12
1188730092,42447428,5804835269,1,11.18,4.44,12
1188730093#0,5804835269,11038072542,1,11.18,59.67,12
1188730093#1,11038072542,11038072541,1,11.18,10.18,12
1188730152#0,42433554,11038072374,1,11.18,7.38,11
1188730152#1,11038072374,5804713751,1,11.18,5.68,11
1188730152#2,5804713751,11038072550,1,11.18,27.35,11
1188954617#0,11040029959,8307463783,2,11.18,7.82,3
1188954617#1,8307463783,42436423,2,11.18,6.91,3
1188954618#0,11040029985,7476429026,1,11.18,18.25,12
1188954618#1,7476429026,42423295,1,11.18,6.79,12
1188964152,9907942851,11040080970,1,11.18,21.49,12
1188964942#0,11040080997,8307463728,2,11.18,56.11,11
1188964942#1,8307463728,42435578,2,11.18,7.92,11
1189284691,11043134785,5610570649,2,27.78,66.87,12
1189567313#0,11038072541,11038072519,1,11.18,7.58,12
1189567313#1,11038072519,11038072513,1,11.18,131.62,12
1189567313#10,42452107,11038072462,1,11.18,2.63,12
1189567313#11,11038072462,11038072409,1,11.18,51.1,12
1189567313#12,11038072409,4375208206,1,11.18,21.09,12
1189567313#2,11038072513,11038072512,1,11.18,7.04,12
1189567313#3,11038072512,11038072466,1,11.18,63.9,12
1189567313#4,11038072466,11038072505,1,11.18,3.48,12
1189567313#5,11038072505,11038072465,1,11.18,10.67,12
1189567313#6,11038072465,11038072507,1,11.18,10.6,12
1189567313#7,11038072507,11038072464,1,11.18,3.45,12
1189567313#8,11038072464,11038072463,1,11.18,63.32,12
1189567313#9,11038072463,42452107,1,11.18,11.04,12
1189567314,11038072541,42440408,1,11.18,6.04,3
1189567315#0,11038072396,8960350839,1,11.18,0.93,3
1189567315#1,8960350839,42432094,1,11.18,101.5,3
1189989592#0,11049420901,246652740,3,13.410000000000002,20.99,13
1189989592#1,246652740,42445769,3,13.410000000000002,15.160000000000002,13
1190239185,272195277,272195270,2,11.18,12.04,11
1193079853#0,4205440429,10869707903,1,13.89,52.32,3
1193079853#1,10869707903,42448674,1,13.89,8.16,3
1193079854#0,42448674,10867399389,1,13.89,8.83,3
1193079854#1,10867399389,42442638,1,13.89,154.57,3
1193079855,42442635,42442638,1,27.78,79.32,11
1197056479,11107538391,373903786,4,13.41,42.03,13
1197063253#0,42433030,9566997284,1,11.18,10.18,11
1197063253#1,9566997284,11107581285,1,11.18,30.14,11
1197063254,11107581285,11107581284,1,11.18,19.78,11
1197063255,2499803009,42433027,1,11.18,16.46,11
1197063256,42437326,2499803009,1,22.22,14.15,5
1197065242#0,11107628433,9904552002,1,11.18,41.33,10
1197065242#1,9904552002,1241742563,1,11.18,12.77,10
1197065243#0,7050687060,7050687064,1,11.18,10.69,10
1197065243#1,7050687064,6456467046,1,11.18,36.34,10
1197066228#0,11107632623,9904553340,2,13.89,49.47,3
1197066228#1,9904553340,42421972,2,13.89,11.35,3
1197069043#0,42426747,1772058064,2,11.18,8.6,12
1197069043#1,1772058064,11107654706,2,11.18,30.43,12
1198594026#0,5849918504,10168088471,3,11.18,8.84,11
1198594026#1,10168088471,10168088478,3,11.18,64.11,11
1198594026#2,10168088478,42435671,3,11.18,6.44,11
1198594027#0,42435671,10168088476,1,13.89,11.67,3
1198594027#1,10168088476,42443559,1,13.89,147.91,3
1198594027#2,42443559,10224024814,1,13.89,98.3,3
1198594028#0,42432700,10168088484,1,27.78,14.03,11
1198594028#1,10168088484,9665064785,1,27.78,227.84,11
1198594029#0,42435671,10168088477,3,11.18,7.53,11
1198594029#1,10168088477,10168088483,3,11.18,64.71,11
1198594029#2,10168088483,42432700,3,11.18,7.37,11
1198594030#0,42435675,2435108457,4,11.18,8.16,11
1198594030#1,2435108457,9469961217,4,11.18,51.73,11
1201643836#0,561042191,10169157366,3,13.89,9.42,3
1201643836#1,10169157366,11140783103,3,13.89,105.96999999999998,3
1201643837#0,42434948,10173357077,4,11.18,9.04,11
1201643837#1,10173357077,10169157345,4,11.18,63.19,11
1201643837#2,10169157345,42445908,4,11.18,8.09,11
1201643838#0,11140783103,10173357079,3,13.89,22.01,3
1201643838#1,10173357079,42434948,3,13.89,10.69,3
1201651432#0,42436705,10165922659,2,27.78,11.37,11
1201651432#1,10165922659,11140867101,2,27.78,101.06,11
1201651434#0,11140867101,10171649189,3,27.78,22.55,11
1201651434#1,10171649189,10125228015,3,27.78,2.04,11
1201651434#2,10125228015,42436703,3,27.78,11.729999999999999,11
1201651435#0,42440456,10125233922,3,11.18,7.04,12
1201651435#1,10125233922,10165922701,3,11.18,65.23,12
1201651435#2,10165922701,9140940641,3,11.18,2.6,12
1201651435#3,9140940641,42452875,3,11.18,5.8,12
1201651435#4,42452875,10125233920,3,11.18,6.47,12
1201651435#5,10125233920,3977886227,3,11.18,64.56,12
1201651435#6,3977886227,42436703,3,11.18,8.78,12
1201651436,42436703,596775900,2,27.78,16.56,11
1201651437#0,596775900,3977886228,3,11.18,7.150000000000001,12
1201651437#1,3977886228,10125233919,3,11.18,64.67,12
1201651437#2,10125233919,596775914,3,11.18,6.19,12
1201651437#3,596775914,10165922702,3,11.18,8.1,12
1201651437#4,10165922702,10125233921,3,11.18,65.37,12
1201651437#5,10125233921,596775876,3,11.18,6.669999999999999,12
1201728066#0,6636032331,8261122526,1,11.18,6.96,4
1201728066#1,8261122526,11141800809,1,11.18,4.05,4
1201839361,593984752,11142777743,5,22.22,34.91,9
1201839365,11142777748,427842134,1,11.18,29.35,11
1201839368#0,11142777751,11142777779,1,11.18,2.73,11
1201839368#1,11142777779,11142777748,1,11.18,8.1,11
1201839381,427842070,5889481218,1,11.18,9.25,9
1201839405#0,4785165291,5889481205,2,22.22,2.89,9
1201839405#1,5889481205,4785165294,2,22.22,21.51,9
1202082365#0,42434429,8261123409,1,22.22,18.38,9
1202082365#1,8261123409,11144690835,1,22.22,2.52,9
1202082384#0,7037071175,4604291689,1,11.18,7.13,12
1202082384#1,4604291689,11144700326,1,11.18,2.19,12
1202082397#0,9423683656,8261123369,1,22.22,2.26,9
1202082397#1,8261123369,427845236,1,22.22,10.75,9
1202563951,11148406716,7611187236,2,11.18,55.8,12
1202563952#0,42429646,8307642280,1,11.18,5.9,3
1202563952#1,8307642280,8307642277,1,11.18,64.87,3
1202563952#2,8307642277,42437111,1,11.18,6.61,3
1202571928#0,42431168,5824300186,1,11.18,9.4,3
1202571928#1,5824300186,5481937333,1,11.18,120.64,3
1202586278#0,11148599482,8307641942,1,11.18,23.66,3
1202586278#1,8307641942,42442291,1,11.18,8.89,3
1202586279#0,42442291,8307641943,1,11.18,10.41,3
1202586279#1,8307641943,11148599483,1,11.18,34.11,3
1202586280#0,42436146,10168546911,1,11.18,54.72,3
1202586280#1,10168546911,42436149,1,11.18,5.85,3
1202586281#0,7593282968,42431703,1,11.18,17.19,3
1202586281#1,42431703,8429031343,1,11.18,18.74,3
1202586281#2,8429031343,42436134,1,11.18,5.9,3
1202586282#0,42436115,8214320078,1,11.18,8.1,3
1202586282#1,8214320078,8214320067,1,11.18,66.92,3
1202586282#10,8288270262,8288270276,1,11.18,105.88,3
1202586282#11,8288270276,42436129,1,11.18,9.03,3
1202586282#12,42436129,8288270330,1,11.18,8.1,3
1202586282#13,8288270330,7593282968,1,11.18,31.0,3
1202586282#2,8214320067,42436119,1,11.18,5.83,3
1202586282#3,42436119,8214320066,1,11.18,9.49,3
1202586282#4,8214320066,8214320059,1,11.18,65.61,3
1202586282#5,8214320059,42436122,1,11.18,6.97,3
1202586282#6,42436122,8214320058,1,11.18,8.43,3
1202586282#7,8214320058,8288270263,1,11.18,66.01,3
1202586282#8,8288270263,42436126,1,11.18,6.6,3
1202586282#9,42436126,8288270262,1,11.18,8.61,3
1202586283#0,42436100,8307641907,1,11.18,73.08,3
1202586283#1,8307641907,42436109,1,11.18,7.27,3
1202586283#2,42436109,8307641906,1,11.18,8.53,3
1202586283#3,8307641906,8214320079,1,11.18,66.1,3
1202586283#4,8214320079,42436115,1,11.18,7.11,3
1202586284#0,42436088,8307641938,1,11.18,7.25,3
1202586284#1,8307641938,42436093,1,11.18,75.96,3
1202586284#2,42436093,42436097,1,11.18,81.03,3
1202586284#3,42436097,42436100,1,11.18,81.13,3
1202586285#0,42436083,4892579962,1,11.18,7.26,3
1202586285#1,4892579962,11148599484,1,11.18,84.16,3
1202638283#0,42439096,8307642223,1,11.18,6.68,3
1202638283#1,8307642223,8307642170,1,11.18,53.08,3
1202638283#2,8307642170,42459436,1,11.18,7.07,3
1202638283#3,42459436,8307642167,1,11.18,5.55,3
1202638283#4,8307642167,4741865080,1,11.18,50.48,3
1202638284#0,42431508,8307642208,1,11.18,5.75,3
1202638284#1,8307642208,8307642214,1,11.18,57.05,3
1202638284#2,8307642214,42454758,1,11.18,6.01,3
1202638284#3,42454758,8307642218,1,11.18,5.63,3
1202638284#4,8307642218,11152128438,1,11.18,35.29,3
1202638285#0,42457735,8307642122,1,11.18,6.28,3
1202638285#1,8307642122,11149009172,1,11.18,27.58,3
1202638286#0,11149009172,8288270335,1,11.18,38.13,3
1202638286#1,8288270335,42436894,1,11.18,10.22,3
1202638286#2,42436894,8288270274,1,11.18,14.2,3
1202638286#3,8288270274,8288270267,1,11.18,68.09,3
1202638286#4,8288270267,42452006,1,11.18,7.95,3
1202638286#5,42452006,8288270268,1,11.18,7.21,3
1202638286#6,8288270268,8214320052,1,11.18,64.64,3
1202638286#7,8214320052,42454642,1,11.18,8.59,3
1202638287#0,42454642,8214320053,1,11.18,7.67,3
1202638287#1,8214320053,8214320062,1,11.18,64.33,3
1202638287#2,8214320062,42456986,1,11.18,8.81,3
1202638287#3,42456986,8214320063,1,11.18,7.1,3
1202638287#4,8214320063,11149009173,1,11.18,46.35,3
1202638288#0,42440527,8214320073,1,11.18,6.57,3
1202638288#1,8214320073,11149009174,1,11.18,29.01,3
1202638289#0,11149009173,8214320072,1,11.18,19.85,3
1202638289#1,8214320072,42440527,1,11.18,8.48,3
1202638290#0,11149009174,8307641896,1,11.18,37.1,3
1202638290#1,8307641896,42448568,1,11.18,8.86,3
1203013899#0,3564892566,4634753637,2,11.18,41.92,11
1203013899#1,4634753637,42436439,2,11.18,10.99,11
1203013900#0,11152128438,8307642222,1,11.18,17.53,3
1203013900#1,8307642222,42439096,1,11.18,7.54,3
1203138885#0,42437693,6656308651,2,11.18,13.17,12
1203138885#1,6656308651,11153346568,2,11.18,2.65,12
1203152694#0,11153451619,9421943106,1,13.89,7.37,4
1203152694#1,9421943106,3270031031,1,13.89,7.51,4
1203376569#0,42433718,4206997170,1,11.18,7.84,3
1203376569#1,4206997170,4876543173,1,11.18,63.47,3
1203376569#2,4876543173,9802614802,1,11.18,8.47,3
1203376570#0,42433715,4954604349,1,11.18,7.68,3
1203376570#1,4954604349,4206997167,1,11.18,63.66,3
1203376570#2,4206997167,42433718,1,11.18,8.21,3
1203376571#0,42433712,4207000203,1,11.18,10.05,3
1203376571#1,4207000203,4876394045,1,11.18,62.32,3
1203376571#2,4876394045,42433715,1,11.18,8.51,3
1203376572#0,246901366,4207000189,1,11.18,147.53,3
1203376572#1,4207000189,42433712,1,11.18,13.02,3
1203376573,9802614802,42427411,1,11.18,8.91,3
1203376574#0,9802614802,9802614803,1,11.18,10.07,3
1203376574#1,9802614803,9802614798,1,11.18,25.03,3
1204547878#0,5296792744,5854381564,1,11.18,2.1,12
1204547878#1,5854381564,486868873,1,11.18,11.56,12
1204773045,11165901278,9531564558,1,11.18,29.7,4
121772574,1362215055,60918687,2,20.12,142.73,14
121772575,60925728,4837499474,3,20.12,82.98,14
121772576,4837499471,4803647104,3,20.12,32.4,14
121772577,9908464006,529798909,2,20.12,277.61,14
121772578,9897252113,60925763,2,20.12,188.04,14
122625731,1369722087,371239961,3,13.410000000000002,45.51,9
122625733,1369722086,371231726,1,22.22,36.37,9
122625738#0,42423170,42423200,2,22.22,30.61,9
122625738#1,42423200,42423203,2,22.22,15.13,9
122660454,205019740,370880734,2,13.41,774.87,14
122660455,205024444,4157854441,1,17.88,254.76,14
122660458,1272562895,8880311754,2,13.41,26.87,8
122660459,1369956654,486819529,1,13.41,36.58,13
122660460#0,486819529,4158740807,1,13.41,77.03,13
122660460#1,4158740807,486819531,1,13.41,19.92,13
122660461,8262309340,4143876126,1,13.41,164.48,8
122738256#0,42426799,371225088,2,17.88,235.21,14
122738256#1,371225088,3786728557,2,17.88,321.93,14
122738257,42425681,9190083396,2,17.88,202.02,14
122738258,371337269,60925389,4,22.35,101.1,14
122738259,6511274595,5959713759,3,22.350000000000005,266.82,14
122738260,42444581,42444564,3,22.350000000000005,427.19,14
122738265,60917021,60928402,2,22.35,703.62,14
122738266,1370721870,10160790469,3,22.350000000000005,1086.82,14
122738269,60928432,7908589026,2,22.35,219.69,14
122738270,60916831,8898513809,3,20.12,827.36,14
122738271,60928402,595352917,3,22.350000000000005,444.04,14
124814435#0,42436322,8304497536,1,11.18,8.42,11
124814435#1,8304497536,8304498507,1,11.18,64.49,11
124814435#10,42436326,8304498519,1,11.18,8.03,11
124814435#11,8304498519,42436327,1,11.18,29.96,11
124814435#2,8304498507,42430571,1,11.18,9.01,11
124814435#3,42430571,8304498506,1,11.18,7.49,11
124814435#4,8304498506,8304498501,1,11.18,25.08,11
124814435#5,8304498501,42430529,1,11.18,7.3,11
124814435#6,42430529,8304498500,1,11.18,5.66,11
124814435#7,8304498500,42429833,1,11.18,29.42,11
124814435#8,42429833,8304498520,1,11.18,30.26,11
124814435#9,8304498520,42436326,1,11.18,7.47,11
125436141#0,42427300,8307637708,1,11.18,8.39,11
125436141#1,8307637708,7132560143,1,11.18,58.54,11
125436141#10,42427311,7641859754,1,11.18,7.24,11
125436141#11,7641859754,8307641566,1,11.18,33.0,11
125436141#12,8307641566,42427316,1,11.18,11.41,11
125436141#2,7132560143,42427305,1,11.18,8.17,11
125436141#3,42427305,7132560177,1,11.18,7.5,11
125436141#4,7132560177,591567245,1,11.18,71.4,11
125436141#5,591567245,7132560152,1,11.18,63.76,11
125436141#6,7132560152,42427307,1,11.18,7.2,11
125436141#7,42427307,7132560178,1,11.18,7.95,11
125436141#8,7132560178,7641859739,1,11.18,76.01,11
125436141#9,7641859739,42427311,1,11.18,5.26,11
125479715#0,42436393,8288270319,2,11.18,8.7,11
125479715#1,8288270319,8307642010,2,11.18,63.12,11
125479715#10,8307463859,8307463847,2,11.18,66.34,11
125479715#11,8307463847,42436407,2,11.18,6.82,11
125479715#12,42436407,8307463846,2,11.18,7.75,11
125479715#13,8307463846,6210448851,2,11.18,61.02,11
125479715#14,6210448851,42436411,2,11.18,7.94,11
125479715#2,8307642010,42436396,2,11.18,5.68,11
125479715#3,42436396,8307642009,2,11.18,7.47,11
125479715#4,8307642009,8307642110,2,11.18,65.64,11
125479715#5,8307642110,42436400,2,11.18,6.73,11
125479715#6,42436400,8307642109,2,11.18,7.32,11
125479715#7,8307642109,8307463860,2,11.18,65.81,11
125479715#8,8307463860,42436404,2,11.18,5.68,11
125479715#9,42436404,8307463859,2,11.18,7.22,11
125479721#0,42435654,1758008333,4,27.78,7.59,11
125479721#1,1758008333,9538820168,4,27.78,64.27,11
125479721#2,9538820168,42435657,4,27.78,8.65,11
125480075#0,42435663,9235539541,4,11.18,12.36,11
125480075#1,9235539541,9469803476,4,11.18,49.55,11
125525165#0,42432000,8310246529,1,11.18,8.06,3
125525165#1,8310246529,7153367758,1,11.18,42.88,3
125525165#2,7153367758,42437775,1,11.18,105.39,3
125525165#3,42437775,8310246483,1,11.18,95.39,3
125525165#4,8310246483,42427744,1,11.18,9.06,3
125525171#0,6330018917,8279851242,1,11.18,8.99,3
125525171#1,8279851242,7480301988,1,11.18,55.61,3
125525171#2,7480301988,6330018915,1,11.18,89.06,3
125525171#3,6330018915,8310246640,1,11.18,32.02,3
125525171#4,8310246640,42437763,1,11.18,6.72,3
125527383,42424641,42423295,1,11.18,164.12,3
125527384,9906966855,42437519,1,11.18,80.52,3
125528659#0,42437339,8309479305,1,11.18,13.79,3
125528659#1,8309479305,7977873343,1,11.18,203.75,3
125528659#2,7977873343,42437333,1,11.18,11.46,3
125774603#0,42432900,10127369908,1,13.89,14.05,3
125774603#1,10127369908,10127369911,1,13.89,86.88,3
125774603#2,10127369911,42435775,1,13.89,10.12,3
125774603#3,42435775,10127369913,1,13.89,10.82,3
125774603#4,10127369913,10127369915,1,13.89,120.12,3
125774603#5,10127369915,42447330,1,13.89,9.39,3
125774603#6,42447330,8250876242,1,13.89,9.72,3
125774603#7,8250876242,7004413974,1,13.89,112.66,3
125774603#8,7004413974,42440125,1,13.89,11.62,3
126140593,1399181883,7477194676,2,27.78,10.7,12
127690685#0,42431614,7410938056,1,11.18,13.2,11
127690685#1,7410938056,8304497233,1,11.18,147.33,11
127690685#2,8304497233,42431617,1,11.18,7.39,11
127691870,42433542,8279851200,1,11.18,12.16,3
127691871#0,42429636,6369613307,1,11.18,6.92,3
127691871#1,6369613307,6369613311,1,11.18,111.25,3
127691871#2,6369613311,7480410410,1,11.18,8.34,3
127691872#0,7480410410,6369613316,1,11.18,10.26,3
127691872#1,6369613316,6369625010,1,11.18,118.74,3
127691872#2,6369625010,42429641,1,11.18,5.93,3
127691872#3,42429641,6369625008,1,11.18,5.59,3
127691872#4,6369625008,5043087536,1,11.18,126.17,3
127691872#5,5043087536,42429643,1,11.18,9.16,3
127691872#6,42429643,5043087532,1,11.18,8.62,3
127691872#7,5043087532,8231877077,1,11.18,94.73,3
127691872#8,8231877077,42429644,1,11.18,5.71,3
127693102#0,42430237,4320194257,4,11.18,15.06,11
127693102#1,4320194257,4320194267,4,11.18,40.0,11
127693102#2,4320194267,42421889,4,11.18,10.24,11
127693103#0,42430333,8375523266,3,27.78,13.04,11
127693103#1,8375523266,10173043408,3,27.78,64.84,11
127693103#2,10173043408,42430338,3,27.78,8.85,11
127693103#3,42430338,10173043412,3,27.78,8.84,11
127693103#4,10173043412,10173121976,3,27.78,64.95,11
127693103#5,10173121976,42430342,3,27.78,7.16,11
127693199#0,42429664,10168486359,1,11.18,12.17,4
127693199#1,10168486359,4555542099,1,11.18,137.6,4
127693199#2,4555542099,4555542098,1,11.18,10.04,4
127693199#3,4555542098,4555500073,1,11.18,43.1,4
127693199#4,4555500073,4555542092,1,11.18,7.84,4
127693199#5,4555542092,8310246378,1,11.18,50.67,4
127693199#6,8310246378,42429663,1,11.18,9.39,4
127693200#0,42429664,10168486361,2,11.18,9.09,12
127693200#1,10168486361,10168486365,2,11.18,57.74,12
127693200#2,10168486365,42454381,2,11.18,7.37,12
127693200#3,42454381,10168486369,2,11.18,8.33,12
127693200#4,10168486369,6401966213,2,11.18,43.77,12
127693200#5,6401966213,10168486373,2,11.18,14.04,12
127693200#6,10168486373,42427390,2,11.18,8.06,12
127693383#0,42435632,10171484178,4,11.18,8.06,11
127693383#1,10171484178,10170593071,4,11.18,65.9,11
127693383#2,10170593071,42434810,4,11.18,7.04,11
127693383#3,42434810,10170593070,4,11.18,6.37,11
127693383#4,10170593070,10170593059,4,11.18,61.4,11
127693383#5,10170593059,42435633,4,11.18,8.48,11
127693383#6,42435633,10170593058,4,11.18,8.72,11
127693383#7,10170593058,9469803473,4,11.18,20.61,11
127693384#0,42429388,6211334199,3,11.18,20.65,11
127693384#1,6211334199,42432214,3,11.18,13.75,11
127693388#0,10862160674,8262308747,2,11.18,24.57,11
127693388#1,8262308747,387180916,2,11.18,6.26,11
128578947,247222680,247223720,1,11.18,76.97,11
128578950,1420632047,247222680,1,11.18,22.72,11
129834314#0,1431790464,8262936393,1,11.18,9.05,4
129834314#1,8262936393,8262936507,1,11.18,120.85,4
129834314#2,8262936507,8840333839,1,11.18,5.48,4
129834316#0,42434413,10288473158,1,11.18,3.26,3
129834316#1,10288473158,5487737822,1,11.18,20.12,3
129834316#2,5487737822,42436192,1,11.18,11.66,3
129834316#3,42436192,42436187,1,11.18,28.93,3
132500852,4515465265,42431666,1,8.94,144.32,11
132500932#0,42429708,9561209099,1,8.94,11.3,10
132500932#1,9561209099,7249923670,1,8.94,7.23,10
132500932#2,7249923670,42429709,1,8.94,104.19,10
134485639,4412043541,370912945,1,22.22,90.3,9
139919706#0,9971300853,8261123379,2,11.18,42.1,12
139919706#1,8261123379,42434427,2,11.18,13.74,12
139919714#0,11144700326,8261123407,1,11.18,63.63,12
139919714#1,8261123407,427842070,1,11.18,8.17,12
140391522#0,42428391,11051616163,1,11.18,17.36,3
140391522#1,11051616163,8262936592,1,11.18,7.11,3
140391522#2,8262936592,10290401155,1,11.18,6.24,3
140391522#3,10290401155,3658821413,1,11.18,77.72,3
140391522#4,3658821413,8281922102,1,11.18,37.23,3
140391522#5,8281922102,1538237434,1,11.18,5.35,3
141125504,60915682,1544809882,1,22.22,15.02,5
141125506,1544809886,7132855263,2,27.78,41.66,12
141125508,1544809877,10902146187,2,27.78,85.44,12
141125510,1544809889,60915682,1,22.22,15.48,5
144001606#0,42445390,3932847283,4,11.18,13.67,12
144001606#1,3932847283,8838254189,4,11.18,45.23,12
144944189,42423070,1351815632,1,22.22,184.04,9
144944205#0,1351815632,61270993,2,22.22,40.86,9
144944205#1,61270993,595295641,2,22.22,5.63,9
144944205#2,595295641,7912855687,2,22.22,16.92,9
154716101#0,595254571,10168235688,1,11.18,75.92,3
154716101#1,10168235688,1672106382,1,11.18,7.93,3
154716101#2,1672106382,10168235687,1,11.18,10.59,3
154716101#3,10168235687,10098621377,1,11.18,61.86,3
154716101#4,10098621377,595245925,1,11.18,6.72,3
154716102#0,1672106385,10573903212,1,13.89,74.9,3
154716102#1,10573903212,595245920,1,13.89,7.31,3
154716105#0,595254573,10098711648,1,11.18,10.24,3
154716105#1,10098711648,595254571,1,11.18,71.18,3
156994955#0,42443674,10168486339,1,11.18,9.48,3
156994955#1,10168486339,10168486352,1,11.18,249.91,3
156994955#2,10168486352,42443676,1,11.18,12.03,3
156994961#0,42430265,7781138062,1,11.18,13.49,3
156994961#1,7781138062,9683231686,1,11.18,249.05,3
156994961#2,9683231686,42439836,1,11.18,11.45,3
156994961#3,42439836,9683231689,1,11.18,12.59,3
156994961#4,9683231689,10171509282,1,11.18,249.34,3
156994961#5,10171509282,5849918502,1,11.18,12.71,3
156994969#0,5849918502,10171509284,3,11.18,7.52,11
156994969#1,10171509284,10171509272,3,11.18,63.79999999999999,11
156994969#2,10171509272,42434271,3,11.18,7.54,11
156994977#0,42443674,10168486341,3,11.18,7.14,11
156994977#1,10168486341,8913108827,3,11.18,22.709999999999997,11
157012386#0,42430187,3891950553,1,11.18,20.35,3
157012386#1,3891950553,2477560563,1,11.18,17.18,3
157012386#10,1692433932,8429031590,1,11.18,5.79,3
157012386#11,8429031590,8309478930,1,11.18,58.22,3
157012386#12,8309478930,1692433928,1,11.18,9.18,3
157012386#13,1692433928,8309478928,1,11.18,7.63,3
157012386#14,8309478928,1692433924,1,11.18,70.92,3
157012386#15,1692433924,3236571730,1,11.18,78.13,3
157012386#16,3236571730,8309478998,1,11.18,66.87,3
157012386#17,8309478998,1692433920,1,11.18,7.58,3
157012386#18,1692433920,8309478995,1,11.18,7.4,3
157012386#19,8309478995,5355267632,1,11.18,25.36,3
157012386#2,2477560563,8309478941,1,11.18,64.11,3
157012386#20,5355267632,8309479027,1,11.18,41.01,3
157012386#21,8309479027,1692433919,1,11.18,9.84,3
157012386#22,1692433919,8309479024,1,11.18,8.92,3
157012386#23,8309479024,1692433918,1,11.18,70.56,3
157012386#24,1692433918,8309479017,1,11.18,31.5,3
157012386#25,8309479017,1692433916,1,11.18,9.87,3
157012386#26,1692433916,8309479014,1,11.18,10.01,3
157012386#27,8309479014,1692433914,1,11.18,8.16,3
157012386#3,8309478941,1692433938,1,11.18,6.06,3
157012386#4,1692433938,8309478938,1,11.18,5.82,3
157012386#5,8309478938,8309478953,1,11.18,64.93,3
157012386#6,8309478953,1692433935,1,11.18,5.66,3
157012386#7,1692433935,8309478951,1,11.18,5.64,3
157012386#8,8309478951,8429031593,1,11.18,65.3,3
157012386#9,8429031593,1692433932,1,11.18,5.88,3
157012387#0,1692433941,3584752496,1,11.18,6.83,3
157012387#1,3584752496,8309478965,1,11.18,68.5,3
157012387#2,8309478965,1692433940,1,11.18,5.71,3
157012398#0,42433281,3584752520,1,11.18,6.49,3
157012398#1,3584752520,4302910557,1,11.18,62.97,3
157012398#2,4302910557,1692433942,1,11.18,7.99,3
157012398#3,1692433942,4302910552,1,11.18,8.02,3
157012398#4,4302910552,4302903239,1,11.18,61.21,3
157012398#5,4302903239,1692433941,1,11.18,8.04,3
157014136#0,42442889,3686062439,4,11.18,11.96,12
157014136#1,3686062439,8119192797,4,11.18,34.38,12
157014137#0,593886227,4259278546,4,11.18,30.74,12
157014137#1,4259278546,42423020,4,11.18,9.77,12
157405685,889298452,42422026,1,11.18,30.12,3
159657620#0,6211334202,6211334201,2,11.18,7.49,11
159657620#1,6211334201,11040080997,2,11.18,25.23,11
160061999,60927836,60927837,1,11.18,43.56,11
161387757#0,42427991,6670244845,1,13.89,12.04,4
161387757#1,6670244845,9906953433,1,13.89,26.56,4
161387759#0,1733612459,1733612464,1,13.89,37.54,4
161387759#1,1733612464,1733612450,1,13.89,22.53,4
162041587#0,42448714,3601295733,2,11.18,17.04,12
162041587#1,3601295733,3686051662,2,11.18,5.85,12
162041587#2,3686051662,42451018,2,11.18,118.67,12
162041587#3,42451018,3686061906,2,11.18,144.47,12
162041587#4,3686061906,9140927097,2,11.18,8.35,12
162041587#5,9140927097,42439191,2,11.18,17.33,12
162041588#0,5137747688,3686061922,2,11.18,12.4,12
162041588#1,3686061922,589100267,2,11.18,56.3,12
164420607#0,42430818,8307642072,1,11.18,10.47,3
164420607#1,8307642072,42433269,1,11.18,28.68,3
164420607#2,42433269,8307642062,1,11.18,5.71,3
164420607#3,8307642062,8307642086,1,11.18,62.38,3
164420607#4,8307642086,42433264,1,11.18,6.19,3
164624785#0,42449627,7604384205,1,22.22,7.38,10
164624785#1,7604384205,7604384192,1,22.22,67.71,10
164624785#2,7604384192,42446337,1,22.22,6.36,10
164624785#3,42446337,7604384186,1,22.22,13.98,10
164624785#4,7604384186,8722881560,1,22.22,65.19,10
164624785#5,8722881560,42436812,1,22.22,6.64,10
164624785#6,42436812,8722881558,1,22.22,7.41,10
164624785#7,8722881558,9550791729,1,22.22,65.36,10
164624785#8,9550791729,42449631,1,22.22,6.65,10
164664263#0,42455234,9566997293,1,22.22,9.74,10
164664263#1,9566997293,9566997298,1,22.22,60.43,10
164664263#2,9566997298,42432226,1,22.22,6.12,10
164664263#3,42432226,9566997299,1,22.22,8.38,10
164664263#4,9566997299,9566997264,1,22.22,58.43,10
164664263#5,9566997264,42455238,1,22.22,8.3,10
164756872#0,42427216,8929221219,1,8.94,8.27,10
164756872#1,8929221219,9476704231,1,8.94,49.99,10
164756872#2,9476704231,9476704238,1,8.94,51.91,10
164756872#3,9476704238,9338511506,1,8.94,150.68,10
164756872#4,9338511506,1205714875,1,8.94,7.83,10
164756916#0,42427216,8929221217,1,8.94,10.85,3
164756916#1,8929221217,9464289820,1,8.94,68.8,3
164756916#2,9464289820,42428144,1,8.94,7.4,3
164756917#0,42429044,9563795515,1,8.94,12.88,10
164756917#1,9563795515,9563795516,1,8.94,66.15,10
164756917#2,9563795516,42454240,1,8.94,6.12,10
164756917#3,42454240,9563795519,1,8.94,7.49,10
164756917#4,9563795519,42442378,1,8.94,69.16,10
164758478#0,42449641,9563795511,1,13.89,10.11,3
164758478#1,9563795511,9563795512,1,13.89,83.92,3
164758478#2,9563795512,42429044,1,13.89,11.6,3
164758479#0,42429058,9563795526,1,13.89,11.34,3
164758479#1,9563795526,9563795523,1,13.89,94.77,3
164758479#2,9563795523,42449644,1,13.89,10.43,3
164773919,9567696633,4207641230,2,27.78,18.8,12
164839573#0,1764387325,7588420582,2,27.78,26.43,12
164839573#1,7588420582,7016431217,2,27.78,87.24,12
164839573#10,9561344709,42452485,2,27.78,6.35,12
164839573#2,7016431217,9561344690,2,27.78,97.75,12
164839573#3,9561344690,42443522,2,27.78,7.25,12
164839573#4,42443522,9561344688,2,27.78,7.13,12
164839573#5,9561344688,9561344698,2,27.78,89.86,12
164839573#6,9561344698,42448930,2,27.78,8.06,12
164839573#7,42448930,9561344697,2,27.78,7.84,12
164839573#8,9561344697,42431177,2,27.78,67.17,12
164839573#9,42431177,9561344709,2,27.78,71.58,12
164842044,1764400297,4814440062,2,27.78,22.99,12
164842046#0,1764400288,4321038138,2,27.78,27.76,12
164842046#1,4321038138,1764400286,2,27.78,12.28,12
164842049#0,42445634,7045648152,2,27.78,10.1,12
164842049#1,7045648152,9561420845,2,27.78,2.86,12
164842049#2,9561420845,7045648147,2,27.78,69.97,12
164842049#3,7045648147,9561420842,2,27.78,85.05,12
164842049#4,9561420842,10964555776,2,27.78,9.06,12
164842051#0,1764400302,1764400285,1,27.78,10.69,12
164842051#1,1764400285,1764400304,1,27.78,63.0,12
164842478#0,1764400300,1764405365,1,22.22,10.07,7
164842478#1,1764405365,6882378422,1,22.22,35.47,7
164843933#0,589927883,9561344638,2,27.78,52.14,12
164843933#1,9561344638,1764424345,2,27.78,14.52,12
164843942#0,1764424345,9561344637,2,27.78,16.13,12
164843942#1,9561344637,1764424330,2,27.78,50.85,12
164843960#0,1764424345,1764424359,2,17.88,21.86,14
164843960#1,1764424359,60925534,2,17.88,1889.95,14
164843960#2,60925534,60925555,2,17.88,500.37,14
164845825#0,42445046,9563435895,1,13.89,10.15,3
164845825#1,9563435895,9563435899,1,13.89,157.6,3
164845825#2,9563435899,42451736,1,13.89,11.05,3
164845829#0,42435415,9563435897,1,13.89,11.7,3
164845829#1,9563435897,7694163699,1,13.89,132.98,3
164845829#2,7694163699,9563435896,1,13.89,24.13,3
164845829#3,9563435896,42435412,1,13.89,10.09,3
164846390#0,1764424330,8725139237,2,27.78,9.51,12
164846390#1,8725139237,42445644,2,27.78,140.04,12
164846390#10,7694163696,4215780093,2,27.78,37.24,12
164846390#2,42445644,9563435886,2,27.78,30.77,12
164846390#3,9563435886,7518438079,2,27.78,15.21,12
164846390#4,7518438079,9563435901,2,27.78,26.28,12
164846390#5,9563435901,42451736,2,27.78,6.76,12
164846390#6,42451736,9563435900,2,27.78,6.06,12
164846390#7,9563435900,7265584435,2,27.78,56.92,12
164846390#8,7265584435,42435415,2,27.78,16.42,12
164846390#9,42435415,7694163696,2,27.78,8.55,12
164866814#0,42431257,9563662423,2,27.78,11.37,12
164866814#1,9563662423,42446609,2,27.78,62.78,12
164866814#2,42446609,42455705,2,27.78,66.68,12
164866814#3,42455705,6860593881,2,27.78,22.78,12
164866814#4,6860593881,3327370783,2,27.78,34.49,12
164866815,1763748995,5890982665,2,27.78,18.65,12
164870804#0,1764647103,1764647102,1,22.22,33.65,7
164870804#1,1764647102,1764647101,1,22.22,11.4,7
164873474#0,42429215,9561395280,2,27.78,14.38,12
164873474#1,9561395280,9561395289,2,27.78,77.09,12
164873474#2,9561395289,42441009,2,27.78,12.56,12
164873475#0,42441009,9561395291,2,27.78,10.72,12
164873475#1,9561395291,9561561621,2,27.78,108.74,12
164873475#2,9561561621,42441007,2,27.78,9.29,12
164873475#3,42441007,9561561622,2,27.78,9.4,12
164873475#4,9561561622,42441000,2,27.78,65.88,12
164873488,374451674,42425959,1,13.89,33.25,4
164873888#0,1764626357,9561566542,2,27.78,63.6,12
164873888#1,9561566542,42440494,2,27.78,13.34,12
164873891#0,42440494,9561566544,2,27.78,13.35,12
164873891#1,9561566544,5890982665,2,27.78,20.02,12
164874521#0,42429950,9561209031,1,8.94,113.3,3
164874521#1,9561209031,42429946,1,8.94,15.55,3
164874889#0,42431230,9561561662,1,8.94,8.72,10
164874889#1,9561561662,8952453948,1,8.94,63.29,10
164874889#2,8952453948,42431234,1,8.94,7.73,10
164875072,1202018697,42434370,1,8.94,106.92,3
164875073#0,42429705,9561209093,1,8.94,9.78,3
164875073#1,9561209093,42434372,1,8.94,75.27,3
164875073#2,42434372,42434370,1,8.94,147.44,3
164877022#0,42445046,42435412,1,22.22,78.19,10
164877022#1,42435412,9561566527,1,22.22,72.69,10
164877022#10,9561566519,9561208925,1,22.22,62.37,10
164877022#11,9561208925,42431260,1,22.22,15.18,10
164877022#2,9561566527,42445051,1,22.22,7.49,10
164877022#3,42445051,9561566526,1,22.22,7.85,10
164877022#4,9561566526,9561566517,1,22.22,64.34,10
164877022#5,9561566517,42445054,1,22.22,7.41,10
164877022#6,42445054,9561557616,1,22.22,8.04,10
164877022#7,9561557616,9561566520,1,22.22,64.05,10
164877022#8,9561566520,42440499,1,22.22,7.5,10
164877022#9,42440499,9561566519,1,22.22,8.1,10
164877023#0,42445051,9561566528,1,22.22,9.28,10
164877023#1,9561566528,1763748994,1,22.22,158.14,10
164877023#2,1763748994,42455493,1,22.22,13.65,10
165366872#0,42429220,8952453925,1,22.22,11.55,10
165366872#1,8952453925,9561420929,1,22.22,95.41,10
165366872#2,9561420929,42437923,1,22.22,10.49,10
165366872#3,42437923,9561420927,1,22.22,8.5,10
165366872#4,9561420927,9561420925,1,22.22,97.47,10
165366872#5,9561420925,42427867,1,22.22,13.81,10
165398358#0,42431260,9561208919,1,13.89,14.86,3
165398358#1,9561208919,3718637426,1,13.89,66.16,3
165398359#0,42444873,9563662421,1,22.22,166.84,10
165398359#1,9563662421,42454553,1,22.22,10.44,10
165399196#0,1544809885,9561126014,2,27.78,11.78,12
165399196#1,9561126014,7132855262,2,27.78,23.71,12
165399493#0,42427507,9561125959,2,27.78,11.03,12
165399493#1,9561125959,1544809889,2,27.78,78.26,12
165399494,42429704,1544809885,1,22.22,13.1,10
165409451#0,42446231,9142910499,2,27.78,53.43,12
165409451#1,9142910499,7132855261,2,27.78,45.41,12
165422866,60927838,60929261,1,11.18,199.08,11
165423253,60927837,60927836,1,11.18,57.29,11
165426549#0,42441805,9935945728,2,27.78,182.96,11
165426549#1,9935945728,42441823,2,27.78,9.25,11
165453010#0,761293078,9935945727,1,27.78,9.97,11
165453010#1,9935945727,595352902,1,27.78,352.86,11
165468359#0,42449127,42444028,1,27.78,86.02,11
165468359#1,42444028,42449139,1,27.78,93.73,11
165468359#2,42449139,7712934592,1,27.78,12.99,11
165468359#3,7712934592,2140997997,1,27.78,72.01,11
165473831#0,42439878,10170874390,2,11.18,6.71,12
165473831#1,10170874390,10177607124,2,11.18,64.57,12
165473831#2,10177607124,42439873,2,11.18,8.03,12
165473831#3,42439873,10177607123,2,11.18,6.57,12
165473831#4,10177607123,8904493700,2,11.18,27.32,12
165473832#0,42434255,9903127419,2,11.18,7.46,11
165473832#1,9903127419,9903106016,2,11.18,68.29,11
165473832#2,9903106016,42432963,2,11.18,12.36,11
165473832#3,42432963,9903106014,2,11.18,12.89,11
165473832#4,9903106014,42434259,2,11.18,128.08,11
165473832#5,42434259,42434262,2,11.18,132.41,11
165473832#6,42434262,9703359668,2,11.18,255.53,11
165473832#7,9703359668,561035361,2,11.18,11.08,11
165672323#0,1772136801,4145439100,2,11.18,11.26,12
165672323#1,4145439100,4206998261,2,11.18,43.33,12
165672323#2,4206998261,1772136810,2,11.18,9.75,12
165672323#3,1772136810,4206998260,2,11.18,8.17,12
165672323#4,4206998260,2889562918,2,11.18,24.31,12
165774923,4158789495,1251908549,1,11.18,54.17,4
165774924,1251908549,4143876126,1,11.18,83.61,4
165775306#0,1773060097,8827539968,3,11.18,40.46,12
165775306#1,8827539968,3973686294,3,11.18,4.48,12
165775306#2,3973686294,1773060099,3,11.18,6.66,12
165777194,1773076514,1773076511,2,11.18,15.99,12
165777195#0,1773076513,8231909731,2,11.18,46.39,12
165777195#1,8231909731,42432184,2,11.18,9.99,12
165777255#0,1773076778,8231896516,2,11.18,5.78,12
165777255#1,8231896516,8231909748,2,11.18,73.77,12
165777255#2,8231909748,1773078006,2,11.18,4.82,12
165777635#0,4202950103,8821494825,3,11.18,63.41,12
165777635#1,8821494825,5829779494,3,11.18,6.07,12
165777635#2,5829779494,1918039904,3,11.18,10.69,12
165777951#0,1773084407,8309479093,2,11.18,7.28,12
165777951#1,8309479093,8309479104,2,11.18,70.9,12
165777951#2,8309479104,1773084405,2,11.18,7.7,12
165777951#3,1773084405,8309479103,2,11.18,8.32,12
165777951#4,8309479103,8309479115,2,11.18,65.97,12
165777951#5,8309479115,1773084402,2,11.18,15.77,12
16586045,60918687,171245253,2,20.12,213.53,14
165886328#0,42429825,10171069631,1,13.89,11.81,3
165886328#1,10171069631,42439371,1,13.89,81.99,3
165893413#0,3579432160,6791440545,1,13.89,9.79,3
165893413#1,6791440545,7168010780,1,13.89,99.83,3
166030811#0,1775176473,9971341069,2,22.22,13.33,8
166030811#1,9971341069,1775176485,2,22.22,5.56,8
166030811#2,1775176485,371037237,2,22.22,17.16,8
166030812#0,1775176488,9971341071,3,22.22,42.58,8
166030812#1,9971341071,3785585954,3,22.22,13.67,8
166038132#0,1775260897,6369613023,2,11.18,81.75,11
166038132#1,6369613023,42445603,2,11.18,6.67,11
166038145#0,1775260897,4376122098,1,11.18,37.7,11
166038145#1,4376122098,4477147270,1,11.18,8.34,11
166038501#0,4477147271,1773067972,2,15.65,63.58,13
166038501#1,1773067972,5161246307,2,15.65,14.16,13
166084358#0,6166969757,8251054454,1,13.89,12.53,3
166084358#1,8251054454,8251054462,1,13.89,184.85,3
166084358#2,8251054462,42431186,1,13.89,9.74,3
167922070#0,42437363,9235539549,3,11.18,11.18,11
167922070#1,9235539549,10168088452,3,11.18,65.92,11
167922070#2,10168088452,42439972,3,11.18,7.68,11
167922071#0,42439996,10172901890,3,11.18,8.82,11
167922071#1,10172901890,10228962335,3,11.18,65.07,11
167922071#2,10228962335,42439994,3,11.18,7.37,11
167922072#0,42430333,6597464528,2,11.18,13.46,12
167922072#1,6597464528,10598594003,2,11.18,160.61,12
167922073#0,42439996,10172901888,1,13.89,11.65,3
167922073#1,10172901888,1745991210,1,13.89,86.4,3
167922073#2,1745991210,3971196620,1,13.89,98.78,3
167922074#0,42428305,10173121980,3,13.89,12.229999999999999,3
167922074#1,10173121980,10172901884,3,13.89,37.3,3
167922074#2,10172901884,42439996,3,13.89,12.85,3
167922075#0,1825841693,1825841710,2,11.18,28.95,11
167922075#1,1825841710,1792535233,2,11.18,13.79,11
167922075#2,1792535233,4347550074,2,11.18,45.68,11
167922076#0,42428287,9235539555,2,11.18,8.07,12
167922076#1,9235539555,9235539548,2,11.18,30.99,12
167922076#2,9235539548,42437363,2,11.18,11.31,12
167922077#0,42434439,10171120541,2,11.18,11.27,12
167922077#1,10171120541,9535571856,2,11.18,100.21,12
167922077#2,9535571856,42437368,2,11.18,13.55,12
167923357#0,42428174,4763882045,1,11.18,6.88,3
167923357#1,4763882045,4285055691,1,11.18,63.45,3
167923357#2,4285055691,42428170,1,11.18,6.83,3
169267536,595105496,7641820936,1,11.18,13.85,12
169267538#0,62915549,3874681634,2,11.18,11.82,12
169267538#1,3874681634,4500916751,2,11.18,54.27,12
169267539#0,62915527,6007716971,4,13.41,42.39,13
169267539#1,6007716971,62915514,4,13.41,19.26,13
169267539#2,62915514,247119857,4,13.41,6.57,13
169267539#3,247119857,11017187937,4,13.41,10.64,13
169267541#0,42442952,10168544029,6,11.18,7.259999999999999,12
169267541#1,10168544029,10170640090,6,11.18,64.45,12
169267541#2,10170640090,42438894,6,11.18,9.049999999999999,12
169267543#0,42442952,10168544027,2,27.78,13.65,11
169267543#1,10168544027,8224618715,2,27.78,202.89,11
169267543#2,8224618715,42455934,2,27.78,15.35,11
169267544,595105499,5852272391,1,27.78,9.2,11
169269031,42432714,42443570,5,13.41,80.56,13
169381957#0,42431004,9899924394,3,11.18,13.660000000000002,11
169381957#1,9899924394,3235708630,3,11.18,212.42999999999998,11
169381957#2,3235708630,42428634,3,11.18,12.44,11
169381958#0,42448390,10121802248,1,11.18,14.06,3
169381958#1,10121802248,10121802250,1,11.18,202.11,3
169381958#2,10121802250,42442959,1,11.18,14.64,3
169381959#0,42431004,9177400762,1,11.18,13.69,10
169381959#1,9177400762,7818397388,1,11.18,35.73,10
169381960#0,2711029280,10121802239,5,11.18,13.680000000000001,12
169381960#1,10121802239,4918486725,5,11.18,65.6,12
169381960#2,4918486725,42456041,5,11.18,8.84,12
169381961#0,4207865789,7595763587,3,27.78,51.71,12
169381961#1,7595763587,42430745,3,27.78,16.84,12
169381962#0,42448390,10121802247,5,11.18,6.75,12
169381962#1,10121802247,10121802244,5,11.18,63.4,12
169381962#2,10121802244,42443618,5,11.18,8.85,12
169381963#0,42432871,7248638333,3,11.18,13.81,3
169381963#1,7248638333,7248638335,3,11.18,67.48,3
169381963#2,7248638335,42440567,3,11.18,8.88,3
169381963#3,42440567,7248638327,3,11.18,8.97,3
169381963#4,7248638327,7248638337,3,11.18,64.66,3
169381963#5,7248638337,42440566,3,11.18,7.36,3
169381964#0,42431004,9492556584,2,11.18,12.7,11
169381964#1,9492556584,4207865790,2,11.18,33.83,11
169381965#0,6177439749,4918486775,5,11.18,8.88,12
169381965#1,4918486775,8959167156,5,11.18,30.8,12
169383512,62915525,42453548,1,13.89,21.74,4
169383514#0,42453548,8765433490,5,13.41,70.1,13
169383514#1,8765433490,247119753,5,13.41,4.57,13
169383514#2,247119753,42437379,5,13.41,18.41,13
169383516#0,248708582,1701844700,2,11.18,14.37,12
169383516#1,1701844700,595105472,2,11.18,49.49,12
169383517,595105538,3569749103,1,11.18,65.2,12
169383518#0,1701844664,6863068086,2,27.78,35.67,12
169383518#1,6863068086,42426851,2,27.78,29.74,12
169383518#2,42426851,6863027979,2,27.78,19.38,12
169383518#3,6863027979,42450814,2,27.78,158.42,12
169785443#0,42435328,7123525316,2,13.89,11.38,3
169785443#1,7123525316,3718670413,2,13.89,249.45,3
169785443#2,3718670413,42443373,2,13.89,14.12,3
169785443#3,42443373,7792793732,2,13.89,10.81,3
169785443#4,7792793732,8687882698,2,13.89,248.99,3
169785443#5,8687882698,42442528,2,13.89,12.85,3
171561798#0,61269413,61270471,3,17.88,844.58,14
171561798#1,61270471,9151174953,3,17.88,75.4,14
171574337,4347550065,1825841742,3,11.18,25.24,12
171960755#0,595448603,60929249,2,27.78,30.78,12
171960755#1,60929249,6363741700,2,27.78,5.44,12
171960755#2,6363741700,9166213997,2,27.78,15.02,12
171960802,60925389,9902223857,2,17.88,2214.29,14
172598469#0,42431113,6880029883,1,13.89,11.79,3
172598469#1,6880029883,6880029876,1,13.89,126.61,3
172598469#2,6880029876,42441903,1,13.89,5.84,3
172598470#0,42428742,10171397823,1,13.89,10.83,3
172598470#1,10171397823,9496980744,1,13.89,104.97,3
172598470#2,9496980744,42431113,1,13.89,11.99,3
175168756,1858067878,9908501349,1,22.22,32.72,9
176910406#0,2744944552,10211295972,2,11.18,32.82,11
176910406#1,10211295972,1873940899,2,11.18,16.2,11
176910406#2,1873940899,3369582834,2,11.18,8.68,11
176910406#3,3369582834,9915469770,2,11.18,86.87,11
176910406#4,9915469770,5117963659,2,11.18,6.92,11
176910406#5,5117963659,42428590,2,11.18,13.26,11
180719506#0,42429538,10171599211,1,13.89,11.73,3
180719506#1,10171599211,9150629542,1,13.89,243.11,3
180719506#2,9150629542,42429536,1,13.89,11.65,3
180719510#0,42439878,2141026513,1,13.89,15.56,3
180719510#1,2141026513,8758345327,1,13.89,11.28,3
180719510#2,8758345327,5481907288,1,13.89,56.91,3
180719510#3,5481907288,10172833423,1,13.89,181.32,3
180719510#4,10172833423,3099327945,1,13.89,9.26,3
180719510#5,3099327945,42453253,1,13.89,15.55,3
180719510#6,42453253,10172833418,1,13.89,9.12,3
180719510#7,10172833418,7004437171,1,13.89,284.2,3
180719510#8,7004437171,42448141,1,13.89,9.85,3
180719512#0,42439868,2141026524,1,13.89,15.25,3
180719512#1,2141026524,8758345329,1,13.89,10.95,3
180719512#2,8758345329,10170874384,1,13.89,240.35,3
180719512#3,10170874384,3099327970,1,13.89,9.01,3
180719512#4,3099327970,42453251,1,13.89,15.74,3
180719512#5,42453251,10170874379,1,13.89,7.41,3
180719512#6,10170874379,5481939504,1,13.89,128.89,3
180719512#7,5481939504,7004469481,1,13.89,156.65,3
180719512#8,7004469481,42448979,1,13.89,10.44,3
181334353#0,42436301,1763608189,1,8.94,5.81,3
181334353#1,1763608189,8718862718,1,8.94,2.09,3
181334353#2,8718862718,3965020557,1,8.94,65.48,3
181334353#3,3965020557,42427212,1,8.94,9.14,3
181375404#0,1918039897,5799037566,3,11.18,10.35,12
181375404#1,5799037566,5829779504,3,11.18,23.31,12
181375404#10,5829779490,4202908169,3,11.18,26.75,12
181375404#2,5829779504,1918039869,3,11.18,6.03,12
181375404#3,1918039869,5829779515,3,11.18,6.0,12
181375404#4,5829779515,5829779489,3,11.18,55.44,12
181375404#5,5829779489,1918039901,3,11.18,6.900000000000001,12
181375404#6,1918039901,5829779516,3,11.18,6.19,12
181375404#7,5829779516,5829779529,3,11.18,54.63,12
181375404#8,5829779529,1918039898,3,11.18,6.56,12
181375404#9,1918039898,5829779490,3,11.18,6.38,12
181699235#0,42438218,9563821019,1,8.94,6.01,3
181699235#1,9563821019,9563769790,1,8.94,88.79,3
181699238#0,42438218,9563821017,1,8.94,7.48,3
181699238#1,9563821017,9563795435,1,8.94,66.95,3
181699238#2,9563795435,42427196,1,8.94,9.13,3
182135969,42454893,42434780,1,13.89,44.46,3
182135970#0,595729853,374485188,1,22.22,116.29,9
182135970#1,374485188,302095403,1,22.22,25.99,9
183010767#0,42432238,8307637714,1,13.89,6.4,3
183010767#1,8307637714,7132389363,1,13.89,56.8,3
183010767#2,7132389363,42435435,1,13.89,5.68,3
186202420#0,4347550074,1792535236,2,11.18,39.68,11
186202420#1,1792535236,1792535228,2,11.18,5.96,11
186202420#2,1792535228,4347550071,2,11.18,18.87,11
188290057#0,42438859,8318991974,1,11.18,10.4,3
188290057#1,8318991974,9611179674,1,11.18,250.5,3
188290057#10,42431015,9492556566,1,11.18,12.14,3
188290057#11,9492556566,10039870521,1,11.18,148.19,3
188290057#12,10039870521,42438867,1,11.18,10.39,3
188290057#2,9611179674,42438862,1,11.18,11.14,3
188290057#3,42438862,9611179673,1,11.18,12.69,3
188290057#4,9611179673,8709392032,1,11.18,116.47,3
188290057#5,8709392032,1061531695,1,11.18,10.55,3
188290057#6,1061531695,42428648,1,11.18,18.54,3
188290057#7,42428648,10039514106,1,11.18,9.78,3
188290057#8,10039514106,9492556537,1,11.18,95.5,3
188290057#9,9492556537,42431015,1,11.18,11.54,3
188559800#0,42438034,8307641535,1,11.18,6.38,3
188559800#1,8307641535,8105679232,1,11.18,66.28,3
188559800#10,42452056,7641718013,1,11.18,6.97,3
188559800#11,7641718013,8231909735,1,11.18,109.93,3
188559800#12,8231909735,42432181,1,11.18,8.02,3
188559800#13,42432181,8231909734,1,11.18,7.93,3
188559800#14,8231909734,8231909739,1,11.18,71.21,3
188559800#15,8231909739,42430030,1,11.18,8.79,3
188559800#16,42430030,8231909738,1,11.18,9.27,3
188559800#17,8231909738,8231909743,1,11.18,64.32,3
188559800#18,8231909743,42442230,1,11.18,6.1,3
188559800#2,8105679232,8307641531,1,11.18,59.49,3
188559800#3,8307641531,42440804,1,11.18,14.83,3
188559800#4,42440804,8307641528,1,11.18,13.76,3
188559800#5,8307641528,7641718032,1,11.18,109.98,3
188559800#6,7641718032,42445606,1,11.18,6.42,3
188559800#7,42445606,7641718031,1,11.18,5.83,3
188559800#8,7641718031,7641718007,1,11.18,128.95,3
188559800#9,7641718007,42452056,1,11.18,8.57,3
190550014#0,42432094,8310245553,1,11.18,6.35,3
190550014#1,8310245553,42432095,1,11.18,70.67,3
190550014#2,42432095,8960350842,1,11.18,70.98,3
190550014#3,8960350842,42432097,1,11.18,7.24,3
193048148#0,42431230,9561561663,1,8.94,8.54,10
193048148#1,9561561663,9561229733,1,8.94,115.93,10
193048148#2,9561229733,42458728,1,8.94,8.79,10
193048149#0,42431234,8952453943,1,8.94,6.58,10
193048149#1,8952453943,8952453932,1,8.94,79.77,10
193048149#2,8952453932,42429222,1,8.94,12.18,10
194920158#0,42430704,10111368918,2,27.78,10.97,11
194920158#1,10111368918,5481839792,2,27.78,62.41,11
194920158#10,2682336534,5481883912,2,27.78,15.83,11
194920158#11,5481883912,2682336531,2,27.78,17.23,11
194920158#12,2682336531,10168091320,2,27.78,99.79,11
194920158#13,10168091320,42435684,2,27.78,14.42,11
194920158#14,42435684,10168091317,2,27.78,13.68,11
194920158#15,10168091317,8704367788,2,27.78,61.61,11
194920158#16,8704367788,3974095846,2,27.78,4.05,11
194920158#17,3974095846,2435108462,2,27.78,106.04,11
194920158#18,2435108462,42428308,2,27.78,7.89,11
194920158#2,5481839792,10168028978,2,27.78,185.43,11
194920158#3,10168028978,42440170,2,27.78,13.59,11
194920158#4,42440170,10168028982,2,27.78,11.01,11
194920158#5,10168028982,3463813447,2,27.78,246.48,11
194920158#6,3463813447,10171089675,2,27.78,3.44,11
194920158#7,10171089675,42440163,2,27.78,13.29,11
194920158#8,42440163,10171089674,2,27.78,12.3,11
194920158#9,10171089674,2682336534,2,27.78,114.6,11
194920159#0,61275601,61275600,4,13.41,64.38,13
194920159#1,61275600,247122525,4,13.41,5.67,13
194920159#2,247122525,11017186435,4,13.41,10.26,13
194923759,4143875757,272195277,2,11.18,26.07,11
194923760,42431630,42431635,1,11.18,85.19,3
194923761#0,42425100,42429819,1,11.18,14.56,3
194923761#1,42429819,7225137650,1,11.18,48.96,3
194923761#2,7225137650,4300994889,1,11.18,21.77,3
194923761#3,4300994889,42429814,1,11.18,6.44,3
194923762#0,42430942,4161569114,1,8.94,9.72,3
194923762#1,4161569114,274342024,1,8.94,54.14,3
194923763#0,42430938,8309479408,1,8.94,9.76,10
194923763#1,8309479408,42421828,1,8.94,118.05,10
194923763#2,42421828,8309479446,1,8.94,91.68,10
194923763#3,8309479446,42430942,1,8.94,9.91,10
194923764#0,42439006,4298757036,1,11.18,9.72,11
194923764#1,4298757036,9907956893,1,11.18,19.36,11
194923764#2,9907956893,9907956888,1,11.18,155.53,11
194923764#3,9907956888,4298757049,1,11.18,30.73,11
194923764#4,4298757049,42439001,1,11.18,9.65,11
194923764#5,42439001,4298757069,1,11.18,7.85,11
194923764#6,4298757069,4806876058,1,11.18,41.36,11
194923764#7,4806876058,1989931124,1,11.18,129.66,11
194923765,5137747688,42448714,2,11.18,30.36,11
194923766,592509222,9181587096,2,11.18,86.44,12
194923769#0,42437786,5173625924,1,11.18,30.76,12
194923769#1,5173625924,9907942851,1,11.18,63.69,12
194923770,42452084,5041369237,1,11.18,10.15,11
194923776#0,42445466,1253070826,2,11.18,10.59,11
194923776#1,1253070826,1253070530,2,11.18,85.99,11
194923778#0,42422283,4885904498,3,27.78,9.53,12
194923778#1,4885904498,10583318293,3,27.78,46.46,12
194923786#0,42442247,8231877113,1,11.18,11.58,3
194923786#1,8231877113,8231877110,1,11.18,64.68,3
194923786#2,8231877110,5159433792,1,11.18,6.33,3
194923786#3,5159433792,8231877107,1,11.18,6.01,3
194923786#4,8231877107,8231927619,1,11.18,65.2,3
194923786#5,8231927619,42432302,1,11.18,6.66,3
194923789#0,11148599483,4142105821,1,11.18,35.62,3
194923789#1,4142105821,42440850,1,11.18,8.81,3
194923790#0,42448568,8307641897,1,11.18,8.96,3
194923790#1,8307641897,11148599482,1,11.18,285.66,3
194923791#0,42436439,8262308702,1,27.78,10.48,11
194923791#1,8262308702,4557517554,1,27.78,19.9,11
194923792#0,42445766,3874650238,2,11.18,12.62,11
194923792#1,3874650238,4207862999,2,11.18,39.06,11
194923794#0,3874653362,2671667952,1,11.18,124.62,4
194923794#1,2671667952,10168486356,1,11.18,20.72,4
194923794#2,10168486356,42429664,1,11.18,12.99,4
194923795#0,42429663,9657487789,1,11.18,9.8,3
194923795#1,9657487789,8310246374,1,11.18,6.06,3
194923795#10,42429659,9683231659,1,11.18,11.89,3
194923795#11,9683231659,5481850675,1,11.18,100.28,3
194923795#12,5481850675,7761301142,1,11.18,186.05,3
194923795#13,7761301142,42429657,1,11.18,11.58,3
194923795#2,8310246374,10172816361,1,11.18,248.89,3
194923795#3,10172816361,42429662,1,11.18,13.9,3
194923795#4,42429662,10172816364,1,11.18,12.37,3
194923795#5,10172816364,8429213038,1,11.18,248.45,3
194923795#6,8429213038,42429661,1,11.18,13.11,3
194923795#7,42429661,8429213035,1,11.18,13.59,3
194923795#8,8429213035,9683231662,1,11.18,247.37,3
194923795#9,9683231662,42429659,1,11.18,13.44,3
194923796#0,42448568,8307641898,3,11.18,7.12,10
194923796#1,8307641898,4629488489,3,11.18,84.66,10
194923796#2,4629488489,42448570,3,11.18,12.29,10
194923798#0,42427300,4878851614,1,11.18,11.49,3
194923798#1,4878851614,10583167614,1,11.18,33.41,3
194923799,9143569908,246651648,3,11.18,21.790000000000003,11
194923800#0,4783358909,8261123429,5,11.18,33.32,12
194923800#1,8261123429,42449341,5,11.18,6.24,12
194923800#2,42449341,8261123428,5,11.18,8.3,12
194923800#3,8261123428,8261123510,5,11.18,41.3,12
194923800#4,8261123510,8261123509,5,11.18,15.34,12
194923800#5,8261123509,8261123440,5,11.18,2.19,12
194923800#6,8261123440,42439286,5,11.18,7.730000000000001,12
194923800#7,42439286,8261123439,5,11.18,8.02,12
194923800#8,8261123439,10168486358,5,11.18,59.17,12
194923800#9,10168486358,42429664,5,11.18,7.05,12
194923801#0,11027912164,4872623863,3,13.410000000000002,77.43,13
194923801#1,4872623863,42427393,3,13.410000000000002,80.53,13
194923801#2,42427393,246652086,3,13.410000000000002,8.11,13
194923801#3,246652086,42443677,3,13.410000000000002,71.33,13
194923802#0,42445769,4379966362,3,13.410000000000002,15.26,13
194923802#1,4379966362,246580982,3,13.410000000000002,72.42,13
194923802#2,246580982,8288270025,3,13.410000000000002,70.56,13
194923802#3,8288270025,42439295,3,13.410000000000002,10.82,13
194923803,42427494,1334569028,3,13.410000000000002,64.66,13
194923805#0,246580797,246651360,3,13.410000000000002,25.570000000000004,13
194923805#1,246651360,373910553,3,13.410000000000002,17.58,13
194923807#0,42429918,5007384481,4,11.18,8.4,12
194923807#1,5007384481,4298961520,4,11.18,63.13,12
194923807#2,4298961520,42454209,4,11.18,6.42,12
194923807#3,42454209,4298961522,4,11.18,7.41,12
194923807#4,4298961522,9470272149,4,11.18,46.75,12
194923808#0,42451787,3686061898,4,11.18,8.56,12
194923808#1,3686061898,3686061883,4,11.18,62.91,12
194923808#2,3686061883,387184869,4,11.18,7.6,12
194923808#3,387184869,3686062427,4,11.18,8.04,12
194923808#4,3686062427,4207683794,4,11.18,12.26,12
194923810#0,42430154,4890320302,4,11.18,8.97,12
194923810#1,4890320302,8307641858,4,11.18,70.07,12
194923810#2,8307641858,42430160,4,11.18,6.88,12
194923810#3,42430160,8307641855,4,11.18,7.67,12
194923810#4,8307641855,8231934392,4,11.18,66.32,12
194923810#5,8231934392,42430164,4,11.18,8.21,12
194923810#6,42430164,8231934391,4,11.18,8.36,12
194923810#7,8231934391,5151708181,4,11.18,67.02,12
194923810#8,5151708181,42430167,4,11.18,6.79,12
194923810#9,42430167,5151708184,4,11.18,28.16,12
194923811#0,42435596,8310246333,3,11.18,12.020000000000001,11
194923811#1,8310246333,9097308661,3,11.18,27.99,11
194923812#0,42429663,8310246377,1,11.18,8.08,11
194923812#1,8310246377,8262308814,1,11.18,59.33,11
194923812#2,8262308814,42439280,1,11.18,7.33,11
194923812#3,42439280,8262308815,1,11.18,7.96,11
194923812#4,8262308815,4555581031,1,11.18,19.11,11
194923812#5,4555581031,3564892571,1,11.18,16.38,11
194926839,4015192893,9971262455,2,11.18,106.62,11
194926840#0,406048768,4290991591,2,11.18,69.93,12
194926840#1,4290991591,42445392,2,11.18,14.86,12
194926841,589100267,42422509,1,11.18,242.09,12
194926842,42457940,8918574033,1,11.18,47.7,12
194926843#0,42430629,8261122118,1,11.18,15.4,4
194926843#1,8261122118,593915295,1,11.18,94.68,4
194926845,42437678,10858288590,2,11.18,22.28,12
194926846#0,5849918504,10168088473,1,13.89,14.52,4
194926846#1,10168088473,6353650680,1,13.89,69.25,4
194926846#2,6353650680,8441992773,1,13.89,51.73,4
194926846#3,8441992773,10168047529,1,13.89,126.98,4
194926846#4,10168047529,42445011,1,13.89,11.98,4
194926847#0,42445011,10168047533,2,13.89,14.05,3
194926847#1,10168047533,9510751089,2,13.89,199.58,3
194926849#0,42430629,8261122117,6,11.18,9.01,11
194926849#1,8261122117,6656315591,6,11.18,62.88,11
194926849#2,6656315591,6339939226,6,11.18,76.07,11
194926849#3,6339939226,593909446,6,11.18,43.48,11
194926850#0,42446678,247075514,5,13.41,69.63,13
194926850#1,247075514,42437678,5,13.41,15.05,13
194926851#0,42432700,10168088482,3,11.18,8.03,11
194926851#1,10168088482,5849918503,3,11.18,36.2,11
194926851#2,5849918503,2435108451,3,11.18,28.3,11
194926851#3,2435108451,42435675,3,11.18,7.099999999999999,11
194926854#0,10279559005,10168381350,4,11.18,41.51,11
194926854#1,10168381350,42435654,4,11.18,8.05,11
194926855#0,9417289897,9535571854,6,27.78,37.300000000000004,12
194926855#1,9535571854,42437368,6,27.78,13.26,12
194926856#0,42437663,8660596983,4,11.18,13.62,12
194926856#1,8660596983,4207913306,4,11.18,51.43,12
194933368#0,42438774,10169411231,1,13.89,12.33,3
194933368#1,10169411231,7081737063,1,13.89,90.34,3
194933368#2,7081737063,4980851553,1,13.89,101.32,3
194933368#3,4980851553,3786728678,1,13.89,11.55,3
194933369#0,42422086,7925258521,1,11.18,23.87,3
194933369#1,7925258521,4980799136,1,11.18,5.33,3
194933369#2,4980799136,3931524260,1,11.18,5.78,3
194933371#0,42444457,10169411257,2,11.18,10.63,11
194933371#1,10169411257,10122952970,2,11.18,0.86,11
194933371#2,10122952970,9726158604,2,11.18,62.42,11
194933372#0,42424757,10122952963,2,11.18,8.83,11
194933372#1,10122952963,10122952962,2,11.18,64.01,11
194933372#10,10169411261,10122952967,2,11.18,0.43,11
194933372#11,10122952967,42434129,2,11.18,7.8,11
194933372#12,42434129,10169411263,2,11.18,5.94,11
194933372#13,10169411263,10122952969,2,11.18,1.2,11
194933372#14,10122952969,4980798205,2,11.18,65.85,11
194933372#15,4980798205,10169411253,2,11.18,1.51,11
194933372#16,10169411253,42444457,2,11.18,11.1,11
194933372#2,10122952962,42447209,2,11.18,7.79,11
194933372#3,42447209,10122952965,2,11.18,6.74,11
194933372#4,10122952965,10168132308,2,11.18,64.08,11
194933372#5,10168132308,10122952964,2,11.18,0.7,11
194933372#6,10122952964,42447208,2,11.18,6.85,11
194933372#7,42447208,10168132312,2,11.18,6.16,11
194933372#8,10168132312,10122952966,2,11.18,0.86,11
194933372#9,10122952966,10169411261,2,11.18,64.01,11
194933377,42422168,371239960,2,22.22,130.96,9
194933382,42422110,42422168,1,22.22,69.04,9
195743130,7480301865,7480301864,2,11.18,12.75,12
195743131#0,6207264908,3235708629,4,27.78,12.48,12
195743131#1,3235708629,8323051888,4,27.78,42.89,12
195743132#0,42442463,9897810872,3,27.78,11.979999999999999,12
195743132#1,9897810872,10037505649,3,27.78,67.72,12
195743132#2,10037505649,42421772,3,27.78,7.260000000000001,12
195743132#3,42421772,10037505644,3,27.78,8.25,12
195743132#4,10037505644,9457151133,3,27.78,52.919999999999995,12
195743133#0,42442469,9906904521,3,27.78,7.419999999999999,12
195743133#1,9906904521,10039878624,3,27.78,66.11,12
195743133#2,10039878624,42433567,3,27.78,6.84,12
195743133#3,42433567,10039927872,3,27.78,7.510000000000001,12
195743133#4,10039927872,6929267014,3,27.78,50.79999999999999,12
195743134#0,4212649297,10173250036,1,27.78,4.98,11
195743134#1,10173250036,42442586,1,27.78,10.09,11
195743134#2,42442586,10173250035,1,27.78,8.56,11
195743134#3,10173250035,10173362952,1,27.78,27.47,11
195743134#4,10173362952,42442589,1,27.78,7.51,11
195743134#5,42442589,10173362955,1,27.78,7.4,11
195743134#6,10173362955,10055123055,1,27.78,65.35,11
195743134#7,10055123055,42442592,1,27.78,6.3,11
195743135#0,42442592,10055123056,1,27.78,8.0,11
195743135#1,10055123056,7124965421,1,27.78,51.44,11
195743135#10,10170977557,42434098,1,27.78,8.08,11
195743135#2,7124965421,3894470285,1,27.78,14.47,11
195743135#3,3894470285,42442596,1,27.78,7.21,11
195743135#4,42442596,10055113542,1,27.78,7.29,11
195743135#5,10055113542,10171135919,1,27.78,66.33,11
195743135#6,10171135919,42438247,1,27.78,5.66,11
195743135#7,42438247,10171129715,1,27.78,9.27,11
195743135#8,10171129715,7124965415,1,27.78,41.4,11
195743135#9,7124965415,10170977557,1,27.78,97.83,11
195743136#0,42432564,5115917323,3,27.78,8.44,12
195743136#1,5115917323,9177424870,3,27.78,66.13,12
195743136#2,9177424870,42442445,3,27.78,6.52,12
195743136#3,42442445,9441745384,3,27.78,7.34,12
195743136#4,9441745384,8323051889,3,27.78,53.56,12
195743137#0,588546885,4145586919,3,11.18,35.3,12
195743137#1,4145586919,588546798,3,11.18,9.26,12
195743138#0,42431898,7689146644,2,11.18,12.9,3
195743138#1,7689146644,7689146645,2,11.18,112.69,3
195743138#2,7689146645,42431902,2,11.18,8.66,3
195743139#0,1506445808,7004393035,3,27.78,7.82,12
195743139#1,7004393035,10170704044,3,27.78,0.6999999999999998,12
195743139#10,561035335,7004416526,3,27.78,8.29,12
195743139#11,7004416526,7004416671,3,27.78,64.55,12
195743139#12,7004416671,627905367,3,27.78,7.330000000000001,12
195743139#2,10170704044,7004385798,3,27.78,64.24,12
195743139#3,7004385798,561035333,3,27.78,6.72,12
195743139#4,561035333,7004399550,3,27.78,8.37,12
195743139#5,7004399550,7004385802,3,27.78,65.28,12
195743139#6,7004385802,561035334,3,27.78,6.03,12
195743139#7,561035334,7004403486,3,27.78,8.6,12
195743139#8,7004403486,7004372898,3,27.78,64.6,12
195743139#9,7004372898,561035335,3,27.78,7.14,12
195743141#0,42428595,5117991232,4,27.78,13.07,12
195743141#1,5117991232,9915469771,4,27.78,65.37,12
195743141#2,9915469771,5117963657,4,27.78,7.91,12
195743141#3,5117963657,42428590,4,27.78,11.01,12
195743143#0,1061531596,10170980701,3,11.18,8.34,12
195743143#1,10170980701,7801775712,3,11.18,64.92,12
195743143#10,1061531815,7801775719,3,11.18,7.89,12
195743143#11,7801775719,9646862890,3,11.18,65.61,12
195743143#12,9646862890,1061531496,3,11.18,6.64,12
195743143#13,1061531496,9177532558,3,11.18,8.46,12
195743143#14,9177532558,9654214257,3,11.18,67.27,12
195743143#15,9654214257,1061531575,3,11.18,7.06,12
195743143#16,1061531575,10166004110,3,11.18,8.22,12
195743143#17,10166004110,10166004115,3,11.18,72.02,12
195743143#18,10166004115,1061531654,3,11.18,13.589999999999998,12
195743143#2,7801775712,1061531631,3,11.18,6.44,12
195743143#3,1061531631,7801775738,3,11.18,7.64,12
195743143#4,7801775738,7801775731,3,11.18,65.57,12
195743143#5,7801775731,1061531802,3,11.18,5.95,12
195743143#6,1061531802,7801775720,3,11.18,6.919999999999999,12
195743143#7,7801775720,10171397827,3,11.18,1.58,12
195743143#8,10171397827,7801775763,3,11.18,65.63,12
195743143#9,7801775763,1061531815,3,11.18,6.06,12
195743144#0,1061531807,8687882777,2,11.18,11.05,12
195743144#1,8687882777,4205805399,2,11.18,44.78,12
195743145#0,42428962,9703359686,3,27.78,7.43,12
195743145#1,9703359686,9703359679,3,27.78,64.21,12
195743145#2,9703359679,42428961,3,27.78,7.96,12
195743145#3,42428961,3627501383,3,27.78,8.74,12
195743145#4,3627501383,595352904,3,27.78,36.14,12
195743146#0,561035354,10168100453,2,27.78,8.64,12
195743146#1,10168100453,10170641700,2,27.78,63.83,12
195743146#10,10170641714,10743657291,2,27.78,65.26,12
195743146#11,10743657291,561035358,2,27.78,6.89,12
195743146#2,10170641700,561035355,2,27.78,6.78,12
195743146#3,561035355,10170641699,2,27.78,7.5,12
195743146#4,10170641699,10170641707,2,27.78,65.0,12
195743146#5,10170641707,561035356,2,27.78,6.25,12
195743146#6,561035356,10170641706,2,27.78,8.19,12
195743146#7,10170641706,10170641715,2,27.78,64.92,12
195743146#8,10170641715,561035357,2,27.78,6.25,12
195743146#9,561035357,10170641714,2,27.78,8.25,12
195743147#0,561035380,9566927280,3,27.78,9.38,12
195743147#1,9566927280,9073844906,3,27.78,20.04,12
195743148#0,42428782,7004393041,4,27.78,11.63,12
195743148#1,7004393041,7004393044,4,27.78,57.79,12
195743148#2,7004393044,42428770,4,27.78,8.11,12
195743148#3,42428770,7004393045,4,27.78,5.79,12
195743148#4,7004393045,7004393047,4,27.78,65.56,12
195743148#5,7004393047,595314103,4,27.78,8.31,12
195743148#6,595314103,9492618962,4,27.78,7.1,12
195743148#7,9492618962,7004393049,4,27.78,18.98,12
195743149#0,561035344,10050036786,3,27.78,9.43,12
195743149#1,10050036786,6198320765,3,27.78,68.83,12
195743149#2,6198320765,10128823995,3,27.78,67.21,12
195743149#3,10128823995,2541754747,3,27.78,9.73,12
195743150#0,42428892,10168100433,3,27.78,13.82,12
195743150#1,10168100433,10129081637,3,27.78,143.63,12
195743150#10,10128823996,7732654932,3,27.78,69.97,12
195743150#2,10129081637,7732653970,3,27.78,8.18,12
195743150#3,7732653970,10129081634,3,27.78,7.91,12
195743150#4,10129081634,10129081627,3,27.78,64.59,12
195743150#5,10129081627,42428876,3,27.78,8.04,12
195743150#6,42428876,10129081624,3,27.78,7.29,12
195743150#7,10129081624,10128823997,3,27.78,66.09,12
195743150#8,10128823997,42428873,3,27.78,7.2,12
195743150#9,42428873,10128823996,3,27.78,8.52,12
195743151#0,42428634,3235708626,3,27.78,13.25,12
195743151#1,3235708626,3235708633,3,27.78,66.45,12
195743151#2,3235708633,1061531448,3,27.78,14.28,12
195743152#0,4207892897,7830685378,1,27.78,39.61,11
195743152#1,7830685378,42423674,1,27.78,11.14,11
195743153#0,42425232,7779666015,1,11.18,10.87,11
195743153#1,7779666015,7779666008,1,11.18,68.53,11
195743153#10,42435333,7801840676,1,11.18,73.45,11
195743153#11,7801840676,7801840675,1,11.18,6.54,11
195743153#12,7801840675,7784826638,1,11.18,72.69,11
195743153#13,7784826638,42435336,1,11.18,7.04,11
195743153#14,42435336,7784826637,1,11.18,11.04,11
195743153#15,7784826637,7784826645,1,11.18,61.43,11
195743153#16,7784826645,42435337,1,11.18,7.52,11
195743153#17,42435337,7784826644,1,11.18,7.35,11
195743153#18,7784826644,3602679383,1,11.18,12.09,11
195743153#19,3602679383,7784826657,1,11.18,54.05,11
195743153#2,7779666008,7779666009,1,11.18,75.71,11
195743153#20,7784826657,42421728,1,11.18,11.8,11
195743153#21,42421728,7784826655,1,11.18,14.12,11
195743153#22,7784826655,42432736,1,11.18,72.07,11
195743153#23,42432736,761849081,1,11.18,73.37,11
195743153#24,761849081,42435341,1,11.18,6.69,11
195743153#3,7779666009,7779666003,1,11.18,66.46,11
195743153#4,7779666003,42425570,1,11.18,10.36,11
195743153#5,42425570,7779666012,1,11.18,10.63,11
195743153#6,7779666012,7083286381,1,11.18,65.7,11
195743153#7,7083286381,42435331,1,11.18,6.37,11
195743153#8,42435331,7083286371,1,11.18,7.78,11
195743153#9,7083286371,42435333,1,11.18,72.27,11
195743154#0,42424439,7108033377,2,11.18,13.63,11
195743154#1,7108033377,7108199736,2,11.18,65.03,11
195743154#2,7108199736,42425232,2,11.18,13.7,11
195743156#0,42424225,7104620786,2,11.18,10.08,11
195743156#1,7104620786,3248774449,2,11.18,145.83,11
195743156#2,3248774449,9915712168,2,11.18,109.44,11
195743158#0,42443347,9897810836,3,11.18,11.71,12
195743158#1,9897810836,10156924788,3,11.18,68.35,12
195743158#2,10156924788,42428061,3,11.18,6.47,12
195743159#0,42421769,9897810855,3,11.18,7.239999999999999,12
195743159#1,9897810855,9897810844,3,11.18,68.28,12
195743159#2,9897810844,42443347,3,11.18,12.14,12
195743160#0,4888361107,5487817605,1,22.22,16.59,10
195743160#1,5487817605,5539478573,1,22.22,25.38,10
195743161#0,42456101,6191027313,1,8.94,13.89,3
195743161#1,6191027313,5481998025,1,8.94,90.95,3
195743161#2,5481998025,5481998023,1,8.94,11.38,3
195743161#3,5481998023,2947964865,1,8.94,101.1,3
195743161#4,2947964865,42443066,1,8.94,11.51,3
195743162#0,42448278,6216836424,2,11.18,13.31,10
195743162#1,6216836424,6216836419,2,11.18,53.82,10
195743162#2,6216836419,4443803073,2,11.18,6.31,10
195743162#3,4443803073,6216836439,2,11.18,8.19,10
195743162#4,6216836439,7924346625,2,11.18,15.13,10
195743162#5,7924346625,6515676485,2,11.18,33.4,10
195743162#6,6515676485,42424117,2,11.18,1.16,10
195743163#0,42434134,7926724575,3,13.89,13.85,3
195743163#1,7926724575,5590991383,3,13.89,95.74,3
195743164#0,9907978334,8310246184,1,11.18,64.72,3
195743164#1,8310246184,42434352,1,11.18,8.95,3
195743165#0,42445899,10169157396,3,11.18,10.34,3
195743165#1,10169157396,3252586223,3,11.18,1.06,3
195743165#2,3252586223,8119462499,3,11.18,130.13,3
195743165#3,8119462499,4597668020,3,11.18,10.87,3
195743166#0,42445972,2792783181,2,11.18,10.51,11
195743166#1,2792783181,10171134797,2,11.18,0.76,11
195743166#10,10166171507,42449985,2,11.18,13.5,11
195743166#2,10171134797,10125227987,2,11.18,125.58,11
195743166#3,10125227987,596776032,2,11.18,10.06,11
195743166#4,596776032,42455666,2,11.18,17.36,11
195743166#5,42455666,10125112350,2,11.18,11.18,11
195743166#6,10125112350,10125139627,2,11.18,126.07,11
195743166#7,10125139627,42447060,2,11.18,10.44,11
195743166#8,42447060,10125139628,2,11.18,10.43,11
195743166#9,10125139628,10166171507,2,11.18,132.23,11
195743167#0,596776017,42431677,1,13.89,17.35,3
195743167#1,42431677,8835701387,1,13.89,10.37,3
195743167#10,6680686171,6680686176,1,13.89,50.39,3
195743167#11,6680686176,6670244878,1,13.89,36.83,3
195743167#12,6670244878,42431681,1,13.89,13.24,3
195743167#13,42431681,6670244879,1,13.89,12.35,3
195743167#14,6670244879,6670244862,1,13.89,203.19,3
195743167#15,6670244862,42431684,1,13.89,15.43,3
195743167#2,8835701387,3278932315,1,13.89,129.11,3
195743167#3,3278932315,42431678,1,13.89,10.57,3
195743167#4,42431678,3278932318,1,13.89,10.37,3
195743167#5,3278932318,6670248395,1,13.89,130.42,3
195743167#6,6670248395,42431680,1,13.89,14.09,3
195743167#7,42431680,6670248393,1,13.89,12.9,3
195743167#8,6670248393,5373598785,1,13.89,63.14,3
195743167#9,5373598785,6680686171,1,13.89,40.01,3
195743168#0,42428005,6670244836,1,11.18,12.05,10
195743168#1,6670244836,9030210819,1,11.18,191.78,10
195743168#2,9030210819,42445247,1,11.18,13.66,10
195743169#0,42428007,4207313500,1,13.89,13.39,3
195743169#1,4207313500,4207313496,1,13.89,119.6,3
195743169#2,4207313496,596799866,1,13.89,48.99,3
195743170,42451744,42450641,1,11.18,26.08,11
195743171#0,42428022,6691104520,1,13.89,12.61,3
195743171#1,6691104520,7103815230,1,13.89,201.96,3
195743171#2,7103815230,42438513,1,13.89,12.63,3
195743172#0,42456076,6214889055,1,11.18,14.16,3
195743172#1,6214889055,6214889045,1,11.18,204.2,3
195743172#2,6214889045,42443046,1,11.18,11.29,3
195743173#0,42448745,6185259911,1,13.89,12.41,3
195743173#1,6185259911,8828140385,1,13.89,167.25,3
195743175#0,42443056,6070217083,2,11.18,12.47,10
195743175#1,6070217083,5637143330,2,11.18,60.18,10
195743175#2,5637143330,4980915578,2,11.18,130.49,10
195743175#3,4980915578,42449007,2,11.18,12.73,10
195743176#0,42438513,7103815260,1,13.89,8.29,3
195743176#1,7103815260,7103815257,1,13.89,66.72,3
195743176#2,7103815257,42451754,1,13.89,7.22,3
195743176#3,42451754,7103815268,1,13.89,7.73,3
195743176#4,7103815268,7135164283,1,13.89,65.15,3
195743176#5,7135164283,42439416,1,13.89,7.62,3
195743176#6,42439416,7135164277,1,13.89,7.47,3
195743176#7,7135164277,7135164266,1,13.89,66.24,3
195743176#8,7135164266,42448257,1,13.89,7.43,3
195743179#0,42436330,42436333,3,11.18,43.39000000000001,11
195743179#1,42436333,8304498538,3,11.18,23.22,11
195743179#2,8304498538,42436335,3,11.18,6.7,11
195743179#3,42436335,8304498537,3,11.18,8.42,11
195743179#4,8304498537,8312344395,3,11.18,58.75,11
195743179#5,8312344395,42436336,3,11.18,7.91,11
195743179#6,42436336,8312344394,3,11.18,6.21,11
195743179#7,8312344394,8304498056,3,11.18,58.15,11
195743179#8,8304498056,42424610,3,11.18,11.660000000000002,11
195743180#0,42446021,10173330838,3,11.18,13.92,11
195743180#1,10173330838,10156669029,3,11.18,67.77,11
195743180#10,3392519839,2238282059,3,11.18,66.56,11
195743180#11,2238282059,42446031,3,11.18,6.59,11
195743180#12,42446031,2238282070,3,11.18,7.32,11
195743180#13,2238282070,2238282222,3,11.18,66.34,11
195743180#14,2238282222,42435499,3,11.18,7.16,11
195743180#2,10156669029,42438487,3,11.18,5.97,11
195743180#3,42438487,10156669028,3,11.18,8.23,11
195743180#4,10156669028,3392519848,3,11.18,66.3,11
195743180#5,3392519848,42446026,3,11.18,6.02,11
195743180#6,42446026,3341917067,3,11.18,8.32,11
195743180#7,3341917067,3341917064,3,11.18,66.32,11
195743180#8,3341917064,42439392,3,11.18,6.169999999999999,11
195743180#9,42439392,3392519839,3,11.18,7.61,11
195743182#0,42445909,4903169924,3,27.78,8.96,11
195743182#1,4903169924,3997454661,3,27.78,63.95000000000001,11
195743182#2,3997454661,42445910,3,27.78,8.89,11
195743182#3,42445910,3997454664,3,27.78,8.84,11
195743182#4,3997454664,3997454665,3,27.78,62.69,11
195743182#5,3997454665,42445651,3,27.78,7.59,11
195743182#6,42445651,3997454668,3,27.78,8.16,11
195743182#7,3997454668,3997454669,3,27.78,62.95000000000001,11
195743182#8,3997454669,42445914,3,27.78,7.71,11
195743183#0,42445972,2792783183,4,11.18,7.38,11
195743183#1,2792783183,2792787023,4,11.18,65.52,11
195743183#2,2792787023,42445976,4,11.18,7.09,11
195743183#3,42445976,2792787017,4,11.18,7.77,11
195743183#4,2792787017,2792787018,4,11.18,64.73,11
195743183#5,2792787018,42437425,4,11.18,7.39,11
195743183#6,42437425,2792787016,4,11.18,7.21,11
195743183#7,2792787016,10170844864,4,11.18,66.85,11
195743183#8,10170844864,42431674,4,11.18,6.31,11
195743184#0,42446093,7086831276,5,11.18,7.540000000000001,11
195743184#1,7086831276,6254630395,5,11.18,66.02,11
195743184#10,6254630510,42438963,5,11.18,6.610000000000001,11
195743184#11,42438963,6254630490,5,11.18,8.07,11
195743184#12,6254630490,6254630470,5,11.18,64.27,11
195743184#13,6254630470,42430474,5,11.18,7.7,11
195743184#14,42430474,6254630514,5,11.18,8.6,11
195743184#15,6254630514,4969067236,5,11.18,64.13,11
195743184#16,4969067236,42434905,5,11.18,7.08,11
195743184#17,42434905,4969067235,5,11.18,7.470000000000001,11
195743184#18,4969067235,4969073760,5,11.18,64.28,11
195743184#19,4969073760,42436610,5,11.18,8.11,11
195743184#2,6254630395,42446099,5,11.18,6.24,11
195743184#20,42436610,4969073761,5,11.18,8.35,11
195743184#21,4969073761,7921696721,5,11.18,16.44,11
195743184#22,7921696721,6254630385,5,11.18,48.0,11
195743184#23,6254630385,42446132,5,11.18,6.959999999999999,11
195743184#24,42446132,6254630452,5,11.18,7.519999999999999,11
195743184#25,6254630452,6270715188,5,11.18,20.61,11
195743184#26,6270715188,7078449360,5,11.18,45.74,11
195743184#27,7078449360,42446138,5,11.18,12.830000000000002,11
195743184#3,42446099,6254630505,5,11.18,8.34,11
195743184#4,6254630505,6254630513,5,11.18,63.36999999999999,11
195743184#5,6254630513,42445256,5,11.18,10.79,11
195743184#6,42445256,6254630414,5,11.18,10.94,11
195743184#7,6254630414,6254630469,5,11.18,66.0,11
195743184#8,6254630469,6254630443,5,11.18,8.91,11
195743184#9,6254630443,6254630510,5,11.18,64.33,11
195743185#0,42431674,10170844860,4,11.18,7.83,11
195743185#1,10170844860,10170844883,4,11.18,65.06,11
195743185#10,10122943678,4207313537,4,11.18,68.56,11
195743185#11,4207313537,42436477,4,11.18,11.33,11
195743185#2,10170844883,42445994,4,11.18,6.3,11
195743185#3,42445994,10170844879,4,11.18,6.96,11
195743185#4,10170844879,10122943683,4,11.18,66.07,11
195743185#5,10122943683,42429682,4,11.18,6.32,11
195743185#6,42429682,10122943682,4,11.18,7.32,11
195743185#7,10122943682,10122943679,4,11.18,65.2,11
195743185#8,10122943679,42445227,4,11.18,7.71,11
195743185#9,42445227,10122943678,4,11.18,6.16,11
195743186#0,42421731,10171363560,1,13.89,12.64,3
195743186#1,10171363560,10171241065,1,13.89,67.28,3
195743186#10,10171363592,10171241046,1,13.89,50.77,3
195743186#11,10171241046,5838916777,1,13.89,13.55,3
195743186#2,10171241065,42432737,1,13.89,5.63,3
195743186#3,42432737,10171241064,1,13.89,7.8,3
195743186#4,10171241064,10171241055,1,13.89,65.96,3
195743186#5,10171241055,42447295,1,13.89,6.36,3
195743186#6,42447295,10171241054,1,13.89,7.15,3
195743186#7,10171241054,10171363593,1,13.89,65.88,3
195743186#8,10171363593,42447303,1,13.89,6.79,3
195743186#9,42447303,10171363592,1,13.89,7.77,3
195743187#0,42437188,10165996964,1,13.89,13.18,3
195743187#1,10165996964,10168010394,1,13.89,66.27,3
195743187#10,10127369914,10168029034,1,13.89,65.72,3
195743187#11,10168029034,42429744,1,13.89,6.66,3
195743187#12,42429744,10168029030,1,13.89,7.33,3
195743187#13,10168029030,10168029041,1,13.89,66.06,3
195743187#14,10168029041,42445219,1,13.89,6.49,3
195743187#15,42445219,10168029038,1,13.89,7.69,3
195743187#16,10168029038,10168029061,1,13.89,65.11,3
195743187#17,10168029061,42447336,1,13.89,6.99,3
195743187#2,10168010394,42447323,1,13.89,6.81,3
195743187#3,42447323,10168010391,1,13.89,7.41,3
195743187#4,10168010391,10168010395,1,13.89,66.19,3
195743187#5,10168010395,42447326,1,13.89,5.94,3
195743187#6,42447326,8250876257,1,13.89,8.01,3
195743187#7,8250876257,8250876243,1,13.89,65.24,3
195743187#8,8250876243,42447330,1,13.89,6.62,3
195743187#9,42447330,10127369914,1,13.89,7.13,3
195743188#0,42436734,9150598852,1,22.22,7.34,10
195743188#1,9150598852,10171069622,1,22.22,65.2,10
195743188#2,10171069622,42440146,1,22.22,7.69,10
195743188#3,42440146,10171069625,1,22.22,6.5,10
195743188#4,10171069625,10171087501,1,22.22,65.1,10
195743188#5,10171087501,42440144,1,22.22,13.92,10
195743189,42429570,246858435,1,27.78,28.66,11
195743190#0,42439440,9414480617,5,11.18,5.72,11
195743190#1,9414480617,9414480632,5,11.18,63.45,11
195743190#2,9414480632,42435422,5,11.18,7.7,11
195743192#0,42435240,7925258658,1,11.18,7.28,3
195743192#1,7925258658,42439506,1,11.18,72.69,3
195743192#2,42439506,6216836436,1,11.18,71.59,3
195743192#3,6216836436,42448283,1,11.18,8.1,3
195743192#4,42448283,6216836417,1,11.18,7.42,3
195743192#5,6216836417,6216836418,1,11.18,65.2,3
195743192#6,6216836418,42448278,1,11.18,13.24,3
195743193#0,595245836,1329122365,1,11.18,72.59,3
195743193#1,1329122365,42437845,1,11.18,8.13,3
195743193#2,42437845,1329122499,1,11.18,8.59,3
195743193#3,1329122499,42438301,1,11.18,73.97,3
195743193#4,42438301,9170766751,1,11.18,66.21,3
195743193#5,9170766751,42438300,1,11.18,10.14,3
195743194#0,7620631148,10055013019,1,27.78,12.9,11
195743194#1,10055013019,42441947,1,27.78,75.29,11
195743194#2,42441947,42441949,1,27.78,80.53,11
195743194#3,42441949,10168100445,1,27.78,7.46,11
195743194#4,10168100445,7491182058,1,27.78,28.07,11
195743195#0,42427412,4876648469,1,11.18,10.7,3
195743195#1,4876648469,4876645530,1,11.18,57.77,3
195743195#2,4876645530,42440628,1,11.18,7.51,3
195743196,42431902,9181607981,2,11.18,54.9,12
195743197#0,42446854,5815643323,1,11.18,12.68,3
195743197#1,5815643323,588592974,1,11.18,91.51,3
195743197#2,588592974,4143835081,1,11.18,92.72,3
195743197#3,4143835081,246866806,1,11.18,6.28,3
195743199#0,42421960,7139624471,2,11.18,7.78,12
195743199#1,7139624471,11041048757,2,11.18,51.02,12
195743199#10,11040280570,11040439528,2,11.18,18.67,12
195743199#11,11040439528,7706695208,2,11.18,58.66,12
195743199#12,7706695208,42431898,2,11.18,9.67,12
195743199#2,11041048757,11041048729,2,11.18,9.84,12
195743199#3,11041048729,11041048756,2,11.18,10.94,12
195743199#4,11041048756,11040253954,2,11.18,45.22,12
195743199#5,11040253954,8276468771,2,11.18,6.0,12
195743199#6,8276468771,5228410329,2,11.18,6.44,12
195743199#7,5228410329,1251359553,2,11.18,18.06,12
195743199#8,1251359553,11040253955,2,11.18,5.48,12
195743199#9,11040253955,11040280570,2,11.18,6.31,12
195743200,42421745,1061531654,1,27.78,22.12,11
195743201#0,4205830392,10171363583,1,27.78,58.98,11
195743201#1,10171363583,42421737,1,27.78,12.37,11
195743202#0,42437188,6814306901,1,22.22,9.39,10
195743202#1,6814306901,6814306907,1,22.22,111.3,10
195743202#2,6814306907,42437196,1,22.22,11.31,10
195743203#0,42429827,595412557,2,27.78,20.04,12
195743203#1,595412557,7598970693,2,27.78,17.62,12
195743203#2,7598970693,7598970691,2,27.78,20.43,12
195743203#3,7598970691,4207752454,2,27.78,9.09,12
195743204#0,42442592,10055123054,1,13.89,12.17,3
195743204#1,10055123054,10171865598,1,13.89,163.99,3
195743204#2,10171865598,42448607,1,13.89,9.26,3
195743205#0,42451540,765233265,1,13.89,63.8,3
195743205#1,765233265,10055123057,1,13.89,79.12,3
195743205#2,10055123057,42442592,1,13.89,12.73,3
195743206,42428892,561035349,1,22.22,20.84,10
195743208#0,42435644,8660596959,2,11.18,13.28,12
195743208#1,8660596959,3799564975,2,11.18,60.9,12
195743208#2,3799564975,10691086263,2,11.18,62.16,12
195743208#3,10691086263,9421121461,2,11.18,7.94,12
195743208#4,9421121461,10691086262,2,11.18,8.49,12
195743208#5,10691086262,9413881838,2,11.18,107.83,12
195743208#6,9413881838,42437654,2,11.18,13.56,12
195743209#0,42439972,10168088454,1,13.89,10.55,4
195743209#1,10168088454,9538820160,1,13.89,250.99,4
195743209#2,9538820160,42435660,1,13.89,13.43,4
195743210,42435660,5916783970,1,13.89,14.75,4
195743211#0,42430736,8307463092,1,27.78,10.53,11
195743211#1,8307463092,10713675989,1,27.78,113.57,11
195743211#2,10713675989,3308681115,1,27.78,135.38,11
195743211#3,3308681115,42450434,1,27.78,12.87,11
195743212#0,42428595,5117991233,3,11.18,12.83,11
195743212#1,5117991233,6322584579,3,11.18,110.25,11
195743212#2,6322584579,7050687019,3,11.18,66.29,11
195743212#3,7050687019,42439464,3,11.18,10.800000000000002,11
195743213#0,42438819,9900507022,2,11.18,64.96,3
195743213#1,9900507022,42438300,2,11.18,8.74,3
195743214#0,4207887847,6909727932,1,11.18,9.38,11
195743214#1,6909727932,3269834161,1,11.18,32.6,11
195743214#2,3269834161,9001520873,1,11.18,183.04,11
195743214#3,9001520873,42443336,1,11.18,13.22,11
195743215#0,42424032,4906056153,1,11.18,7.84,11
195743215#1,4906056153,9374838670,1,11.18,26.45,11
195743216#0,42432564,5115916408,3,27.78,14.339999999999998,12
195743216#1,5115916408,5115917321,3,27.78,25.179999999999996,12
195743216#2,5115917321,1061531757,3,27.78,9.85,12
195743217#0,42428637,5115916418,1,13.89,9.35,3
195743217#1,5115916418,9492542173,1,13.89,186.02,3
195743217#2,9492542173,42431005,1,13.89,12.5,3
195743217#3,42431005,9492542182,1,13.89,12.32,3
195743217#4,9492542182,5115922043,1,13.89,110.94,3
195743217#5,5115922043,42432572,1,13.89,10.28,3
195743218#0,42431099,8687882770,2,27.78,13.58,11
195743218#1,8687882770,587812578,2,27.78,190.65,11
195743219,1061531504,42428716,1,11.18,19.23,3
195743220#0,42431102,9496980730,1,13.89,12.74,3
195743220#1,9496980730,6996574414,1,13.89,114.81,3
195743220#2,6996574414,595314120,1,13.89,7.04,3
195743220#3,595314120,42441382,1,13.89,17.34,3
195743221#0,6912871508,6912871512,1,11.18,66.27,10
195743221#1,6912871512,42431111,1,11.18,6.59,10
195743222#0,4207854762,7595748177,3,27.78,33.18,11
195743222#1,7595748177,42430985,3,27.78,8.94,11
195743223#0,4205805402,8687882774,3,11.18,27.67,10
195743223#1,8687882774,42431099,3,11.18,13.69,10
195743224#0,42431002,9492542209,2,11.18,7.32,11
195743224#1,9492542209,9374838669,2,11.18,64.79,11
195743224#2,9374838669,42431000,2,11.18,10.89,11
195743225#0,246858433,8262936765,4,13.41,19.99,13
195743225#1,8262936765,10223354307,4,13.41,20.51,13
195743225#2,10223354307,7816666406,4,13.41,50.08,13
195743226#0,42453417,373882873,4,13.41,12.82,13
195743226#1,373882873,246891415,4,13.41,116.69,13
195743226#2,246891415,4207143418,4,13.41,13.96,13
195743227#0,5813259900,7334235840,4,13.41,63.15,13
195743227#1,7334235840,4143835716,4,13.41,56.44,13
195743227#2,4143835716,9682069932,4,13.41,40.59,13
195743228#0,42429570,6024766254,4,13.41,12.3,13
195743228#1,6024766254,4215665527,4,13.41,71.49,13
195743229#0,42431626,373882977,4,13.41,202.03,13
195743229#1,373882977,42453417,4,13.41,13.39,13
195743264#0,42422028,8262936767,4,13.41,16.61,13
195743264#1,8262936767,1431790465,4,13.41,198.65,13
195743264#2,1431790465,5813259899,4,13.41,15.6,13
195743264#3,5813259899,5813280740,4,13.41,67.83,13
195743264#4,5813280740,42453395,4,13.41,12.23,13
195743267#0,42427412,1659428714,1,11.18,11.68,3
195743267#1,1659428714,4145424858,1,11.18,52.57,3
195743267#2,4145424858,889585049,1,11.18,8.56,3
195743271#0,9808249305,1659428663,2,11.18,40.96,3
195743271#1,1659428663,42427412,2,11.18,13.57,3
195743297#0,42455643,3998699938,3,11.18,12.589999999999998,12
195743297#1,3998699938,3998699940,3,11.18,65.96,12
195743297#2,3998699940,42450341,3,11.18,7.53,12
195743297#3,42450341,3998699942,3,11.18,8.12,12
195743297#4,3998699942,7557417154,3,11.18,32.0,12
195743301#0,42450434,6534229344,3,27.78,8.32,12
195743301#1,6534229344,7557417108,3,27.78,50.41,12
195743305,6515269079,42434135,1,27.78,13.73,11
195743307#0,4207948396,4980851589,4,11.18,14.01,12
195743307#1,4980851589,42435400,4,11.18,9.15,12
195743308#0,42456076,6214889044,4,11.18,6.33,12
195743308#1,6214889044,8828140382,4,11.18,12.13,12
195743309#0,4779073679,6162473814,4,11.18,14.41,12
195743309#1,6162473814,4207786970,4,11.18,51.69,12
195743311#0,8767790754,3562587907,6,11.18,37.44,12
195743311#1,3562587907,42436492,6,11.18,12.36,12
195743312#0,42456101,6191027314,4,11.18,9.6,12
195743312#1,6191027314,4207786978,4,11.18,21.26,12
195743313#0,4215941089,7834025556,5,11.18,13.95,12
195743313#1,7834025556,42456066,5,11.18,6.02,12
195743315#0,4207786966,6181709418,5,11.18,11.26,12
195743315#1,6181709418,42452814,5,11.18,7.07,12
195743316#0,4207669595,4980851579,5,11.18,12.55,12
195743316#1,4980851579,42435237,5,11.18,7.209999999999999,12
195743317#0,42449010,4980915604,4,11.18,8.91,12
195743317#1,4980915604,3900961232,4,11.18,47.5,12
195743317#2,3900961232,4207786971,4,11.18,79.33,12
195743318#0,42442838,9543294808,1,11.18,26.09,7
195743318#1,9543294808,5829779486,1,11.18,6.42,7
195743318#2,5829779486,42442836,1,11.18,10.21,7
195743319#0,7926756849,7926724567,6,11.18,55.98,12
195743319#1,7926724567,42434134,6,11.18,8.85,12
195743323#0,42443056,6070106312,4,11.18,13.1,12
195743323#1,6070106312,5475082077,4,11.18,22.7,12
195743326#0,42443054,6070106314,4,11.18,11.61,12
195743326#1,6070106314,6070106311,4,11.18,67.0,12
195743326#2,6070106311,42434175,4,11.18,7.85,12
195743332#0,42456708,7779641279,2,11.18,5.99,11
195743332#1,7779641279,7779641271,2,11.18,65.81,11
195743332#10,7089698652,7092397358,2,11.18,65.24,11
195743332#11,7092397358,42438961,2,11.18,7.88,11
195743332#12,42438961,7092397364,2,11.18,5.87,11
195743332#13,7092397364,42456335,2,11.18,72.19,11
195743332#14,42456335,7921537506,2,11.18,75.45,11
195743332#15,7921537506,10610255911,2,11.18,3.29,11
195743332#16,10610255911,7089698654,2,11.18,8.77,11
195743332#17,7089698654,7092397356,2,11.18,65.82,11
195743332#18,7092397356,42453575,2,11.18,7.56,11
195743332#19,42453575,7092397362,2,11.18,5.76,11
195743332#2,7779641271,42436604,2,11.18,7.69,11
195743332#20,7092397362,7061726465,2,11.18,65.92,11
195743332#21,7061726465,42443264,2,11.18,7.29,11
195743332#3,42436604,7779641272,2,11.18,6.57,11
195743332#4,7779641272,4969067233,2,11.18,66.51,11
195743332#5,4969067233,42434904,2,11.18,7.5,11
195743332#6,42434904,4969067234,2,11.18,5.7,11
195743332#7,4969067234,7089698658,2,11.18,66.18,11
195743332#8,7089698658,42425127,2,11.18,7.65,11
195743332#9,42425127,7089698652,2,11.18,7.36,11
195743334#0,42443268,7058755700,2,11.18,10.68,11
195743334#1,7058755700,7093620729,2,11.18,68.79,11
195743334#10,7093725098,7093620730,2,11.18,65.16,11
195743334#11,7093620730,42448726,2,11.18,7.05,11
195743334#12,42448726,7093620724,2,11.18,6.5,11
195743334#13,7093620724,5306313699,2,11.18,65.38,11
195743334#14,5306313699,42456575,2,11.18,6.1,11
195743334#2,7093620729,42434165,2,11.18,6.15,11
195743334#3,42434165,7093620720,2,11.18,6.78,11
195743334#4,7093620720,7093532781,2,11.18,65.55,11
195743334#5,7093532781,42444485,2,11.18,7.09,11
195743334#6,42444485,7093620727,2,11.18,7.16,11
195743334#7,7093620727,7093725089,2,11.18,64.75,11
195743334#8,7093725089,42452809,2,11.18,7.1,11
195743334#9,42452809,7093725098,2,11.18,8.29,11
195743335#0,42437423,6929267031,3,11.18,6.11,11
195743335#1,6929267031,2792787013,3,11.18,65.55,11
195743335#2,2792787013,42447228,3,11.18,7.69,11
195743336#0,42432818,9971383726,5,27.78,11.92,11
195743336#1,9971383726,10171655544,5,27.78,65.16,11
195743336#2,10171655544,42431544,5,27.78,9.49,11
195743336#3,42431544,10171655545,5,27.78,7.3,11
195743336#4,10171655545,10610255908,5,27.78,63.65,11
195743336#5,10610255908,42440951,5,27.78,8.23,11
195743336#6,42440951,9140929842,5,27.78,8.2,11
195743338#0,42432395,6961065589,2,11.18,45.39,11
195743338#1,6961065589,42456711,2,11.18,6.49,11
195743338#10,7784826670,42450456,2,11.18,12.41,11
195743338#2,42456711,7781090335,2,11.18,7.86,11
195743338#3,7781090335,7781090343,2,11.18,65.02,11
195743338#4,7781090343,42436637,2,11.18,7.98,11
195743338#5,42436637,7781090332,2,11.18,6.92,11
195743338#6,7781090332,7781090327,2,11.18,64.97,11
195743338#7,7781090327,42445840,2,11.18,6.93,11
195743338#8,42445840,7781090339,2,11.18,6.54,11
195743338#9,7781090339,7784826670,2,11.18,67.46,11
195743339#0,42436475,3278932290,3,11.18,10.85,11
195743339#1,3278932290,7797650087,3,11.18,67.79,11
195743339#10,7797632783,7797632777,3,11.18,65.85,11
195743339#11,7797632777,42431671,3,11.18,6.760000000000001,11
195743339#12,42431671,7797650091,3,11.18,7.13,11
195743339#13,7797650091,6929267007,3,11.18,65.34,11
195743339#14,6929267007,42437423,3,11.18,6.96,11
195743339#2,7797650087,42445225,3,11.18,6.919999999999999,11
195743339#3,42445225,7797650085,3,11.18,7.18,11
195743339#4,7797650085,7797632767,3,11.18,66.08,11
195743339#5,7797632767,42429680,3,11.18,7.580000000000001,11
195743339#6,42429680,7797632770,3,11.18,5.59,11
195743339#7,7797632770,7797632758,3,11.18,66.8,11
195743339#8,7797632758,42455693,3,11.18,7.05,11
195743339#9,42455693,7797632783,3,11.18,6.53,11
195743341#0,42439070,8309479789,2,11.18,6.56,11
195743341#1,8309479789,8309479762,2,11.18,67.33,11
195743341#2,8309479762,42449067,2,11.18,6.67,11
195743341#3,42449067,8309479763,2,11.18,7.02,11
195743341#4,8309479763,9470088388,2,11.18,49.21,11
195743342#0,42447228,2792787010,3,11.18,7.96,11
195743342#1,2792787010,2792787025,3,11.18,63.28,11
195743342#10,7797650098,7797632775,3,11.18,65.08,11
195743342#11,7797632775,42456683,3,11.18,7.989999999999999,11
195743342#12,42456683,7797632762,3,11.18,6.239999999999999,11
195743342#13,7797632762,7797650094,3,11.18,65.06,11
195743342#14,7797650094,42436510,3,11.18,7.849999999999999,11
195743342#2,2792787025,42455662,3,11.18,8.79,11
195743342#3,42455662,2792787014,3,11.18,8.82,11
195743342#4,2792787014,7797632756,3,11.18,65.09,11
195743342#5,7797632756,42431649,3,11.18,6.89,11
195743342#6,42431649,7797632751,3,11.18,6.349999999999999,11
195743342#7,7797632751,7797650099,3,11.18,65.58,11
195743342#8,7797650099,42429970,3,11.18,7.82,11
195743342#9,42429970,7797650098,3,11.18,6.3,11
195743343#0,42437644,7782217017,4,11.18,13.6,11
195743343#1,7782217017,10169157386,4,11.18,65.76,11
195743343#2,10169157386,42446701,4,11.18,7.5,11
195743343#3,42446701,10169157388,4,11.18,7.97,11
195743343#4,10169157388,10173045239,4,11.18,62.75,11
195743343#5,10173045239,42443680,4,11.18,9.01,11
195743344#0,42439972,10168088453,4,11.18,6.72,11
195743344#1,10168088453,5475605304,4,11.18,36.61,11
195743345#0,42435660,9538820161,3,27.78,7.47,11
195743345#1,9538820161,4207957613,3,27.78,30.76,11
195743554#0,9166033062,4544006773,1,8.94,10.22,11
195743554#1,4544006773,9166033063,1,8.94,2.15,11
195743554#10,42455051,7120676183,1,8.94,8.89,11
195743554#11,7120676183,7120757700,1,8.94,59.09,11
195743554#12,7120757700,42453175,1,8.94,7.21,11
195743554#13,42453175,7120676181,1,8.94,5.64,11
195743554#14,7120676181,3316524008,1,8.94,4.28,11
195743554#15,3316524008,9166033059,1,8.94,60.79,11
195743554#16,9166033059,42444829,1,8.94,7.0,11
195743554#17,42444829,9166033058,1,8.94,7.51,11
195743554#18,9166033058,4216045808,1,8.94,58.45,11
195743554#19,4216045808,42434215,1,8.94,7.67,11
195743554#2,9166033063,7977832442,1,8.94,71.34,11
195743554#20,42434215,4216045800,1,8.94,8.88,11
195743554#21,4216045800,4216045802,1,8.94,61.9,11
195743554#22,4216045802,42434148,1,8.94,6.96,11
195743554#3,7977832442,42453604,1,8.94,8.29,11
195743554#4,42453604,7977832441,1,8.94,9.6,11
195743554#5,7977832441,7977832448,1,8.94,64.61,11
195743554#6,7977832448,42437343,1,8.94,7.01,11
195743554#7,42437343,8921278265,1,8.94,6.94,11
195743554#8,8921278265,7977832452,1,8.94,63.84,11
195743554#9,7977832452,42455051,1,8.94,7.81,11
195743555#0,42430828,8262308485,1,11.18,13.92,11
195743555#1,8262308485,42432205,1,11.18,56.52,11
195743555#2,42432205,8262308350,1,11.18,50.7,11
195743555#3,8262308350,42432208,1,11.18,9.31,11
195743556#0,42432194,4320194277,1,11.18,9.92,3
195743556#1,4320194277,6254325748,1,11.18,35.74,3
195743556#2,6254325748,42421901,1,11.18,16.46,3
195743556#3,42421901,42457721,1,11.18,34.32,3
195743557#0,42436903,4872777176,4,13.41,17.66,13
195743557#1,4872777176,42453457,4,13.41,63.25,13
195743557#2,42453457,246874702,4,13.41,73.76,13
195743557#3,246874702,42452613,4,13.41,3.95,13
195743557#4,42452613,246874388,4,13.41,13.18,13
195743557#5,246874388,42442081,4,13.41,28.63,13
195743557#6,42442081,42453468,4,13.41,36.02,13
195743557#7,42453468,246862852,4,13.41,76.41,13
195743557#8,246862852,42449098,4,13.41,7.45,13
195745911#0,42440679,9941087938,1,11.18,6.92,11
195745911#1,9941087938,42440792,1,11.18,61.95,11
195745912#0,4215812466,4980798204,2,11.18,57.72,12
195745912#1,4980798204,10169411251,2,11.18,1.57,12
195745912#2,10169411251,42444457,2,11.18,7.92,12
195745913#0,42444458,4980798213,2,27.78,13.17,12
195745913#1,4980798213,5161751673,2,27.78,111.69,12
195745913#2,5161751673,8741475156,2,27.78,50.34,12
195745913#3,8741475156,8741475160,2,27.78,14.1,12
195745913#4,8741475160,4980799121,2,27.78,15.54,12
195745913#5,4980799121,42443116,2,27.78,13.44,12
195745914#0,42436582,8835579630,1,11.18,9.13,11
195745914#1,8835579630,4115878741,1,11.18,131.89,11
195745914#2,4115878741,42436586,1,11.18,13.61,11
195745915#0,42436586,4115878739,1,11.18,13.68,3
195745915#1,4115878739,8119192792,1,11.18,189.73,3
195745915#2,8119192792,42436590,1,11.18,12.79,3
195745916#0,9181587099,42455039,4,11.18,27.91,12
195745916#1,42455039,4598752829,4,11.18,5.27,12
195745916#2,4598752829,9166033062,4,11.18,11.1,12
195745917#0,9166033061,4598752868,2,11.18,10.8,12
195745917#1,4598752868,9181587105,2,11.18,40.02,12
195745925#0,42437559,4160344090,2,27.78,6.63,12
195745925#1,4160344090,1773066054,2,27.78,8.0,12
195834894#0,247402950,1825739992,1,11.18,5.44,3
195834894#1,1825739992,10168546910,1,11.18,42.61,3
195834894#2,10168546910,42436149,1,11.18,6.29,3
195922666#0,42438306,2346800737,1,11.18,9.22,3
195922666#1,2346800737,61272284,1,11.18,75.19,3
195922666#2,61272284,595245840,1,11.18,34.33,3
196116963#0,2141002590,2141005046,2,11.18,50.67,12
196116963#1,2141005046,42439929,2,11.18,7.03,12
196116963#2,42439929,10177607157,2,11.18,6.23,12
196116963#3,10177607157,10177607153,2,11.18,65.27,12
196116963#4,10177607153,42439927,2,11.18,7.68,12
196116964,4378236645,4207731296,1,27.78,17.46,11
196116966,42423116,595473048,1,27.78,10.41,11
196116967#0,42442621,42434262,1,27.78,87.1,11
196116967#1,42434262,42442625,1,27.78,84.44,11
196116967#2,42442625,42442628,1,27.78,79.4,11
196116967#3,42442628,42439213,1,27.78,79.41,11
196116967#4,42439213,42434340,1,27.78,79.69,11
196116967#5,42434340,42442635,1,27.78,78.1,11
196116968,765365632,10668997785,1,27.78,27.45,11
196116969#0,42442733,9550751264,2,27.78,8.3,11
196116969#1,9550751264,9566914923,2,27.78,64.23,11
196116969#2,9566914923,42428080,2,27.78,6.71,11
196116969#3,42428080,9566914922,2,27.78,7.63,11
196116969#4,9566914922,42427016,2,27.78,32.15,11
196116969#5,42427016,4207702046,2,27.78,9.33,11
196116970#0,42421741,10166004078,3,27.78,12.86,12
196116970#1,10166004078,8856061172,3,27.78,53.43,12
196116971#0,1504153626,6916346823,1,27.78,11.96,11
196116971#1,6916346823,6916346847,1,27.78,65.43,11
196116971#2,6916346847,3579432161,1,27.78,6.29,11
196116972#0,42442651,748726612,1,27.78,77.93,11
196116972#1,748726612,42433339,1,27.78,7.08,11
196116972#2,42433339,42442656,1,27.78,82.21,11
196116972#3,42442656,42442659,1,27.78,76.47,11
196116972#4,42442659,42438257,1,27.78,79.64,11
196116972#5,42438257,9935939406,1,27.78,72.07,11
196116972#6,9935939406,42442664,1,27.78,6.31,11
196116973#0,42455238,6836035739,1,11.18,10.44,10
196116973#1,6836035739,6836035818,1,11.18,39.8,10
196116973#10,6836035749,42434992,1,11.18,6.74,10
196116973#11,42434992,6836035752,1,11.18,7.81,10
196116973#12,6836035752,6836035754,1,11.18,61.64,10
196116973#13,6836035754,42455245,1,11.18,6.82,10
196116973#14,42455245,6836035756,1,11.18,7.99,10
196116973#15,6836035756,8723021880,1,11.18,63.53,10
196116973#16,8723021880,42429457,1,11.18,9.1,10
196116973#17,42429457,8723021883,1,11.18,9.52,10
196116973#18,8723021883,8722881596,1,11.18,66.0,10
196116973#19,8722881596,42454611,1,11.18,7.03,10
196116973#2,6836035818,6836035741,1,11.18,19.15,10
196116973#20,42454611,8722881594,1,11.18,7.74,10
196116973#21,8722881594,8722881590,1,11.18,63.95,10
196116973#22,8722881590,42446331,1,11.18,10.23,10
196116973#23,42446331,8722881592,1,11.18,11.7,10
196116973#24,8722881592,8722881613,1,11.18,66.74,10
196116973#25,8722881613,42436807,1,11.18,7.23,10
196116973#26,42436807,8722881616,1,11.18,7.76,10
196116973#27,8722881616,8723021823,1,11.18,64.62,10
196116973#28,8723021823,42455252,1,11.18,6.48,10
196116973#29,42455252,8723021826,1,11.18,7.7,10
196116973#3,6836035741,42447418,1,11.18,6.65,10
196116973#30,8723021826,8723021914,1,11.18,61.97,10
196116973#31,8723021914,42452147,1,11.18,9.69,10
196116973#32,42452147,8723021917,1,11.18,9.31,10
196116973#33,8723021917,595473019,1,11.18,2.79,10
196116973#4,42447418,6836035743,1,11.18,7.99,10
196116973#5,6836035743,6836035745,1,11.18,58.51,10
196116973#6,6836035745,42454622,1,11.18,7.25,10
196116973#7,42454622,9908577542,1,11.18,7.22,10
196116973#8,9908577542,6836035747,1,11.18,3.86,10
196116973#9,6836035747,6836035749,1,11.18,64.48,10
196116974#0,42459436,3874650204,1,11.18,122.0,3
196116974#1,3874650204,42453472,1,11.18,11.63,3
196116975#0,42428579,8780665868,4,11.18,9.25,12
196116975#1,8780665868,7515977400,4,11.18,73.45,12
196116975#2,7515977400,42428575,4,11.18,9.71,12
196116976#0,42428329,8785244291,2,22.22,11.98,10
196116976#1,8785244291,8785244272,2,22.22,70.61,10
196116976#10,8785244261,8785244242,2,22.22,64.59,10
196116976#11,8785244242,42428313,2,22.22,9.76,10
196116976#2,8785244272,42428328,2,22.22,10.9,10
196116976#3,42428328,8785244279,2,22.22,7.18,10
196116976#4,8785244279,3463816119,2,22.22,66.62,10
196116976#5,3463816119,42428321,2,22.22,6.53,10
196116976#6,42428321,3463816116,2,22.22,10.45,10
196116976#7,3463816116,8785244254,2,22.22,65.34,10
196116976#8,8785244254,42428315,2,22.22,7.89,10
196116976#9,42428315,8785244261,2,22.22,7.45,10
196116978#0,2821304136,8262309630,3,11.18,9.82,11
196116978#1,8262309630,8262309224,3,11.18,60.10999999999999,11
196116978#2,8262309224,2821304137,3,11.18,5.7,11
196116979#0,272195271,5083818854,3,11.18,10.44,11
196116979#1,5083818854,1272562880,3,11.18,54.48,11
196116979#2,1272562880,2821304136,3,11.18,8.19,11
196116980#0,42428583,5117972569,3,27.78,73.37,12
196116980#1,5117972569,42428579,3,27.78,10.65,12
196116981#0,1544809889,1544809882,2,27.78,12.17,12
196116981#1,1544809882,7612920599,2,27.78,3.89,12
196116981#2,7612920599,1399181883,2,27.78,34.41,12
196116982#0,42421745,10166004117,4,11.18,14.13,12
196116982#1,10166004117,10166004111,4,11.18,71.31,12
196116982#10,7801775757,1989076881,4,11.18,65.51,12
196116982#11,1989076881,42428737,4,11.18,8.1,12
196116982#12,42428737,7801775709,4,11.18,6.34,12
196116982#13,7801775709,7801775769,4,11.18,65.17,12
196116982#14,7801775769,42428728,4,11.18,7.6,12
196116982#15,42428728,7801775729,4,11.18,6.49,12
196116982#16,7801775729,9177516878,4,11.18,32.9,12
196116982#2,10166004111,42428751,4,11.18,8.37,12
196116982#3,42428751,9654214292,4,11.18,8.83,12
196116982#4,9654214292,9646862888,4,11.18,68.03,12
196116982#5,9646862888,42428746,4,11.18,8.55,12
196116982#6,42428746,9646862889,4,11.18,6.74,12
196116982#7,9646862889,7801775759,4,11.18,65.32,12
196116982#8,7801775759,42428742,4,11.18,7.82,12
196116982#9,42428742,7801775757,4,11.18,6.78,12
196116983#0,1504153604,9518259682,2,27.78,12.28,12
196116983#1,9518259682,9518259636,2,27.78,65.22,12
196116983#10,561035342,10050028844,2,27.78,10.82,12
196116983#11,10050028844,5481847043,2,27.78,105.21,12
196116983#12,5481847043,10049830859,2,27.78,41.04,12
196116983#13,10049830859,5763775589,2,27.78,7.64,12
196116983#14,5763775589,7598930224,2,27.78,7.7,12
196116983#15,7598930224,10056815671,2,27.78,0.69,12
196116983#16,10056815671,9515699765,2,27.78,8.22,12
196116983#17,9515699765,6871927724,2,27.78,39.95,12
196116983#18,6871927724,561035343,2,27.78,16.91,12
196116983#2,9518259636,561035338,2,27.78,7.43,12
196116983#3,561035338,9518259631,2,27.78,7.41,12
196116983#4,9518259631,9520170423,2,27.78,63.24,12
196116983#5,9520170423,1506599378,2,27.78,9.01,12
196116983#6,1506599378,6886295101,2,27.78,9.04,12
196116983#7,6886295101,1506599377,2,27.78,70.37,12
196116983#8,1506599377,10050028845,2,27.78,156.6,12
196116983#9,10050028845,561035342,2,27.78,11.62,12
196116984#0,1506591536,9518268746,3,11.18,12.699999999999998,12
196116984#1,9518268746,10169289737,3,11.18,53.82,12
196116984#2,10169289737,6223571521,3,11.18,5.669999999999999,12
196116984#3,6223571521,10169289740,3,11.18,7.56,12
196116984#4,10169289740,10169289743,3,11.18,67.31,12
196116984#5,10169289743,6223571523,3,11.18,7.330000000000001,12
196116985#0,1061531654,10166004116,3,27.78,15.88,12
196116985#1,10166004116,10166004050,3,27.78,71.33,12
196116985#10,7004393043,7004393042,3,27.78,58.080000000000005,12
196116985#11,7004393042,3579432156,3,27.78,11.85,12
196116985#2,10166004050,1061531717,3,27.78,7.98,12
196116985#3,1061531717,7004393050,3,27.78,7.900000000000001,12
196116985#4,7004393050,7004393048,3,27.78,68.15,12
196116985#5,7004393048,595314104,3,27.78,7.34,12
196116985#6,595314104,10166004064,3,27.78,9.21,12
196116985#7,10166004064,7004393046,3,27.78,63.6,12
196116985#8,7004393046,561035330,3,27.78,6.38,12
196116985#9,561035330,7004393043,3,27.78,7.69,12
196116986#0,42442569,10170893934,1,27.78,11.53,11
196116986#1,10170893934,7372610405,1,27.78,246.48,11
196116986#2,7372610405,42435359,1,27.78,10.32,11
196116987#0,42442569,10170893931,1,27.78,15.24,11
196116987#1,10170893931,2706603536,1,27.78,38.31,11
196116987#2,2706603536,10170704051,1,27.78,203.76,11
196116987#3,10170704051,3579432156,1,27.78,10.35,11
196116988#0,4207892896,1740700804,3,27.78,179.71,11
196116988#1,1740700804,42423674,3,27.78,11.24,11
196116989#0,588455743,11153640061,2,11.18,13.55,12
196116989#1,11153640061,8827539967,2,11.18,24.77,12
196116989#2,8827539967,588455742,2,11.18,11.41,12
196116990#0,42443403,3874617025,3,11.18,84.47,12
196116990#1,3874617025,3602672702,3,11.18,13.839999999999998,12
196116990#2,3602672702,3874617028,3,11.18,79.62,12
196116990#3,3874617028,8687882741,3,11.18,57.31,12
196116990#4,8687882741,42443388,3,11.18,9.78,12
196116990#5,42443388,7801775751,3,11.18,9.13,12
196116990#6,7801775751,9676474996,3,11.18,24.02,12
196116991,42428588,6173564349,3,11.18,45.74,12
196116992#0,42456115,4980851584,2,11.18,14.45,10
196116992#1,4980851584,10170834270,2,11.18,201.66,10
196116992#2,10170834270,42443085,2,11.18,12.86,10
196116993,596776594,42443818,1,13.89,24.78,3
196116994#0,42443819,10122952985,1,11.18,8.55,3
196116994#1,10122952985,42443821,1,11.18,146.03,3
196116994#2,42443821,5482291246,1,11.18,175.83,3
196116994#3,5482291246,7927125703,1,11.18,28.51,3
196116994#4,7927125703,42443092,1,11.18,12.42,3
196116995#0,42423203,4980799124,2,27.78,11.46,12
196116995#1,4980799124,42443116,2,27.78,13.78,12
196116997,42456555,4597668042,1,11.18,10.35,4
196117001#0,42449985,10166171506,2,11.18,12.32,10
196117001#1,10166171506,6856746324,2,11.18,45.44,10
196117001#2,6856746324,6856746335,2,11.18,14.81,10
196117001#3,6856746335,5542680320,2,11.18,53.2,10
196117001#4,5542680320,8847352139,2,11.18,37.94,10
196117001#5,8847352139,5542680287,2,11.18,39.94,10
196117001#6,5542680287,42442977,2,11.18,12.13,10
196117006#0,42439249,3919350757,2,11.18,7.63,3
196117006#1,3919350757,595407639,2,11.18,51.69,3
196117014#0,42433537,11153640069,1,11.18,5.84,11
196117014#1,11153640069,4158810011,1,11.18,36.88,11
196117019#0,42439673,9168585673,1,22.22,14.18,10
196117019#1,9168585673,42439686,1,22.22,111.76,10
196117019#10,8725182218,42439724,1,22.22,83.08,10
196117019#11,42439724,8725182236,1,22.22,85.29,10
196117019#12,8725182236,42439728,1,22.22,6.37,10
196117019#13,42439728,748726642,1,22.22,7.64,10
196117019#14,748726642,4281505674,1,22.22,67.71,10
196117019#2,42439686,42439708,1,22.22,56.03,10
196117019#3,42439708,7022869487,1,22.22,54.85,10
196117019#4,7022869487,42439711,1,22.22,23.84,10
196117019#5,42439711,764738938,1,22.22,18.14,10
196117019#6,764738938,42438255,1,22.22,61.94,10
196117019#7,42438255,42439718,1,22.22,84.02,10
196117019#8,42439718,42439721,1,22.22,133.9,10
196117019#9,42439721,8725182218,1,22.22,11.1,10
196117023#0,42437316,8725182230,1,22.22,9.45,10
196117023#1,8725182230,42439730,1,22.22,67.97,10
196117023#2,42439730,6836035791,1,22.22,24.02,10
196117023#3,6836035791,42432218,1,22.22,6.25,10
196117028#0,42436149,10168546912,1,11.18,6.78,3
196117028#1,10168546912,10168546907,1,11.18,53.07,3
196117028#10,11159805945,8262308623,1,11.18,59.83,3
196117028#11,8262308623,42436159,1,11.18,5.82,3
196117028#2,10168546907,42436152,1,11.18,5.98,3
196117028#3,42436152,10168546905,1,11.18,7.05,3
196117028#4,10168546905,10168546902,1,11.18,53.33,3
196117028#5,10168546902,42436155,1,11.18,5.68,3
196117028#6,42436155,10168546904,1,11.18,6.89,3
196117028#7,10168546904,11159805946,1,11.18,56.95,3
196117028#8,11159805946,42431505,1,11.18,5.76,3
196117028#9,42431505,11159805945,1,11.18,5.59,3
196117032,42436414,247403147,1,11.18,4.13,3
196117037#0,42438908,10170875064,2,27.78,9.24,11
196117037#1,10170875064,10170875054,2,27.78,63.97,11
196117037#2,10170875054,42453241,2,27.78,7.4,11
196117039#0,42434085,10165986960,3,27.78,7.11,11
196117039#1,10165986960,10168841855,3,27.78,63.98,11
196117039#2,10168841855,42444049,3,27.78,8.5,11
196117041#0,42447182,4970503549,2,11.18,12.1,11
196117041#1,4970503549,7779545016,2,11.18,66.07,11
196117041#2,7779545016,42447179,2,11.18,7.14,11
196117042#0,42429876,10168260241,3,11.18,8.08,11
196117042#1,10168260241,10166167607,3,11.18,63.15,11
196117042#2,10166167607,42445885,3,11.18,7.44,11
196117042#3,42445885,10166167606,3,11.18,8.12,11
196117042#4,10166167606,10167162556,3,11.18,63.31,11
196117042#5,10167162556,42445888,3,11.18,6.47,11
196117042#6,42445888,10167162557,3,11.18,7.93,11
196117042#7,10167162557,10166167624,3,11.18,64.2,11
196117042#8,10166167624,42436746,3,11.18,7.36,11
196117043#0,4207863943,9557086553,2,27.78,7.03,11
196117043#1,9557086553,4207863941,2,27.78,37.8,11
196117044#0,5838916777,7209676816,1,13.89,15.26,3
196117044#1,7209676816,42446733,1,13.89,72.97,3
196117044#2,42446733,42437218,1,13.89,78.88,3
196117044#3,42437218,7087041454,1,13.89,72.97,3
196117044#4,7087041454,42431210,1,13.89,6.81,3
196117045#0,42446825,5815643339,1,11.18,9.56,3
196117045#1,5815643339,5815643280,1,11.18,61.91,3
196117045#2,5815643280,42431629,1,11.18,8.73,3
196117051#0,42429888,10166167573,2,11.18,8.35,12
196117051#1,10166167573,10166167615,2,11.18,63.49,12
196117051#2,10166167615,42454522,2,11.18,6.72,12
196117051#3,42454522,10166167613,2,11.18,7.92,12
196117051#4,10166167613,10167162565,2,11.18,63.59,12
196117051#5,10167162565,42446266,2,11.18,6.77,12
196117051#6,42446266,10167162564,2,11.18,7.72,12
196117051#7,10167162564,10166167632,2,11.18,63.99,12
196117051#8,10166167632,42436748,2,11.18,7.72,12
196117053#0,42434264,1332843571,2,27.78,11.42,11
196117053#1,1332843571,42441955,2,27.78,77.97,11
196117053#2,42441955,42441956,2,27.78,78.94,11
196117053#3,42441956,42439216,2,27.78,80.0,11
196117053#4,42439216,42434343,2,27.78,80.33,11
196117054#0,42433035,2499757470,1,11.18,9.92,11
196117054#1,2499757470,7132814246,1,11.18,42.97,11
196117055,42433138,4215780092,2,11.18,16.48,11
196117056#0,7732243558,10171508883,1,11.18,52.9,11
196117056#1,10171508883,42432929,1,11.18,10.61,11
196117056#10,7594173332,10171865567,1,11.18,4.09,11
196117056#11,10171865567,42432933,1,11.18,4.56,11
196117056#2,42432929,10171508882,1,11.18,13.42,11
196117056#3,10171508882,10173362965,1,11.18,65.3,11
196117056#4,10173362965,42432931,1,11.18,6.81,11
196117056#5,42432931,10173362962,1,11.18,8.07,11
196117056#6,10173362962,10171865581,1,11.18,65.64,11
196117056#7,10171865581,42432932,1,11.18,7.59,11
196117056#8,42432932,10171865580,1,11.18,8.7,11
196117056#9,10171865580,7594173332,1,11.18,61.69,11
196117057#0,42427769,5403868129,1,27.78,6.57,11
196117057#1,5403868129,5403868134,1,27.78,65.75,11
196117057#2,5403868134,1762221470,1,27.78,7.96,11
196117057#3,1762221470,5403868135,1,27.78,5.65,11
196117057#4,5403868135,5403868140,1,27.78,66.16,11
196117057#5,5403868140,42433115,1,27.78,10.09,11
196117058,42432985,5475725289,1,11.18,52.68,11
196117059#0,42446825,5815643298,1,11.18,6.76,3
196117059#1,5815643298,5813259934,1,11.18,79.21,3
196117059#2,5813259934,246866830,1,11.18,5.86,3
196117060#0,42421741,10166004080,1,27.78,14.85,11
196117060#1,10166004080,4205830395,1,27.78,29.24,11
196117062,3099327952,42437177,1,11.18,14.24,10
196117063#0,1506591536,9520170419,1,13.89,9.01,3
196117063#1,9520170419,9518300228,1,13.89,67.57,3
196117063#2,9518300228,470209122,1,13.89,8.68,3
196117063#3,470209122,9518300230,1,13.89,10.82,3
196117063#4,9518300230,7785881426,1,13.89,66.65,3
196117063#5,7785881426,7620540917,1,13.89,9.6,3
196117064#0,1504153626,7004347452,1,13.89,12.8,3
196117064#1,7004347452,2340960702,1,13.89,214.32,3
196117065#0,42447336,10168029059,1,13.89,7.45,3
196117065#1,10168029059,10168029066,1,13.89,83.94,3
196117065#2,10168029066,42432917,1,13.89,13.65,3
196117066#0,42432917,7004398487,1,13.89,11.5,3
196117066#1,7004398487,10171098628,1,13.89,14.32,3
196117066#2,10171098628,42435794,1,13.89,10.63,3
196117067,561035343,42428863,2,27.78,26.7,12
196117069#0,42440376,9557110329,1,13.89,8.38,3
196117069#1,9557110329,6908683484,1,13.89,210.94,3
196117069#10,9557110443,10171324731,1,13.89,112.43,3
196117069#11,10171324731,42439599,1,13.89,7.65,3
196117069#12,42439599,10171324734,1,13.89,9.71,3
196117069#13,10171324734,7784459462,1,13.89,40.18,3
196117069#14,7784459462,42432957,1,13.89,12.67,3
196117069#2,6908683484,8758345319,1,13.89,29.9,3
196117069#3,8758345319,2141026505,1,13.89,9.94,3
196117069#4,2141026505,42439897,1,13.89,15.62,3
196117069#5,42439897,9150629551,1,13.89,10.07,3
196117069#6,9150629551,6823179316,1,13.89,79.55,3
196117069#7,6823179316,8008167304,1,13.89,165.65,3
196117069#8,8008167304,42435858,1,13.89,10.93,3
196117069#9,42435858,9557110443,1,13.89,12.83,3
196117070#0,42440056,8008242727,1,13.89,82.86,3
196117070#1,8008242727,42435869,1,13.89,12.45,3
196117070#2,42435869,8008242724,1,13.89,12.28,3
196117070#3,8008242724,9150629558,1,13.89,242.74,3
196117070#4,9150629558,42439922,1,13.89,11.39,3
196117071#0,42439924,9150629559,1,13.89,11.1,3
196117071#1,9150629559,7229615772,1,13.89,206.01,3
196117071#2,7229615772,8008242733,1,13.89,36.5,3
196117071#3,8008242733,42435873,1,13.89,12.68,3
196117071#4,42435873,8008242736,1,13.89,12.61,3
196117071#5,8008242736,42440059,1,13.89,82.63,3
196117073,5244228885,9907978323,1,11.18,157.76,3
196117074,9907978327,9907978333,1,11.18,178.23,3
196117075#0,4557517554,8262308693,1,11.18,6.18,11
196117075#1,8262308693,10820673908,1,11.18,134.89,11
196117075#2,10820673908,42454325,1,11.18,8.97,11
196117075#3,42454325,10820673906,1,11.18,7.96,11
196117075#4,10820673906,2671667947,1,11.18,51.82,11
196117075#5,2671667947,3874650225,1,11.18,45.13,11
196117075#6,3874650225,42454328,1,11.18,10.02,11
196117076#0,42432985,8668349552,2,27.78,91.55,12
196117076#1,8668349552,8668349549,2,27.78,13.38,12
196117076#2,8668349549,42442651,2,27.78,49.37,12
196117077#0,42439673,748726593,2,27.78,74.28,12
196117077#1,748726593,42432985,2,27.78,24.4,12
196117078,42428956,561035370,2,27.78,18.44,12
196117079#0,42433020,9569882296,1,13.89,10.82,3
196117079#1,9569882296,9566927290,1,13.89,162.12,3
196117079#10,8725219044,42441704,1,13.89,5.75,3
196117079#2,9566927290,561035378,1,13.89,12.23,3
196117079#3,561035378,42428967,1,13.89,18.75,3
196117079#4,42428967,9566927295,1,13.89,7.27,3
196117079#5,9566927295,9935939357,1,13.89,125.48,3
196117079#6,9935939357,42427126,1,13.89,9.81,3
196117079#7,42427126,9935939360,1,13.89,9.92,3
196117079#8,9935939360,7641990526,1,13.89,51.96,3
196117079#9,7641990526,8725219044,1,13.89,105.87,3
196117080,42433035,561035382,1,22.22,20.43,10
196117081#0,42455238,9566997265,1,22.22,10.49,10
196117081#1,9566997265,9566927266,1,22.22,87.06,10
196117081#2,9566927266,42433035,1,22.22,9.41,10
196117082#0,42455337,8740550844,1,13.89,9.16,3
196117082#1,8740550844,9566892703,1,13.89,117.87,3
196117082#2,9566892703,42442770,1,13.89,12.18,3
196117083#0,42428329,8785244293,2,27.78,11.59,12
196117083#1,8785244293,10082626070,2,27.78,73.83,12
196117083#2,10082626070,42435714,2,27.78,12.04,12
196117084#0,2698702581,6534229350,2,11.18,23.94,12
196117084#1,6534229350,10082710032,2,11.18,113.45,12
196117084#2,10082710032,42445037,2,11.18,12.77,12
196117085#0,42428579,5117972559,1,13.89,11.39,4
196117085#1,5117972559,5117972562,1,13.89,43.45,4
196117085#2,5117972562,42443313,1,13.89,12.95,4
196117086#0,42450071,10166326203,5,27.78,13.15,12
196117086#1,10166326203,10166326165,5,27.78,67.76,12
196117086#10,42435231,10166326153,5,27.78,6.0,12
196117086#11,10166326153,10127369880,5,27.78,0.9200000000000002,12
196117086#12,10127369880,42443821,5,27.78,70.75,12
196117086#13,42443821,10170762165,5,27.78,74.83,12
196117086#14,10170762165,42450080,5,27.78,6.28,12
196117086#15,42450080,10170762166,5,27.78,7.220000000000001,12
196117086#16,10170762166,10166326146,5,27.78,65.81,12
196117086#17,10166326146,42445196,5,27.78,6.33,12
196117086#18,42445196,10166326142,5,27.78,7.68,12
196117086#19,10166326142,10169411243,5,27.78,65.8,12
196117086#2,10166326165,42449840,5,27.78,6.37,12
196117086#20,10169411243,42450083,5,27.78,6.75,12
196117086#21,42450083,10169411239,5,27.78,8.1,12
196117086#22,10169411239,10169411229,5,27.78,64.96,12
196117086#23,10169411229,42438774,5,27.78,6.88,12
196117086#3,42449840,10166326169,5,27.78,6.610000000000001,12
196117086#4,10166326169,10166326157,5,27.78,66.55,12
196117086#5,10166326157,42439490,5,27.78,6.63,12
196117086#6,42439490,10166326161,5,27.78,7.49,12
196117086#7,10166326161,10166326149,5,27.78,64.99,12
196117086#8,10166326149,10127369881,5,27.78,0.65,12
196117086#9,10127369881,42435231,5,27.78,7.540000000000001,12
196117088#0,42450089,10166326191,3,11.18,7.22,3
196117088#1,10166326191,1332843459,3,11.18,35.3,3
196117089#0,42449985,5542680284,4,27.78,7.55,12
196117089#1,5542680284,5542680303,4,27.78,59.06,12
196117089#2,5542680303,5542680310,4,27.78,5.33,12
196117090#0,42430255,8429213017,1,11.18,8.43,11
196117090#1,8429213017,9507816952,1,11.18,66.23,11
196117090#10,9683231660,9683231676,1,11.18,60.18,11
196117090#11,9683231676,42430263,1,11.18,6.15,11
196117090#12,42430263,9683231675,1,11.18,7.57,11
196117090#13,9683231675,7781112284,1,11.18,60.66,11
196117090#14,7781112284,42427371,1,11.18,6.35,11
196117090#15,42427371,7781160460,1,11.18,7.6,11
196117090#16,7781160460,7781157868,1,11.18,59.8,11
196117090#17,7781157868,42430265,1,11.18,7.08,11
196117090#18,42430265,7781114578,1,11.18,8.0,11
196117090#19,7781114578,10171337665,1,11.18,63.57,11
196117090#2,9507816952,42430257,1,11.18,6.63,11
196117090#20,10171337665,42430269,1,11.18,6.53,11
196117090#21,42430269,10171337669,1,11.18,8.68,11
196117090#22,10171337669,10171337660,1,11.18,63.8,11
196117090#23,10171337660,42430271,1,11.18,13.52,11
196117090#3,42430257,9507816967,1,11.18,7.84,11
196117090#4,9507816967,9683231653,1,11.18,60.38,11
196117090#5,9683231653,42430259,1,11.18,6.2,11
196117090#6,42430259,9683231652,1,11.18,7.59,11
196117090#7,9683231652,9683231661,1,11.18,60.71,11
196117090#8,9683231661,42429659,1,11.18,6.32,11
196117090#9,42429659,9683231660,1,11.18,7.58,11
196117091#0,42439823,8310246341,3,11.18,10.59,11
196117091#1,8310246341,8310246326,3,11.18,70.11,11
196117091#2,8310246326,42429375,3,11.18,7.61,11
196117091#3,42429375,8310246327,3,11.18,6.7,11
196117091#4,8310246327,7956044490,3,11.18,50.46,11
196117092#0,42435714,10082664512,4,27.78,13.35,11
196117092#1,10082664512,4207815982,4,27.78,39.02,11
196802689#0,42438043,3718670420,1,13.89,13.45,3
196802689#1,3718670420,9796827005,1,13.89,248.4,3
196802689#2,9796827005,7106818627,1,13.89,12.24,3
196946879#0,42440083,9467158620,1,8.94,61.31,3
196946879#1,9467158620,42428130,1,8.94,6.39,3
196946881,42436305,42440083,1,8.94,119.7,3
19725512#0,4506716195,4528918666,2,22.22,12.09,7
19725512#1,4528918666,10606723133,2,22.22,42.2,7
19725512#2,10606723133,5161246296,2,22.22,5.54,7
19725512#3,5161246296,5161246301,2,22.22,18.1,7
19726066,370888099,205024443,3,17.88,955.2199999999999,14
19726366#0,1538237325,8279851797,1,11.18,67.44,11
19726366#1,8279851797,205025778,1,11.18,9.97,11
197294051#0,42435197,6836035786,1,13.89,18.22,3
197294051#1,6836035786,6836035790,1,13.89,272.33,3
197294051#2,6836035790,42432218,1,13.89,12.24,3
197294052#0,42442710,6836035777,1,22.22,14.76,10
197294052#1,6836035777,9566997263,1,22.22,117.27,10
197294052#2,9566997263,42455238,1,22.22,9.04,10
197294557#0,42433027,9569882316,1,22.22,14.44,10
197294557#1,9569882316,1762784089,1,22.22,116.04,10
197294557#2,1762784089,42437319,1,22.22,13.48,10
197469195#0,42436929,9561209102,1,8.94,73.8,3
197469195#1,9561209102,42454538,1,8.94,8.61,3
197469195#2,42454538,9561209105,1,8.94,10.47,3
197469195#3,9561209105,9561209101,1,8.94,97.98,3
197469195#4,9561209101,42432882,1,8.94,5.49,3
198595460#0,593300940,6747047550,2,11.18,5.79,11
198595460#1,6747047550,8907450705,2,11.18,18.1,11
198595461#0,42436527,4918486110,1,11.18,13.66,3
198595461#1,4918486110,8638499088,1,11.18,175.53,3
198595461#10,42436514,596775930,1,11.18,17.65,3
198595461#11,596775930,10125227967,1,11.18,10.2,3
198595461#12,10125227967,10171007674,1,11.18,125.31,3
198595461#13,10171007674,2792781451,1,11.18,0.83,3
198595461#14,2792781451,42436511,1,11.18,9.27,3
198595461#15,42436511,10171007676,1,11.18,10.95,3
198595461#16,10171007676,2792781462,1,11.18,0.91,3
198595461#17,2792781462,8254176967,1,11.18,56.27,3
198595461#18,8254176967,7797632752,1,11.18,76.49,3
198595461#19,7797632752,42436510,1,11.18,11.77,3
198595461#2,8638499088,10166509657,1,11.18,15.02,3
198595461#3,10166509657,42436519,1,11.18,12.43,3
198595461#4,42436519,10166509660,1,11.18,12.66,3
198595461#5,10166509660,10125147537,1,11.18,132.3,3
198595461#6,10125147537,42436516,1,11.18,10.12,3
198595461#7,42436516,10125147536,1,11.18,9.52,3
198595461#8,10125147536,10125227968,1,11.18,127.74,3
198595461#9,10125227968,42436514,1,11.18,10.54,3
198595470,371037237,371034152,2,27.78,190.84,13
198595507,42423579,371034158,2,11.18,54.34,13
198595548,1775176473,42424089,4,11.18,29.88,12
198595549#0,42436527,4918486113,6,11.18,7.04,12
198595549#1,4918486113,9496052478,6,11.18,41.59,12
198924551,42424089,5186208519,1,11.18,63.97,3
198924552#0,42445950,6188877023,2,11.18,10.93,11
198924552#1,6188877023,7788529728,2,11.18,125.64,11
198924552#2,7788529728,596775946,2,11.18,10.54,11
198924552#3,596775946,42448317,2,11.18,17.4,11
198924552#4,42448317,7788529732,2,11.18,10.87,11
198924552#5,7788529732,10125174405,2,11.18,127.18,11
198924552#6,10125174405,42447009,2,11.18,12.07,11
198924587#0,42445950,6188877008,4,11.18,9.31,11
198924587#1,6188877008,8918680640,4,11.18,43.76,11
198924625,2089938146,42423579,2,13.41,1203.9,13
198924626,2089938149,2089938145,2,13.41,1133.89,13
198924628,2089938148,2089938144,1,13.41,1134.14,11
198924630,276032821,3944770806,2,27.78,124.75,13
198924631,371037077,371034137,2,15.65,1133.75,13
198924632,371034141,276032821,2,13.41,1133.85,13
198924727#0,6176483595,3785585954,6,11.18,23.039999999999996,12
198924727#1,3785585954,1775176473,6,11.18,26.389999999999997,12
198924778#0,4347534783,4347535696,4,11.18,10.51,11
198924778#1,4347535696,8904527314,4,11.18,28.1,11
199124543#0,42437050,3718670418,1,11.18,14.58,3
199124543#1,3718670418,7123525296,1,11.18,248.88,3
199124543#2,7123525296,42431447,1,11.18,12.22,3
199124544#0,42437052,8699249542,1,11.18,11.41,3
199124544#1,8699249542,9916159530,1,11.18,249.53,3
199124544#2,9916159530,42437050,1,11.18,10.44,3
199927849#0,42440401,3783146164,2,11.18,9.5,12
199927849#1,3783146164,4202899499,2,11.18,39.77,12
199927850#0,1919595921,3783146180,2,11.18,8.04,12
199927850#1,3783146180,9181587106,2,11.18,47.83,12
202360047#0,6336676027,7925258842,5,11.18,3.94,12
202360047#1,7925258842,7495360334,5,11.18,40.69,12
202360048#0,42436627,6191027366,4,11.18,8.86,12
202360048#1,6191027366,2947964861,4,11.18,61.9,12
202360048#2,2947964861,42434912,4,11.18,9.6,12
202360048#3,42434912,2947964844,4,11.18,5.49,12
202360048#4,2947964844,5475082074,4,11.18,51.66,12
204082722#0,42442671,9935939387,1,13.89,14.51,3
204082722#1,9935939387,6895256408,1,13.89,76.46,3
204082722#10,9935939352,42441695,1,13.89,6.38,3
204082722#2,6895256408,9935939408,1,13.89,165.86,3
204082722#3,9935939408,561035376,1,13.89,13.34,3
204082722#4,561035376,42428965,1,13.89,18.33,3
204082722#5,42428965,9935939413,1,13.89,7.91,3
204082722#6,9935939413,9935939364,1,13.89,89.53,3
204082722#7,9935939364,42427115,1,13.89,8.95,3
204082722#8,42427115,9935939367,1,13.89,10.67,3
204082722#9,9935939367,9935939352,1,13.89,210.26,3
204082723#0,42433011,9935939403,1,13.89,21.2,3
204082723#1,9935939403,2075600884,1,13.89,2.11,3
204082743#0,42432999,42446919,1,13.89,77.76,3
204082743#1,42446919,42439718,1,13.89,72.17,3
204082744#0,42442664,9935939404,1,27.78,10.45,11
204082744#1,9935939404,42432999,1,27.78,47.18,11
204083298,589927921,2140994071,1,22.22,22.87,7
204083299,2140994070,371337241,2,27.78,15.9,12
204083300,589927921,373769330,2,27.78,16.31,12
204083301#0,42449139,8008242792,1,13.89,140.76,3
204083301#1,8008242792,42435894,1,13.89,12.12,3
204083301#2,42435894,8008242795,1,13.89,12.51,3
204083301#3,8008242795,42440075,1,13.89,84.22,3
204083302#0,2140994071,2140997996,1,22.22,18.1,7
204083302#1,2140997996,2140997998,1,22.22,13.67,7
204083741,2140997998,2140994070,1,22.22,7.93,7
204083742,2140997998,42434935,2,27.78,15.08,12
204084138#0,42435885,8008242774,1,13.89,13.12,3
204084138#1,8008242774,42440069,1,13.89,82.22,3
204084139#0,9150629570,42439929,1,13.89,15.22,3
204084139#1,42439929,8757847595,1,13.89,10.55,3
204084139#2,8757847595,42449127,1,13.89,187.17,3
204084140#0,42449127,8008242777,1,22.22,56.25,10
204084140#1,8008242777,42435885,1,22.22,11.79,10
204085724#0,2141026506,10171493830,3,11.18,13.19,12
204085724#1,10171493830,4207716483,3,11.18,28.75,12
204085725#0,2141026518,9557088474,2,11.18,11.71,12
204085725#1,9557088474,9557088491,2,11.18,66.78,12
204085725#2,9557088491,2141026521,2,11.18,6.37,12
204085725#3,2141026521,9557088495,2,11.18,7.97,12
204085725#4,9557088495,4205440423,2,11.18,27.17,12
204085726#0,2141026551,8319433975,2,11.18,7.57,12
204085726#1,8319433975,10171603032,2,11.18,65.37,12
204085726#2,10171603032,2141026534,2,11.18,6.58,12
204085727#0,2141002593,5916527827,1,22.22,7.42,10
204085727#1,5916527827,2141002590,1,22.22,13.86,10
204085729#0,2141026509,10177607147,2,11.18,7.08,12
204085729#1,10177607147,10177607150,2,11.18,66.05,12
204085729#2,10177607150,2141026522,2,11.18,5.74,12
204085730#0,2141026544,10170606885,2,11.18,7.7,12
204085730#1,10170606885,10170606858,2,11.18,65.98,12
204085730#2,10170606858,2141026523,2,11.18,6.21,12
204085730#3,2141026523,10170606862,2,11.18,7.36,12
204085730#4,10170606862,9684753438,2,11.18,6.79,12
204085877#0,2141026516,9150629568,1,22.22,33.96,10
204085877#1,9150629568,2141002593,1,22.22,6.79,10
207542284,427840984,427840979,2,39.44,86.01,14
209462186#0,42431024,8727756086,1,13.89,12.16,3
209462186#1,8727756086,10039664852,1,13.89,97.76,3
209462186#2,10039664852,42441587,1,13.89,9.1,3
209462187#0,42428657,8709392114,1,13.89,10.49,3
209462187#1,8709392114,8727756082,1,13.89,84.41,3
209462187#2,8727756082,42431024,1,13.89,12.38,3
216959248#0,42436396,8307642008,1,8.94,9.39,3
216959248#1,8307642008,8307642022,1,8.94,132.49,3
216959248#2,8307642022,42431804,1,8.94,6.17,3
216959250#0,42431804,8307642019,1,8.94,5.54,3
216959250#1,8307642019,8307642099,1,8.94,126.95,3
216959250#2,8307642099,42457728,1,8.94,5.83,3
216959250#3,42457728,8307642096,1,8.94,5.72,3
216959250#4,8307642096,8307642092,1,8.94,30.46,3
216959250#5,8307642092,42430811,1,8.94,14.07,3
220536846#0,2059304029,2059304032,3,11.18,36.18,11
220536846#1,2059304032,7106818626,3,11.18,14.089999999999998,11
220544055,6946139598,1946814074,2,11.18,34.81,11
221157083#0,42436586,4115878742,5,11.18,8.41,12
221157083#1,4115878742,4115878744,5,11.18,62.23,12
221674460,2703104396,2307164599,1,11.18,27.65,4
221674464#0,2307164599,10170593069,1,11.18,218.42,4
221674464#1,10170593069,42434810,1,11.18,13.09,4
221687788#0,42437109,3314293709,1,11.18,7.62,3
221687788#1,3314293709,8307642281,1,11.18,58.16,3
221687788#2,8307642281,42429646,1,11.18,5.81,3
221687789#0,42437108,2349482103,1,11.18,10.26,3
221687789#1,2349482103,42437109,1,11.18,11.29,3
221687790#0,486868830,5854381568,2,11.18,11.32,12
221687790#1,5854381568,8983103712,2,11.18,46.89,12
221687792#0,42437108,3314293714,2,11.18,7.47,12
221687792#1,3314293714,5854381570,2,11.18,124.92,12
221687792#2,5854381570,42432060,2,11.18,5.73,12
221687792#3,42432060,5854381562,2,11.18,6.18,12
221687792#4,5854381562,11148406716,2,11.18,37.07,12
221687794#0,42437109,3314293711,1,11.18,5.66,12
221687794#1,3314293711,8270279220,1,11.18,90.14,12
221687794#2,8270279220,10606730535,1,11.18,30.24,12
221687794#3,10606730535,5296792744,1,11.18,4.86,12
222299238#0,42453952,8279851460,1,11.18,15.91,11
222299238#1,8279851460,8262936473,1,11.18,109.22,11
222299238#2,8262936473,42454401,1,11.18,10.09,11
222299240#0,588593611,3767711212,3,13.410000000000002,11.56,13
222299240#1,3767711212,8821317920,3,13.410000000000002,32.31,13
222299240#2,8821317920,246909454,3,13.410000000000002,24.149999999999995,13
222299242#0,1773060099,8827539960,3,11.18,36.94,12
222299242#1,8827539960,11153640060,3,11.18,3.44,12
222299242#2,11153640060,1773055865,3,11.18,15.6,12
222299248#0,42442898,7640856872,5,11.18,7.42,12
222299248#1,7640856872,7640871333,5,11.18,63.90999999999999,12
222299248#2,7640871333,42442895,5,11.18,6.970000000000001,12
222299248#3,42442895,7640871301,5,11.18,6.92,12
222299248#4,7640871301,4207683798,5,11.18,28.880000000000003,12
222299254#0,42429562,8279851483,4,11.18,6.91,11
222299254#1,8279851483,8279851437,4,11.18,58.0,11
222299254#2,8279851437,42449597,4,11.18,8.04,11
222299258#0,42436754,7640871294,1,11.18,12.44,3
222299258#1,7640871294,9165725162,1,11.18,50.24,3
222299258#2,9165725162,9510729384,1,11.18,114.91,3
222299272#0,42429562,8279851485,1,11.18,10.67,11
222299272#1,8279851485,8279851477,1,11.18,106.86,11
222299272#2,8279851477,42429563,1,11.18,8.93,11
222299273#0,246858435,5815248550,3,13.410000000000002,12.19,13
222299273#1,5815248550,3594896445,3,13.410000000000002,14.33,13
222299274#0,42449613,4872879375,4,13.41,9.95,13
222299274#1,4872879375,5813259938,4,13.41,59.84,13
222299274#2,5813259938,42431626,4,13.41,10.61,13
222299275#0,42428391,8262936593,2,11.18,9.19,11
222299275#1,8262936593,8262936604,2,11.18,50.01,11
222299275#2,8262936604,42428385,2,11.18,6.95,11
222299276#0,42436756,8119192796,4,11.18,7.49,12
222299276#1,8119192796,6716668055,4,11.18,62.44,12
222299276#2,6716668055,42445417,4,11.18,9.64,12
222299276#3,42445417,6716668054,4,11.18,10.27,12
222299276#4,6716668054,3839412209,4,11.18,102.58,12
222299276#5,3839412209,10593550845,4,11.18,64.21,12
222299277#0,42453952,8279851458,4,11.18,8.11,11
222299277#1,8279851458,10689662209,4,11.18,43.98,11
223486853#0,42444069,9550791860,1,22.22,9.79,10
223486853#1,9550791860,9550791805,1,22.22,71.11,10
223486853#2,9550791805,42428090,1,22.22,7.23,10
223486853#3,42428090,9550791806,1,22.22,6.39,10
223486853#4,9550791806,9550791790,1,22.22,64.83,10
223486853#5,9550791790,42449637,1,22.22,8.18,10
223486854#0,42449637,9550791791,1,11.18,10.32,11
223486854#1,9550791791,9550791772,1,11.18,82.35,11
223486854#2,9550791772,42429023,1,11.18,13.68,11
223486855#0,4215760966,9550791822,1,8.94,46.16,12
223486855#1,9550791822,42444081,1,8.94,5.55,12
223486855#2,42444081,9550791824,1,8.94,9.2,12
223486855#3,9550791824,42430951,1,8.94,54.05,12
223486855#4,42430951,9563821078,1,8.94,73.08,12
223486855#5,9563821078,42427190,1,8.94,9.75,12
223486856#0,60926076,9566938927,1,8.94,9.07,11
223486856#1,9566938927,7485731543,1,8.94,27.06,11
223486856#2,7485731543,9563821106,1,8.94,37.09,11
223486856#3,9563821106,42427185,1,8.94,5.85,11
223486857#0,42444069,9550791859,1,22.22,10.67,10
223486857#1,9550791859,9550791868,1,22.22,56.94,10
223486857#10,9563795509,9563795522,1,22.22,59.79,10
223486857#11,9563795522,42449644,1,22.22,8.58,10
223486857#12,42449644,9563795521,1,22.22,9.81,10
223486857#13,9563795521,9563795404,1,22.22,70.28,10
223486857#14,9563795404,42445680,1,22.22,6.89,10
223486857#15,42445680,9563795403,1,22.22,8.13,10
223486857#16,9563795403,8740550853,1,22.22,69.4,10
223486857#17,8740550853,42436293,1,22.22,9.19,10
223486857#18,42436293,8740550856,1,22.22,9.26,10
223486857#19,8740550856,8740550862,1,22.22,63.14,10
223486857#2,9550791868,42449639,1,22.22,5.66,10
223486857#20,8740550862,42449653,1,22.22,6.49,10
223486857#21,42449653,8740550860,1,22.22,7.63,10
223486857#22,8740550860,8740550741,1,22.22,64.98,10
223486857#23,8740550741,42449654,1,22.22,6.79,10
223486857#24,42449654,8740550746,1,22.22,7.4,10
223486857#25,8740550746,9563795473,1,22.22,61.22,10
223486857#26,9563795473,42449656,1,22.22,7.07,10
223486857#27,42449656,9563795472,1,22.22,9.47,10
223486857#28,9563795472,42437944,1,22.22,73.26,10
223486857#29,42437944,42427773,1,22.22,83.99,10
223486857#3,42449639,9550791867,1,22.22,7.71,10
223486857#30,42427773,5403868125,1,22.22,100.71,10
223486857#31,5403868125,42433138,1,22.22,12.68,10
223486857#4,9550791867,9550791876,1,22.22,61.22,10
223486857#5,9550791876,42438199,1,22.22,7.94,10
223486857#6,42438199,9550791875,1,22.22,11.2,10
223486857#7,9550791875,9563795510,1,22.22,57.55,10
223486857#8,9563795510,42449641,1,22.22,7.31,10
223486857#9,42449641,9563795509,1,22.22,7.72,10
223486858#0,42429029,9550791839,2,27.78,10.48,12
223486858#1,9550791839,9550791844,2,27.78,55.6,12
223486858#10,9563795513,9563795528,2,27.78,60.64,12
223486858#11,9563795528,42429058,2,27.78,10.72,12
223486858#12,42429058,9563795527,2,27.78,7.82,12
223486858#13,9563795527,5549743258,2,27.78,12.19,12
223486858#14,5549743258,9563795531,2,27.78,29.5,12
223486858#15,9563795531,42429072,2,27.78,7.2,12
223486858#16,42429072,9563795532,2,27.78,7.39,12
223486858#17,9563795532,10151452108,2,27.78,9.91,12
223486858#18,10151452108,10151452111,2,27.78,17.45,12
223486858#19,10151452111,10151452100,2,27.78,18.09,12
223486858#2,9550791844,42429032,2,27.78,6.41,12
223486858#20,10151452100,9563795476,2,27.78,54.19,12
223486858#21,9563795476,42429083,2,27.78,7.91,12
223486858#22,42429083,9563795477,2,27.78,10.37,12
223486858#23,9563795477,9563795380,2,27.78,117.34,12
223486858#24,9563795380,42429094,2,27.78,7.14,12
223486858#25,42429094,6882325985,2,27.78,7.48,12
223486858#26,6882325985,7588472450,2,27.78,89.06,12
223486858#27,7588472450,42429100,2,27.78,41.35,12
223486858#28,42429100,6882325996,2,27.78,17.07,12
223486858#29,6882325996,42429104,2,27.78,8.99,12
223486858#3,42429032,5549743266,2,27.78,43.26,12
223486858#30,42429104,6882325995,2,27.78,8.78,12
223486858#31,6882325995,7395403290,2,27.78,117.98,12
223486858#32,7395403290,42427780,2,27.78,7.62,12
223486858#33,42427780,7395403287,2,27.78,7.71,12
223486858#34,7395403287,7050793930,2,27.78,36.94,12
223486858#35,7050793930,42429109,2,27.78,6.72,12
223486858#36,42429109,7050770279,2,27.78,7.22,12
223486858#37,7050770279,7740582994,2,27.78,30.13,12
223486858#38,7740582994,8904913030,2,27.78,57.75,12
223486858#4,5549743266,9563795507,2,27.78,27.02,12
223486858#5,9563795507,42429035,2,27.78,8.48,12
223486858#6,42429035,9563795506,2,27.78,10.68,12
223486858#7,9563795506,9563795514,2,27.78,57.24,12
223486858#8,9563795514,42429044,2,27.78,8.09,12
223486858#9,42429044,9563795513,2,27.78,8.64,12
223503123#0,561035374,9935939373,2,27.78,8.41,12
223503123#1,9935939373,5708485235,2,27.78,66.1,12
223503123#10,9935939415,9566927292,2,27.78,65.21,12
223503123#11,9566927292,561035378,2,27.78,5.87,12
223503123#12,561035378,9566927291,2,27.78,8.65,12
223503123#13,9566927291,9935939393,2,27.78,65.16,12
223503123#14,9935939393,561035379,2,27.78,7.01,12
223503123#15,561035379,9935939392,2,27.78,8.4,12
223503123#16,9935939392,9056018066,2,27.78,22.89,12
223503123#2,5708485235,561035375,2,27.78,5.82,12
223503123#3,561035375,9566927298,2,27.78,7.62,12
223503123#4,9566927298,9935939410,2,27.78,62.74,12
223503123#5,9935939410,561035376,2,27.78,8.41,12
223503123#6,561035376,9935939409,2,27.78,7.56,12
223503123#7,9935939409,9935939416,2,27.78,64.36,12
223503123#8,9935939416,561035377,2,27.78,8.29,12
223503123#9,561035377,9935939415,2,27.78,7.12,12
223503125#0,42428958,9703359674,3,27.78,6.56,12
223503125#1,9703359674,9703359689,3,27.78,66.53,12
223503125#2,9703359689,42428956,3,27.78,12.63,12
223503126#0,587934268,9935939401,1,27.78,95.45,11
223503126#1,9935939401,2512378850,1,27.78,16.93,11
223503127#0,42428931,9703359670,2,27.78,13.07,12
223503127#1,9703359670,42428928,2,27.78,73.61,12
223503127#2,42428928,2922071090,2,27.78,70.0,12
223503127#3,2922071090,42428926,2,27.78,8.24,12
223503127#4,42428926,2922071088,2,27.78,6.97,12
223503127#5,2922071088,10743657297,2,27.78,63.95,12
223503127#6,10743657297,42428922,2,27.78,7.66,12
223503128#0,561035370,9703359690,3,27.78,13.24,12
223503128#1,9703359690,9463603355,3,27.78,14.1,12
223503128#2,9463603355,9680957587,3,27.78,52.19,12
223503128#3,9680957587,561035371,3,27.78,6.080000000000001,12
223508325#0,42428973,9566927285,1,27.78,7.69,11
223508325#1,9566927285,6840573381,1,27.78,130.89,11
223508325#2,6840573381,6840573384,1,27.78,28.0,11
223508325#3,6840573384,9566927273,1,27.78,7.55,11
223508325#4,9566927273,42427133,1,27.78,10.46,11
223508330#0,9263230750,9935939411,2,27.78,40.83,12
223508330#1,9935939411,42428965,2,27.78,7.78,12
223508330#2,42428965,9935939412,2,27.78,8.19,12
223508330#3,9935939412,9566927299,2,27.78,63.02,12
223508330#4,9566927299,42428964,2,27.78,7.58,12
223694351#0,42424773,11149329202,5,22.22,33.12,9
223694351#1,11149329202,42424789,5,22.22,8.85,9
223694352,42423844,42423847,1,22.22,21.85,9
223874078#0,42449634,9550791749,2,11.18,9.12,11
223874078#1,9550791749,5403873772,2,11.18,97.01,11
223874078#2,5403873772,42433062,2,11.18,12.39,11
223874078#3,42433062,5403873773,2,11.18,12.53,11
223874078#4,5403873773,8723021918,2,11.18,111.84,11
223874078#5,8723021918,42452147,2,11.18,10.55,11
223874078#6,42452147,8723021916,2,11.18,9.0,11
223874078#7,8723021916,9550751259,2,11.18,117.7,11
223874078#8,9550751259,42423116,2,11.18,14.1,11
223874079,42449634,595473185,1,22.22,9.48,10
223879808#0,42429222,9561420822,2,27.78,10.91,12
223879808#1,9561420822,10127304318,2,27.78,48.93,12
223879811#0,4830733459,9561420931,2,27.78,70.97,11
223879811#1,9561420931,42427870,2,27.78,10.46,11
223879812#0,42429226,9561229750,1,8.94,12.33,10
223879812#1,9561229750,42453354,1,8.94,96.56,10
223879813#0,42429226,9561229748,2,27.78,9.99,12
223879813#1,9561229748,5071822871,2,27.78,12.98,12
223879815#0,42427873,9561229761,1,27.78,8.5,11
223879815#1,9561229761,6477406867,1,27.78,24.22,11
223889612#0,595314028,10049953222,1,13.89,7.78,3
223889612#1,10049953222,10049860704,1,13.89,47.89,3
223889612#2,10049860704,42425088,1,13.89,8.1,3
223889616#0,595314028,10049926006,2,27.78,5.42,12
223889616#1,10049926006,10049926002,2,27.78,70.87,12
223889616#2,10049926002,42424703,2,27.78,5.91,12
223902542#0,42437925,9561229754,1,22.22,9.01,10
223902542#1,9561229754,9561229772,1,22.22,58.87,10
223902542#2,9561229772,42437926,1,22.22,7.84,10
223902543#0,42429226,9561229749,1,22.22,12.58,10
223902543#1,9561229749,9561229757,1,22.22,81.11,10
223902543#2,9561229757,42437925,1,22.22,10.47,10
223902543#3,42437925,9561229755,1,22.22,8.57,10
223902543#4,9561229755,9561229763,1,22.22,96.68,10
223902543#5,9561229763,42427873,1,22.22,13.41,10
223902549#0,42431242,9561420934,1,22.22,10.37,10
223902549#1,9561420934,9561229756,1,22.22,110.87,10
223902549#2,9561229756,42437925,1,22.22,9.69,10
223902550#0,4207641227,9561420909,2,27.78,73.11,12
223902550#1,9561420909,42431252,2,27.78,10.72,12
223902550#2,42431252,9561420907,2,27.78,8.23,12
223902550#3,9561420907,9561420904,2,27.78,31.84,12
223902550#4,9561420904,42431257,2,27.78,12.54,12
224065672#0,42439598,10171324736,1,13.89,9.37,3
224065672#1,10171324736,7784459449,1,13.89,13.72,3
224065672#2,7784459449,42432955,1,13.89,12.55,3
224065673#0,42439588,7784459434,1,11.18,12.24,11
224065673#1,7784459434,4205440411,1,11.18,24.38,11
224065674#0,4205440417,4081385769,1,11.18,45.01,11
224065674#1,4081385769,42432957,1,11.18,6.14,11
224065674#2,42432957,7784459463,1,11.18,7.72,11
224065674#3,7784459463,7784459421,1,11.18,63.66,11
224065674#4,7784459421,42432960,1,11.18,8.67,11
224065676#0,42439598,10171324742,1,22.22,7.84,10
224065676#1,10171324742,10166154761,1,22.22,65.41,10
224065676#10,10166154778,10166154730,1,22.22,64.31,10
224065676#11,10166154730,42439601,1,22.22,7.27,10
224065676#2,10166154761,42435981,1,22.22,6.26,10
224065676#3,42435981,10166154763,1,22.22,7.55,10
224065676#4,10166154763,10171324733,1,22.22,64.31,10
224065676#5,10171324733,42439599,1,22.22,7.22,10
224065676#6,42439599,10171324729,1,22.22,7.64,10
224065676#7,10171324729,10166154782,1,22.22,65.46,10
224065676#8,10166154782,42433789,1,22.22,6.27,10
224065676#9,42433789,10166154778,1,22.22,7.82,10
226007046#0,42442664,9935939405,2,27.78,7.37,11
226007046#1,9935939405,9935939390,2,27.78,65.33,11
226007046#2,9935939390,42442671,2,27.78,9.13,11
226007046#3,42442671,9935939388,2,27.78,8.43,11
226007046#4,9935939388,4378236636,2,27.78,43.0,11
226007046#5,4378236636,42433014,2,27.78,7.82,11
226007048#0,42427206,9484666551,1,8.94,7.11,11
226007048#1,9484666551,8718862727,1,8.94,182.97,11
226007048#2,8718862727,42427212,1,8.94,7.51,11
226007049#0,42427136,9566927314,1,27.78,8.43,11
226007049#1,9566927314,9566927274,1,27.78,208.11,11
226007049#2,9566927274,42427133,1,27.78,10.86,11
226007050#0,42427212,8718862726,1,8.94,7.7,11
226007050#1,8718862726,8929221220,1,8.94,233.29,11
226007050#2,8929221220,42427216,1,8.94,8.0,11
226007051#0,42427190,9563821080,1,8.94,10.11,11
226007051#1,9563821080,9563795434,1,8.94,124.18,11
226007051#2,9563795434,42427196,1,8.94,6.6,11
226007051#3,42427196,9426376313,1,8.94,7.62,11
226007051#4,9426376313,765251416,1,8.94,80.49,11
226007051#5,765251416,9426376315,1,8.94,47.35,11
226007051#6,9426376315,42427206,1,8.94,7.28,11
226007052#0,42427152,7604384350,1,11.18,7.1,11
226007052#1,7604384350,7604384364,1,11.18,64.39,11
226007052#2,7604384364,42427150,1,11.18,7.63,11
226007052#3,42427150,7604384362,1,11.18,7.6,11
226007052#4,7604384362,7604384375,1,11.18,61.55,11
226007052#5,7604384375,42427146,1,11.18,8.17,11
226007066,42434670,42434611,1,13.89,95.41,4
226007067#0,42434611,1209796168,1,13.89,130.67,4
226007067#1,1209796168,42434559,1,13.89,102.83,4
226007071#0,42433020,9569882294,1,27.78,9.14,11
226007071#1,9569882294,42433017,1,27.78,88.59,11
226007071#2,42433017,4378236644,1,27.78,25.18,11
226007071#3,4378236644,42433014,1,27.78,11.98,11
226007074#0,587934139,7693632085,1,13.89,155.51,3
226007074#1,7693632085,595352907,1,13.89,80.08,3
226007078#0,42455493,9561566534,2,27.78,12.68,12
226007078#1,9561566534,42446797,2,27.78,61.48,12
226007079#0,42431257,9563662424,2,27.78,16.15,12
226007079#1,9563662424,9561566543,2,27.78,61.51,12
226007079#2,9561566543,42440494,2,27.78,7.17,12
226007080#0,42424235,9557110400,1,27.78,7.51,11
226007080#1,9557110400,589927996,1,27.78,59.6,11
226007081#0,42429530,10168169645,2,27.78,9.74,11
226007081#1,10168169645,10168169628,2,27.78,64.23,11
226007081#10,10171956603,9694730883,2,27.78,64.54,11
226007081#11,9694730883,42448979,2,27.78,7.4,11
226007081#12,42448979,9694730884,2,27.78,6.88,11
226007081#13,9694730884,10173043169,2,27.78,64.35,11
226007081#14,10173043169,42436724,2,27.78,8.46,11
226007081#15,42436724,3846051361,2,27.78,6.82,11
226007081#16,3846051361,10171956569,2,27.78,63.47,11
226007081#17,10171956569,42434117,2,27.78,8.85,11
226007081#18,42434117,10171956570,2,27.78,7.32,11
226007081#19,10171956570,5266458354,2,27.78,65.78,11
226007081#2,10168169628,42438235,2,27.78,7.99,11
226007081#20,5266458354,42444452,2,27.78,12.41,11
226007081#3,42438235,7004451713,2,27.78,6.53,11
226007081#4,7004451713,10168169611,2,27.78,64.64,11
226007081#5,10168169611,42448141,2,27.78,7.45,11
226007081#6,42448141,10168169612,2,27.78,6.31,11
226007081#7,10168169612,10171956604,2,27.78,65.68,11
226007081#8,10171956604,42438984,2,27.78,7.24,11
226007081#9,42438984,10171956603,2,27.78,7.11,11
226015228#0,42443332,9897874392,3,11.18,6.580000000000001,12
226015228#1,9897874392,9902312971,3,11.18,65.32,12
226015228#2,9902312971,42443329,3,11.18,8.02,12
226015229#0,42436985,7792793733,4,11.18,6.31,12
226015229#1,7792793733,3875114027,4,11.18,66.08,12
226015229#2,3875114027,42443366,4,11.18,8.01,12
226015229#3,42443366,7801775762,4,11.18,7.09,12
226015229#4,7801775762,4215936664,4,11.18,52.34,12
226015233#0,42435230,9178793214,1,13.89,8.96,3
226015233#1,9178793214,5481978540,1,13.89,91.92,3
226015233#2,5481978540,10127369883,1,13.89,36.46,3
226015233#3,10127369883,42435222,1,13.89,5.73,3
226015234#0,42435222,596776624,1,13.89,24.85,3
226015234#1,596776624,9178793216,1,13.89,7.07,3
226015234#2,9178793216,7620520368,1,13.89,30.14,3
226015234#3,7620520368,9178805717,1,13.89,95.85,3
226015234#4,9178805717,42435211,1,13.89,12.05,3
226015234#5,42435211,10127369889,1,13.89,12.22,3
226015234#6,10127369889,10127369894,1,13.89,132.28,3
226015234#7,10127369894,42435207,1,13.89,12.1,3
226015238,42436551,6166999548,1,11.18,12.12,3
226015259#0,42443826,7925258531,1,11.18,9.33,3
226015259#1,7925258531,7925258516,1,11.18,65.26,3
226015259#2,7925258516,42435240,1,11.18,7.12,3
226015266#0,2348688907,5482216785,5,11.18,8.55,12
226015266#1,5482216785,6162473810,5,11.18,34.74,12
226015266#2,6162473810,4779073679,5,11.18,16.99,12
226015267#0,42443061,5327918974,4,11.18,5.63,12
226015267#1,5327918974,6181709412,4,11.18,65.96,12
226015267#2,6181709412,42443058,4,11.18,8.96,12
226015267#3,42443058,6181708466,4,11.18,8.04,12
226015267#4,6181708466,5482216744,4,11.18,35.57,12
226015267#5,5482216744,6245242748,4,11.18,29.29,12
226015267#6,6245242748,5631043586,4,11.18,8.72,12
226015267#7,5631043586,5475082076,4,11.18,35.43,12
226040985#0,246866828,5204194239,1,11.18,6.47,3
226040985#1,5204194239,42431629,1,11.18,57.13,3
226040986#0,4215665528,4872753345,1,11.18,43.18,11
226040986#1,4872753345,42431626,1,11.18,12.49,11
226040987#0,2348991669,7499128088,1,11.18,85.15,3
226040987#1,7499128088,6411124184,1,11.18,56.45,3
226040987#2,6411124184,7476469426,1,11.18,8.49,3
226040991#0,1692450029,10165972527,1,11.18,12.01,3
226040991#1,10165972527,4132605214,1,11.18,190.78,3
226040991#2,4132605214,390519635,1,11.18,13.79,3
226040992#0,42436746,10166167625,1,11.18,9.69,3
226040992#1,10166167625,9566279635,1,11.18,104.83,3
226040993#0,42436753,10166076726,1,11.18,13.37,3
226040993#1,10166076726,4234425011,1,11.18,0.75,3
226040993#2,4234425011,3832902959,1,11.18,7.6,3
226040993#3,3832902959,3832902958,1,11.18,26.94,3
226040993#4,3832902958,8815548638,1,11.18,48.53,3
226040993#5,8815548638,4234425021,1,11.18,46.98,3
226040993#6,4234425021,42436751,1,11.18,9.79,3
226040994#0,42445417,7761301149,1,11.18,13.1,3
226040994#1,7761301149,5726416552,1,11.18,136.91,3
226040994#2,5726416552,5131059174,1,11.18,52.26,3
226040994#3,5131059174,4274141356,1,11.18,10.68,3
226040995#0,42445413,4234425014,1,11.18,13.65,10
226040995#1,4234425014,9549750338,1,11.18,142.44,10
226040996#0,42445404,10168210223,1,11.18,9.66,10
226040996#1,10168210223,8119462447,1,11.18,133.2,10
226040996#2,8119462447,4597668033,1,11.18,8.02,10
226040996#3,4597668033,42445409,1,11.18,11.41,10
226040997#0,42442902,3817760031,3,11.18,13.97,11
226040997#1,3817760031,1293174689,3,11.18,23.320000000000004,11
226040997#2,1293174689,7206738484,3,11.18,142.19,11
226040997#3,7206738484,7206766286,3,11.18,37.06,11
226040997#4,7206766286,42445417,3,11.18,13.479999999999999,11
226040998#0,42445409,8119507321,1,11.18,8.85,10
226040998#1,8119507321,8133342838,1,11.18,132.7,10
226040998#2,8133342838,8482948064,1,11.18,10.79,10
226040998#3,8482948064,8133342862,1,11.18,10.45,10
226040998#4,8133342862,4234425032,1,11.18,131.38,10
226040998#5,4234425032,42445413,1,11.18,12.74,10
226040999#0,42445661,9147322864,2,13.89,13.29,3
226040999#1,9147322864,9076023712,2,13.89,23.62,3
226040999#2,9076023712,10170983193,2,13.89,107.67,3
226040999#3,10170983193,42445656,2,13.89,8.9,3
226041000#0,42442933,9147322860,1,11.18,13.8,3
226041000#1,9147322860,5240026597,1,11.18,24.53,3
226041000#2,5240026597,5240026599,1,11.18,13.73,3
226041000#3,5240026599,10862013364,1,11.18,16.13,3
226041001#0,42445651,3997454667,1,13.89,9.4,3
226041001#1,3997454667,10703807885,1,13.89,95.94,3
226041002,561042199,42453005,1,13.89,7.89,3
226041003#0,42442935,3997454657,1,11.18,15.16,3
226041003#1,3997454657,5129051729,1,11.18,56.58,3
226041003#2,5129051729,10170589927,1,11.18,4.25,3
226041003#3,10170589927,42453008,1,11.18,7.42,3
226041003#4,42453008,10170589925,1,11.18,7.44,3
226041003#5,10170589925,3569749102,1,11.18,123.02,3
226041003#6,3569749102,42453011,1,11.18,15.07,3
226041004#0,42445914,3997454670,1,13.89,10.31,3
226041004#1,3997454670,10171951884,1,13.89,128.48,3
226041004#2,10171951884,561042198,1,13.89,7.95,3
226041005#0,42446949,10168825905,1,11.18,8.79,3
226041005#1,10168825905,1731564121,1,11.18,93.36,3
226041005#10,5333821403,5266157319,1,11.18,34.02,3
226041005#11,5266157319,3997454659,1,11.18,30.43,3
226041005#12,3997454659,42442935,1,11.18,13.73,3
226041005#2,1731564121,10125260550,1,11.18,38.32,3
226041005#3,10125260550,42449942,1,11.18,12.76,3
226041005#4,42449942,9987259772,1,11.18,13.24,3
226041005#5,9987259772,9987259773,1,11.18,63.83,3
226041005#6,9987259773,42453007,1,11.18,9.0,3
226041005#7,42453007,9987259774,1,11.18,8.86,3
226041005#8,9987259774,4556126017,1,11.18,37.71,3
226041005#9,4556126017,5333821403,1,11.18,10.48,3
226041006#0,42446987,10170640112,1,13.89,8.78,3
226041006#1,10170640112,3060682017,1,13.89,63.22,3
226041006#2,3060682017,10125260529,1,13.89,67.46,3
226041006#3,10125260529,42448813,1,13.89,13.24,3
226041006#4,42448813,10125260530,1,13.89,13.74,3
226041006#5,10125260530,10166171344,1,13.89,190.14,3
226041006#6,10166171344,42442949,1,13.89,13.53,3
226041007#0,596775882,42448811,1,13.89,17.0,3
226041007#1,42448811,10125233046,1,13.89,10.88,3
226041007#2,10125233046,3842825478,1,13.89,16.8,3
226041007#3,3842825478,1745991208,1,13.89,40.06,3
226041007#4,1745991208,10170640108,1,13.89,71.35,3
226041007#5,10170640108,42446987,1,13.89,10.51,3
226041009#0,42442957,10168544052,1,27.78,12.78,11
226041009#1,10168544052,10168544080,1,27.78,202.01,11
226041009#2,10168544080,42455963,1,27.78,14.82,11
226041011#0,596775919,42456611,2,27.78,16.97,11
226041011#1,42456611,10125228014,2,27.78,11.77,11
226041011#2,10125228014,10165922667,2,27.78,126.0,11
226041011#3,10165922667,42446998,2,27.78,10.99,11
226041012#0,596775907,10125228008,1,13.89,10.62,4
226041012#1,10125228008,7788529756,1,13.89,125.97,4
226041012#2,7788529756,42445941,1,13.89,12.14,4
226041012#3,42445941,10610255909,1,13.89,142.91,4
226041012#4,10610255909,42440951,1,13.89,12.91,4
226041013#0,4862610026,10165922675,1,13.89,11.1,3
226041013#1,10165922675,8254199417,1,13.89,25.48,3
226041013#2,8254199417,9140924704,1,13.89,100.2,3
226041013#3,9140924704,42448338,1,13.89,12.11,3
226041013#4,42448338,596775907,1,13.89,16.51,3
226041016#0,42451660,6369613057,1,11.18,8.48,11
226041016#1,6369613057,5043087530,1,11.18,64.26,11
226041016#2,5043087530,42429643,1,11.18,6.61,11
226041016#3,42429643,5043087534,1,11.18,5.55,11
226041016#4,5043087534,5043084247,1,11.18,57.22,11
226041016#5,5043084247,42437996,1,11.18,8.89,11
226041017#0,5812723036,8304497702,1,11.18,61.21,3
226041017#1,8304497702,42431617,1,11.18,7.98,3
226041019#0,42430288,10168911545,1,11.18,12.28,10
226041019#1,10168911545,10173125251,1,11.18,90.11,10
226041019#2,10173125251,42428227,1,11.18,7.99,10
226041020#0,42435420,10168911567,1,11.18,11.51,10
226041020#1,10168911567,10168911548,1,11.18,249.53,10
226041020#2,10168911548,42430288,1,11.18,13.27,10
226041021#0,42444985,8288270379,1,13.89,13.11,3
226041021#1,8288270379,1727780310,1,13.89,53.13,3
226041021#2,1727780310,427845251,1,13.89,42.24,3
226041022#0,42430324,10169532590,1,13.89,12.63,3
226041022#1,10169532590,1289222416,1,13.89,33.33,3
226041022#2,1289222416,1289222404,1,13.89,117.49,3
226041022#3,1289222404,4625652085,1,13.89,136.2,3
226041022#4,4625652085,42446488,1,13.89,12.19,3
226041023,42444991,2351532388,3,13.89,10.86,3
226041024#0,42454433,9140954078,1,13.89,13.75,3
226041024#1,9140954078,6928075146,1,13.89,152.04,3
226041025#0,42430338,6598535224,3,13.89,12.910000000000002,3
226041025#1,6598535224,1752946328,3,13.89,129.76,3
226041025#2,1752946328,8396878498,3,13.89,26.31,3
226041025#3,8396878498,9647769356,3,13.89,39.23,3
226041026#0,9235539560,8396878495,1,13.89,159.23,3
226041026#1,8396878495,3944708047,1,13.89,71.67,3
226041026#2,3944708047,42430342,1,13.89,12.83,3
226041027#0,42443561,10168047523,1,13.89,12.73,3
226041027#1,10168047523,5481887476,1,13.89,200.34,3
226041027#2,5481887476,10168088479,1,13.89,46.97,3
226041027#3,10168088479,42435671,1,13.89,14.07,3
226041028#0,42435680,10168088498,2,13.89,12.55,3
226041028#1,10168088498,1758380526,2,13.89,142.45,3
226041028#2,1758380526,2435108436,2,13.89,45.1,3
226041028#3,2435108436,42428305,2,13.89,11.81,3
226041029#0,42430352,3955372903,1,13.89,12.96,3
226041029#1,3955372903,4549080328,1,13.89,173.65,3
226041029#2,4549080328,3944708056,1,13.89,112.89,3
226041029#3,3944708056,42443528,1,13.89,12.29,3
226041030#0,42428310,10173292884,1,13.89,7.35,3
226041030#1,10173292884,3977886865,1,13.89,2.3,3
226041030#2,3977886865,3974095849,1,13.89,103.02,3
226041030#3,3974095849,10168091322,1,13.89,66.6,3
226041030#4,10168091322,42435687,1,13.89,12.64,3
226041031,42435687,6210777843,1,13.89,12.01,3
226041032#0,42440015,3463817009,2,27.78,11.34,11
226041032#1,3463817009,8795161045,2,27.78,45.84,11
226041032#2,8795161045,1828749425,2,27.78,49.14,11
226041032#3,1828749425,5481907463,2,27.78,7.56,11
226041032#4,5481907463,8096337618,2,27.78,26.74,11
226041032#5,8096337618,2723627039,2,27.78,27.2,11
226041032#6,2723627039,10173210335,2,27.78,91.45,11
226041032#7,10173210335,3971302313,2,27.78,1.79,11
226041032#8,3971302313,42430371,2,27.78,11.85,11
226041033,2348991701,3308681111,2,27.78,77.28,11
226041041#0,42427390,10168486377,2,11.18,7.75,12
226041041#1,10168486377,10168486350,2,11.18,59.82,12
226041041#2,10168486350,42443676,2,11.18,6.16,12
226041042#0,42443676,10168486354,5,11.18,8.76,12
226041042#1,10168486354,10168486324,5,11.18,63.94,12
226041042#2,10168486324,42434285,5,11.18,6.88,12
226092571#0,42443618,10121802243,5,11.18,9.07,12
226092571#1,10121802243,9052542036,5,11.18,21.4,12
226092572#0,42434092,6271127161,1,11.18,18.28,12
226092572#1,6271127161,3569749128,1,11.18,25.72,12
226092573#0,9496052479,7946231857,6,11.18,49.9,12
226092573#1,7946231857,42432861,6,11.18,13.799999999999999,12
226126658,60929278,42438160,1,11.18,78.47,11
226126754,42438160,60929261,1,11.18,15.58,11
226193904#0,42437401,5215015524,1,11.18,11.43,3
226193904#1,5215015524,6859615817,1,11.18,39.1,3
226193905#0,246866798,5813259914,1,11.18,5.87,3
226193905#1,5813259914,5215013204,1,11.18,84.7,3
226193905#2,5215013204,42437401,1,11.18,11.73,3
226193928#0,42437401,5215013199,1,11.18,10.04,3
226193928#1,5215013199,7816666405,1,11.18,32.85,3
226193929#0,42444242,8094558976,1,11.18,10.36,12
226193929#1,8094558976,42427256,1,11.18,19.88,12
226193929#2,42427256,8276469219,1,11.18,60.47,12
226193929#3,8276469219,42440356,1,11.18,7.46,12
226193929#4,42440356,8276469220,1,11.18,7.75,12
226193929#5,8276469220,588455899,1,11.18,19.13,12
226193929#6,588455899,10311946146,1,11.18,44.97,12
226193929#7,10311946146,42440258,1,11.18,10.49,12
226193933#0,4741865080,8307642142,1,11.18,23.56,3
226193933#1,8307642142,42440943,1,11.18,6.6,3
226193933#10,42442078,8307642129,1,11.18,35.46,3
226193933#11,8307642129,42452610,1,11.18,7.13,3
226193933#12,42452610,8307642130,1,11.18,6.01,3
226193933#13,8307642130,8307642121,1,11.18,64.76,3
226193933#14,8307642121,42457735,1,11.18,6.34,3
226193933#2,42440943,8307642144,1,11.18,6.23,3
226193933#3,8307642144,8307642150,1,11.18,63.28,3
226193933#4,8307642150,42449089,1,11.18,5.34,3
226193933#5,42449089,8307642151,1,11.18,8.21,3
226193933#6,8307642151,8307642159,1,11.18,66.83,3
226193933#7,8307642159,42457426,1,11.18,7.77,3
226193933#8,42457426,8307642160,1,11.18,6.14,3
226193933#9,8307642160,42442078,1,11.18,29.12,3
22897633#0,42446889,4298757047,1,11.18,15.96,3
22897633#1,4298757047,9558758499,1,11.18,133.36,3
22897633#10,9558758492,9679181038,1,11.18,120.16,3
22897633#11,9679181038,42446875,1,11.18,13.8,3
22897633#12,42446875,9679181067,1,11.18,13.77,3
22897633#13,9679181067,9679181035,1,11.18,132.72,3
22897633#14,9679181035,42434355,1,11.18,8.63,3
22897633#2,9558758499,42446885,1,11.18,5.65,3
22897633#3,42446885,9558758498,1,11.18,6.28,3
22897633#4,9558758498,4129804702,1,11.18,59.6,3
22897633#5,4129804702,42442877,1,11.18,11.11,3
22897633#6,42442877,4129804711,1,11.18,11.63,3
22897633#7,4129804711,9558758493,1,11.18,60.1,3
22897633#8,9558758493,42446879,1,11.18,5.84,3
22897633#9,42446879,9558758492,1,11.18,6.15,3
22897720#0,42454328,3874650227,1,11.18,9.48,11
22897720#1,3874650227,8214302533,1,11.18,68.26,11
22897720#2,8214302533,42429431,1,11.18,7.98,11
22898087,42451402,9181607973,2,13.41,119.11,14
22898210#0,371337145,42447210,2,11.18,81.38,3
22898210#1,42447210,10122952959,2,11.18,71.64,3
22898210#2,10122952959,42424757,2,11.18,8.84,3
22898269#0,42453777,8304498287,3,11.18,5.650000000000001,3
22898269#1,8304498287,8304498329,3,11.18,66.46,3
22898269#2,8304498329,42447249,3,11.18,7.599999999999999,3
22898269#3,42447249,8304498328,3,11.18,5.72,3
22898269#4,8304498328,8307641816,3,11.18,62.580000000000005,3
22898269#5,8307641816,42447246,3,11.18,5.760000000000001,3
22898530#0,1701856476,8780665828,2,11.18,36.84,12
22898530#1,8780665828,42428332,2,11.18,7.59,12
22898583#0,42437174,10167137550,2,27.78,11.63,11
22898583#1,10167137550,8807524534,2,27.78,66.26,11
22898583#2,8807524534,42435387,2,27.78,10.77,11
22898583#3,42435387,6784911811,2,27.78,10.96,11
22898583#4,6784911811,10610255916,2,27.78,125.61,11
22898583#5,10610255916,6223478658,2,27.78,8.71,11
22898583#6,6223478658,9073283237,2,27.78,52.77,11
22898643,7372860099,7372860102,1,11.18,11.31,6
22902608#0,4205565500,1251605769,2,11.18,54.04,12
22902608#1,1251605769,42428493,2,11.18,10.51,12
22902609#0,42455465,4191917275,1,11.18,5.67,3
22902609#1,4191917275,4191922366,1,11.18,71.51,3
22902609#2,4191922366,42431461,1,11.18,7.22,3
22902610#0,42455452,9507816954,1,11.18,5.7,3
22902610#1,9507816954,4191922374,1,11.18,63.11,3
22902610#2,4191922374,42446885,1,11.18,6.71,3
22903923#0,373896722,9112000208,4,13.41,105.45,13
22903923#1,9112000208,11027819090,4,13.41,6.8,13
22904053#0,246579597,4872623865,1,11.18,28.14,11
22904053#1,4872623865,42422258,1,11.18,5.7,11
22904055#0,1701920993,1701921019,1,11.18,5.83,4
22904055#1,1701921019,10173122255,1,11.18,246.24,4
22904055#2,10173122255,42427483,1,11.18,14.44,4
22904113#0,5730369220,246580594,1,11.18,45.64,6
22904113#1,246580594,246580593,1,11.18,3.7,6
22904113#2,246580593,1701920993,1,11.18,4.72,6
22904149#0,246580466,3914863402,2,11.18,8.88,11
22904149#1,3914863402,4207978494,2,11.18,28.77,11
22904150#0,5730369220,5690601886,3,11.18,51.64000000000001,11
22904150#1,5690601886,246580466,3,11.18,11.31,11
22904155#0,42430749,10064959236,3,27.78,7.900000000000001,11
22904155#1,10064959236,595269639,3,27.78,34.84,11
22904166,42427494,246580797,2,11.18,17.97,11
22909132,402480678,11027819091,1,11.18,18.3,7
22909136,4133206254,42454328,3,11.18,35.92,7
22909152#0,246648219,3874650241,4,11.18,37.74,12
22909152#1,3874650241,42445766,4,11.18,8.36,12
22909247,42431156,593816275,1,11.18,163.86,11
22909249#0,42453477,1701920988,1,11.18,1.36,3
22909249#1,1701920988,8214302531,1,11.18,44.5,3
22909249#2,8214302531,8307642202,1,11.18,26.26,3
22909249#3,8307642202,42431511,1,11.18,1.97,3
22914179#0,42434285,10168486326,1,11.18,12.09,3
22914179#1,10168486326,10168486337,1,11.18,248.31,3
22914179#2,10168486337,42434279,1,11.18,10.44,3
22914180#0,42443677,4872623873,1,11.18,10.29,4
22914180#1,4872623873,8702296727,1,11.18,33.36,4
22914180#2,8702296727,8702280507,1,11.18,10.41,4
22914180#3,8702280507,10168486348,1,11.18,187.28,4
22914180#4,10168486348,42443676,1,11.18,13.24,4
22914181#0,42427390,10168486375,1,11.18,12.26,3
22914181#1,10168486375,10168486390,1,11.18,249.08,3
22914181#2,10168486390,42427386,1,11.18,10.41,3
22914182#0,4872623863,4872623855,1,11.18,10.9,4
22914182#1,4872623855,10168486363,1,11.18,173.02,4
22914182#2,10168486363,42454381,1,11.18,12.47,4
22916321,6518638079,6211334204,1,11.18,30.15,3
22916379#0,42434821,8262308990,1,11.18,13.78,3
22916379#1,8262308990,8261123023,1,11.18,247.96,3
22916379#2,8261123023,42430600,1,11.18,13.64,3
22916381#0,596775840,10125233051,2,11.18,9.44,12
22916381#1,10125233051,3639381189,2,11.18,3.16,12
22927287#0,42436371,8307641913,2,11.18,12.47,10
22927287#1,8307641913,8307641905,2,11.18,108.24,10
22927287#2,8307641905,42436109,2,11.18,8.6,10
22927287#3,42436109,8307641908,2,11.18,8.87,10
22927287#4,8307641908,8307641895,2,11.18,46.77,10
22927287#5,8307641895,42448568,2,11.18,8.7,10
22927373#0,42439099,3874650207,1,11.18,11.92,3
22927373#1,3874650207,8692206123,1,11.18,116.0,3
22927373#2,8692206123,42439096,1,11.18,6.84,3
22927373#3,42439096,8692206122,1,11.18,8.06,3
22927373#4,8692206122,9808616779,1,11.18,129.34,3
22927399#0,246884508,42424813,1,11.18,27.95,3
22927399#1,42424813,8304498074,1,11.18,85.8,3
22927399#2,8304498074,42424408,1,11.18,12.23,3
22927411#0,4207143421,3874650174,1,11.18,10.71,3
22927411#1,3874650174,42438060,1,11.18,78.41,3
22927411#2,42438060,8429014577,1,11.18,60.4,3
22927411#3,8429014577,42436069,1,11.18,7.61,3
22927411#4,42436069,8429014574,1,11.18,7.3,3
22927411#5,8429014574,8002650349,1,11.18,66.2,3
22927411#6,8002650349,8304498375,1,11.18,46.9,3
22927411#7,8304498375,42436340,1,11.18,12.2,3
22927419,246885162,246884508,1,11.18,68.39,3
22927462#0,42436313,8310246730,1,11.18,8.64,3
22927462#1,8310246730,8310246736,1,11.18,59.82,3
22927462#10,8310246755,42445171,1,11.18,8.22,3
22927462#11,42445171,8310246754,1,11.18,7.65,3
22927462#12,8310246754,4872871134,1,11.18,81.72,3
22927462#13,4872871134,42440873,1,11.18,10.01,3
22927462#2,8310246736,42440916,1,11.18,8.68,3
22927462#3,42440916,8310246735,1,11.18,7.38,3
22927462#4,8310246735,8310246742,1,11.18,58.69,3
22927462#5,8310246742,42438060,1,11.18,8.62,3
22927462#6,42438060,8310246744,1,11.18,6.1,3
22927462#7,8310246744,8310246748,1,11.18,58.98,3
22927462#8,8310246748,42436021,1,11.18,7.79,3
22927462#9,42436021,8310246755,1,11.18,64.64,3
22927463#0,42440873,4872871121,3,11.18,67.67,13
22927463#1,4872871121,4142105812,3,11.18,10.57,13
22927463#2,4142105812,4892579966,3,11.18,10.28,13
22927463#3,4892579966,4207143424,3,11.18,68.98,13
22927484#0,4207143432,4141586731,3,11.18,37.73,13
22927484#1,4141586731,42440854,3,11.18,11.92,13
22927486#0,42445174,3874650180,1,11.18,10.81,3
22927486#1,3874650180,8310246756,1,11.18,68.54,3
22927486#2,8310246756,42445171,1,11.18,6.61,3
22927486#3,42445171,8310246753,1,11.18,7.25,3
22927486#4,8310246753,42436073,1,11.18,60.94,3
22927486#5,42436073,4892579967,1,11.18,68.97,3
22927486#6,4892579967,4142105811,1,11.18,6.39,3
22927765#0,246911576,4876524524,1,22.22,14.1,9
22927765#1,4876524524,246899083,1,22.22,12.98,9
22927850,5815234915,246906179,2,11.18,131.8,9
22927873,588593353,246899801,2,13.41,142.81,14
22927903,4149748672,4149748669,4,11.18,27.32,9
22927906#0,246900041,4145434709,2,13.41,164.2,14
22927906#1,4145434709,4145434710,2,13.41,7.91,14
22927906#2,4145434710,42451370,2,13.41,13.59,14
22927946#0,42443666,4876394049,1,11.18,7.41,3
22927946#1,4876394049,1430380135,1,11.18,73.46,3
22927946#2,1430380135,42433712,1,11.18,10.92,3
22928102#0,588593611,246866788,1,11.18,11.8,3
22928102#1,246866788,2782283122,1,11.18,9.86,3
22928102#2,2782283122,8821317924,1,11.18,5.85,3
22928102#3,8821317924,9802614798,1,11.18,22.59,3
22937242,42437379,62915549,2,11.18,24.73,12
22941409#0,254484074,254484327,3,22.350000000000005,138.38,14
22941409#1,254484327,595314021,3,22.350000000000005,2063.03,14
22941844,62915516,593854257,1,22.22,20.29,8
22941923#0,247123611,247128815,1,11.18,9.53,12
22941923#1,247128815,247123612,1,11.18,76.73,12
22941930#0,61271722,42450352,1,11.18,85.61,4
22941930#1,42450352,4872443910,1,11.18,71.0,4
22941930#2,4872443910,247123651,1,11.18,7.21,4
22941939,61272996,61272997,5,13.41,60.17,14
22942162,61273008,1370721870,4,22.35,107.01,14
22942163,61272997,247124101,1,22.22,87.52,9
22946628,42423514,559862621,2,15.65,56.46,14
22946821,7630577026,1420632047,1,11.18,14.96,11
23048466,248707601,248707602,1,13.89,30.18,3
23048468#0,248707602,9509176054,1,13.89,62.18,3
23048468#1,9509176054,42445804,1,13.89,7.33,3
23048548,248708366,595105571,2,11.18,419.38,12
23048670#0,42440397,7103600810,1,11.18,12.66,11
23048670#1,7103600810,1834852936,1,11.18,43.12,11
231393429#0,486867513,3314293724,3,11.18,10.96,12
231393429#1,3314293724,8231896483,3,11.18,55.18,12
231393429#2,8231896483,486867534,3,11.18,7.13,12
231393430#0,486867513,10931501319,1,11.18,8.91,3
231393430#1,10931501319,42429773,1,11.18,11.45,3
233561247#0,595448697,746718807,1,22.22,71.45,9
233561247#1,746718807,7044189234,1,22.22,28.57,9
233561247#2,7044189234,42458670,1,22.22,102.92,9
234053944#0,42432744,10166004042,3,11.18,6.150000000000001,12
234053944#1,10166004042,4205830394,3,11.18,33.09,12
234489459,246580736,246579753,3,11.18,26.649999999999995,11
234725483#0,42427735,10743755759,1,13.89,9.45,3
234725483#1,10743755759,8835729537,1,13.89,112.01,3
234725483#2,8835729537,42433797,1,13.89,11.11,3
234726492#0,42442613,10172767661,1,13.89,13.71,3
234726492#1,10172767661,9279073320,1,13.89,79.16,3
234726492#2,9279073320,42447404,1,13.89,7.37,3
234726492#3,42447404,9279073324,1,13.89,10.25,3
234726492#4,9279073324,10170641713,1,13.89,146.7,3
234726492#5,10170641713,561035357,1,13.89,9.87,3
234726492#6,561035357,42428919,1,13.89,18.84,3
234726492#7,42428919,10170703018,1,13.89,7.43,3
234726492#8,10170703018,10743657289,1,13.89,173.47,3
234726492#9,10743657289,42441951,1,13.89,5.97,3
234726497#0,42432961,7784459413,1,22.22,13.64,10
234726497#1,7784459413,42447389,1,22.22,98.26,10
234726497#2,42447389,8835657112,1,22.22,72.5,10
234726497#3,8835657112,42447399,1,22.22,8.56,10
234726497#4,42447399,10743755834,1,22.22,8.63,10
234726497#5,10743755834,10172767658,1,22.22,111.99,10
234726497#6,10172767658,42442613,1,22.22,11.91,10
239988110#0,42430782,8214320098,1,8.94,17.71,3
239988110#1,8214320098,10170666555,1,8.94,12.92,3
239988110#2,10170666555,42431528,1,8.94,5.69,3
242514166#0,42433043,7604384231,1,11.18,7.85,11
242514166#1,7604384231,7604384218,1,11.18,61.89,11
242514166#10,8722881604,8722881576,1,11.18,65.15,11
242514166#11,8722881576,42433057,1,11.18,9.2,11
242514166#12,42433057,8722881570,1,11.18,10.57,11
242514166#13,8722881570,5403873782,1,11.18,68.07,11
242514166#14,5403873782,42433058,1,11.18,6.62,11
242514166#15,42433058,5403873779,1,11.18,7.15,11
242514166#16,5403873779,5403873778,1,11.18,66.07,11
242514166#17,5403873778,42433060,1,11.18,5.82,11
242514166#18,42433060,5403873777,1,11.18,7.52,11
242514166#19,5403873777,5403873774,1,11.18,62.62,11
242514166#2,7604384218,42433044,1,11.18,6.41,11
242514166#20,5403873774,42433062,1,11.18,9.52,11
242514166#21,42433062,595473222,1,11.18,10.1,11
242514166#3,42433044,7604384216,1,11.18,7.77,11
242514166#4,7604384216,8722881599,1,11.18,64.14,11
242514166#5,8722881599,42429466,1,11.18,8.81,11
242514166#6,42429466,8722881597,1,11.18,9.77,11
242514166#7,8722881597,8722881602,1,11.18,65.38,11
242514166#8,8722881602,42433046,1,11.18,7.48,11
242514166#9,42433046,8722881604,1,11.18,7.71,11
242514167#0,42428984,8746375049,2,27.78,9.26,12
242514167#1,8746375049,9566927255,2,27.78,4.23,12
242514167#2,9566927255,2499757469,2,27.78,46.93,12
242514168#0,2499757469,2603955416,2,27.78,18.41,12
242514168#1,2603955416,2499757467,2,27.78,6.82,12
242514169#0,42428984,9566927256,1,11.18,12.79,3
242514169#1,9566927256,7604384389,1,11.18,207.16,3
242514169#2,7604384389,42427143,1,11.18,9.62,3
242517194#0,42449801,7604384414,1,11.18,8.77,3
242517194#1,7604384414,7604384387,1,11.18,86.82,3
242517194#2,7604384387,42427143,1,11.18,8.74,3
242517195#0,42455234,9566997295,1,13.89,9.81,3
242517195#1,9566997295,9566997283,1,13.89,39.02,3
242517195#2,9566997283,42433030,1,13.89,13.36,3
242518384#0,2499827795,8725182315,1,22.22,41.97,6
242518384#1,8725182315,60927817,1,22.22,35.62,6
24263967#0,4321748238,5796876484,2,11.18,9.65,10
24263967#1,5796876484,42430468,2,11.18,10.23,10
24263967#2,42430468,3891963908,2,11.18,6.94,10
24263967#3,3891963908,10172950538,2,11.18,120.62,10
24264070#0,3584752508,3584752515,1,11.18,9.83,3
24264070#1,3584752515,8231298077,1,11.18,54.84,3
24264070#2,8231298077,3584752522,1,11.18,94.4,3
24264070#3,3584752522,42433281,1,11.18,5.64,3
24264114#0,42421889,5690441977,1,11.18,14.81,3
24264114#1,5690441977,5690441976,1,11.18,15.05,3
24264114#2,5690441976,42432191,1,11.18,11.68,3
243046572,42427881,42427883,1,22.22,78.54,10
243046573#0,42434251,764742010,1,22.22,47.72,10
243046573#1,764742010,42440056,1,22.22,37.12,10
243046573#10,42438018,589927880,1,22.22,89.75,10
243046573#2,42440056,42440059,1,22.22,79.33,10
243046573#3,42440059,42439228,1,22.22,79.24,10
243046573#4,42439228,42434314,1,22.22,79.29,10
243046573#5,42434314,42440065,1,22.22,78.99,10
243046573#6,42440065,42440069,1,22.22,78.25,10
243046573#7,42440069,42440072,1,22.22,79.18,10
243046573#8,42440072,42440075,1,22.22,78.05,10
243046573#9,42440075,42438018,1,22.22,82.01,10
243046574#0,42439601,10166154734,1,22.22,8.33,10
243046574#1,10166154734,10166154784,1,22.22,65.2,10
243046574#2,10166154784,42438288,1,22.22,6.59,10
243046575#0,42439613,10177600388,1,13.89,14.85,3
243046575#1,10177600388,42438288,1,13.89,7.77,3
243046575#2,42438288,10166154786,1,13.89,8.59,3
243046575#3,10166154786,8008242695,1,13.89,102.05,3
243046575#4,8008242695,42435861,1,13.89,13.19,3
243046575#5,42435861,8008242693,1,13.89,10.89,3
243046575#6,8008242693,6892765814,1,13.89,107.89,3
243046575#7,6892765814,9150629554,1,13.89,135.76,3
243046575#8,9150629554,42438281,1,13.89,11.66,3
243046576#0,2504882506,10869707904,1,22.22,84.27,10
243046576#1,10869707904,42448674,1,22.22,8.83,10
243046578,42427881,42439620,1,13.89,88.41,3
243056519#0,42435865,8008242711,1,13.89,13.26,3
243056519#1,8008242711,42440053,1,13.89,92.48,3
243056521#0,2141026502,42439905,1,13.89,15.66,3
243056521#1,42439905,9150629555,1,13.89,10.72,3
243056521#2,9150629555,8008242700,1,13.89,244.69,3
243056521#3,8008242700,42435863,1,13.89,10.85,3
243056521#4,42435863,8008242703,1,13.89,12.12,3
243056521#5,8008242703,7069015237,1,13.89,85.56,3
243056521#6,7069015237,10743755882,1,13.89,9.22,3
243056521#7,10743755882,42440052,1,13.89,7.88,3
243056522#0,42438271,10899250515,1,13.89,38.52,3
243056522#1,10899250515,5522138340,1,13.89,18.71,3
243056522#2,5522138340,5522138338,1,13.89,20.27,3
243056522#3,5522138338,8229962385,1,13.89,16.54,3
243056522#4,8229962385,5522138336,1,13.89,4.31,3
243056522#5,5522138336,9557086586,1,13.89,49.3,3
243056522#6,9557086586,3099326122,1,13.89,9.71,3
243056522#7,3099326122,42438275,1,13.89,13.93,3
243056523#0,589927996,9557110432,1,11.18,5.38,11
243056523#1,9557110432,42447346,1,11.18,9.28,11
243056523#2,42447346,9557110433,1,11.18,8.0,11
243056523#3,9557110433,9557110372,1,11.18,135.25,11
243056523#4,9557110372,42456831,1,11.18,8.24,11
243056524#0,42444853,10743755852,1,13.89,70.77,3
243056524#1,10743755852,42444854,1,13.89,9.09,3
243056524#2,42444854,10743755855,1,13.89,8.22,3
243056524#3,10743755855,42442621,1,13.89,123.12,3
243056525#0,42443659,10743755709,1,13.89,7.09,3
243056525#1,10743755709,10617235675,1,13.89,71.18,3
243056525#10,9279073330,10172767675,1,13.89,70.84,3
243056525#11,10172767675,42453757,1,13.89,8.4,3
243056525#12,42453757,10172767676,1,13.89,6.99,3
243056525#13,10172767676,10170703035,1,13.89,70.31,3
243056525#14,10170703035,42435943,1,13.89,8.34,3
243056525#2,10617235675,42438295,1,13.89,7.69,3
243056525#3,42438295,10617235676,1,13.89,7.3,3
243056525#4,10617235676,9279073326,1,13.89,70.6,3
243056525#5,9279073326,42447404,1,13.89,9.23,3
243056525#6,42447404,9279073322,1,13.89,6.42,3
243056525#7,9279073322,9279073334,1,13.89,70.37,3
243056525#8,9279073334,42433800,1,13.89,8.38,3
243056525#9,42433800,9279073330,1,13.89,7.2,3
246085471#0,1431790464,8262936390,1,11.18,7.14,4
246085471#1,8262936390,10285341226,1,11.18,120.4,4
246085471#2,10285341226,8213944614,1,11.18,6.5,4
247047850,42428876,561035346,1,13.89,19.99,3
250049336,2565683769,2565683767,1,11.18,19.55,3
250049337#0,2565699085,7144807588,1,11.18,19.39,3
250049337#1,7144807588,8304497772,1,11.18,54.42,3
250049337#2,8304497772,5812723035,1,11.18,12.27,3
250049338,2565683776,2565683769,1,11.18,35.46,3
250049339,2565683767,2565699085,1,11.18,8.55,3
25026344#0,2821304137,8262309227,1,11.18,12.42,11
25026344#1,8262309227,8279851482,1,11.18,136.02,11
25026344#2,8279851482,42429562,1,11.18,12.45,11
250267912#0,2567558915,4528918668,1,11.18,16.02,3
250267912#1,4528918668,42440798,1,11.18,10.55,3
25162679#0,42436943,8309479581,1,11.18,14.08,3
25162679#1,8309479581,5481912002,1,11.18,144.49,3
25162679#10,42436939,8309479695,1,11.18,13.59,3
25162679#11,8309479695,8878684324,1,11.18,82.54,3
25162679#12,8878684324,42428491,1,11.18,10.4,3
25162679#13,42428491,8878684325,1,11.18,9.44,3
25162679#14,8878684325,9849055125,1,11.18,108.59,3
25162679#15,9849055125,42436935,1,11.18,7.64,3
25162679#16,42436935,9849055129,1,11.18,9.92,3
25162679#17,9849055129,10198867140,1,11.18,158.52,3
25162679#18,10198867140,42429373,1,11.18,11.32,3
25162679#2,5481912002,8309479671,1,11.18,59.19,3
25162679#3,8309479671,42436942,1,11.18,12.06,3
25162679#4,42436942,8309479676,1,11.18,12.39,3
25162679#5,8309479676,3627218174,1,11.18,191.54,3
25162679#6,3627218174,42436941,1,11.18,13.65,3
25162679#7,42436941,3627218173,1,11.18,13.8,3
25162679#8,3627218173,8878684328,1,11.18,187.69,3
25162679#9,8878684328,42436939,1,11.18,8.61,3
25163419#0,592509222,3783073245,1,8.94,11.57,3
25163419#1,3783073245,4219836772,1,8.94,105.17,3
25163419#2,4219836772,42453610,1,8.94,7.41,3
25166891#0,42430914,4216045834,1,8.94,10.6,3
25166891#1,4216045834,4161568744,1,8.94,205.64,3
25166891#2,4161568744,42430924,1,8.94,8.02,3
25166891#3,42430924,4161568740,1,8.94,7.5,3
25166891#4,4161568740,8309479411,1,8.94,210.27,3
25166891#5,8309479411,42430938,1,8.94,10.19,3
25166922#0,42440754,4161568816,1,11.18,10.12,4
25166922#1,4161568816,7958994531,1,11.18,74.23,4
25166922#2,7958994531,5145323793,1,11.18,278.21,4
25167069#0,42446584,8309479441,1,8.94,9.83,3
25167069#1,8309479441,5481976931,1,8.94,62.83,3
25167069#2,5481976931,8309479440,1,8.94,22.72,3
25167069#3,8309479440,42421837,1,8.94,5.3,3
25167210#0,42444835,8309479365,1,8.94,8.38,10
25167210#1,8309479365,42434237,1,8.94,64.97,10
25167210#2,42434237,4301307684,1,8.94,73.65,10
25167210#3,4301307684,42455412,1,8.94,5.8,10
25167210#4,42455412,3659184788,1,8.94,5.84,10
25167210#5,3659184788,42449038,1,8.94,69.53,10
25167210#6,42449038,4301308489,1,8.94,66.81,10
25167210#7,4301308489,42430942,1,8.94,8.64,10
25167444,274342021,274342024,1,8.94,55.56,3
25167462,274342021,42430945,1,8.94,59.98,3
25196678#0,42446245,8310245663,1,11.18,46.51,3
25196678#1,8310245663,3670609093,1,11.18,6.48,3
25198317#0,42432111,8231877081,1,11.18,7.84,3
25198317#1,8231877081,8231877078,1,11.18,64.95,3
25198317#2,8231877078,42429644,1,11.18,5.76,3
25198451,9909731089,9909731088,1,11.18,58.33,3
25198488#0,42427340,8310245633,1,11.18,52.67,3
25198488#1,8310245633,42427345,1,11.18,6.61,3
25199402#0,42433822,4320028845,1,11.18,12.29,3
25199402#1,4320028845,42451987,1,11.18,64.13,3
25199402#2,42451987,4320032286,1,11.18,5.35,3
25199402#3,4320032286,8429015936,1,11.18,59.06,3
25199402#4,8429015936,42446902,1,11.18,6.25,3
25199402#5,42446902,42429700,1,11.18,72.31,3
25199402#6,42429700,4375703341,1,11.18,7.3,3
25199402#7,4375703341,42430231,1,11.18,12.27,3
25199870#0,42436788,1919595918,1,11.18,15.07,3
25199870#1,1919595918,5829847188,1,11.18,8.92,3
25199870#2,5829847188,8231934402,1,11.18,131.33,3
25199870#3,8231934402,42436784,1,11.18,6.49,3
25199870#4,42436784,8231934403,1,11.18,5.67,3
25199870#5,8231934403,8231934381,1,11.18,148.12,3
25199870#6,8231934381,42436779,1,11.18,9.09,3
25199870#7,42436779,8231934382,1,11.18,6.74,3
25199870#8,8231934382,8231938417,1,11.18,144.82,3
25199870#9,8231938417,42432135,1,11.18,6.71,3
25199883#0,42449589,8309479171,2,11.18,8.33,3
25199883#1,8309479171,8309479176,2,11.18,112.89,3
25199883#10,4745685357,8309478987,2,11.18,67.17,3
25199883#11,8309478987,42440545,2,11.18,7.03,3
25199883#12,42440545,8309478988,2,11.18,8.77,3
25199883#13,8309478988,8309478996,2,11.18,151.6,3
25199883#14,8309478996,1692433920,2,11.18,7.64,3
25199883#15,1692433920,8309478997,2,11.18,6.95,3
25199883#16,8309478997,5829827213,2,11.18,123.69,3
25199883#17,5829827213,42448552,2,11.18,10.6,3
25199883#2,8309479176,42433292,2,11.18,7.42,3
25199883#3,42433292,8309479177,2,11.18,7.1,3
25199883#4,8309479177,8309479133,2,11.18,60.23,3
25199883#5,8309479133,42449582,2,11.18,8.14,3
25199883#6,42449582,8309479135,2,11.18,7.96,3
25199883#7,8309479135,8309478903,2,11.18,63.81,3
25199883#8,8309478903,42449580,2,11.18,7.37,3
25199883#9,42449580,4745685357,2,11.18,6.36,3
252227354#0,42430749,10082484569,1,13.89,14.15,4
252227354#1,10082484569,4682935360,1,13.89,113.23,4
252227354#2,4682935360,7117112644,1,13.89,75.97,4
252227354#3,7117112644,4872443916,1,13.89,56.13,4
252227354#4,4872443916,247123651,1,13.89,6.86,4
252227354#5,247123651,61272887,1,13.89,41.79,4
252227355#0,595245925,10098667655,1,11.18,8.89,3
252227355#1,10098667655,10046485490,1,11.18,73.96,3
252227355#2,10046485490,595245918,1,11.18,8.63,3
254594899,42442642,2504882506,1,13.89,207.25,3
254594900,2504882506,42427888,1,13.89,66.0,3
25464382,371225132,7495347013,3,17.88,61.46,14
25561915,42422270,205018129,1,17.88,113.32,9
25561967,588455738,278608571,1,11.18,99.61,9
25562074#0,3884569924,3898690199,1,11.18,12.79,11
25562074#1,3898690199,588455738,1,11.18,111.56,11
25562077,4158753824,42423628,2,22.22,88.14,9
25562079#0,3884569924,3898690198,1,22.22,14.46,9
25562079#1,3898690198,278609863,1,22.22,43.82,9
25562090#0,278609934,3898690197,1,22.22,15.53,9
25562090#1,3898690197,278609863,1,22.22,42.06,9
25562090#2,278609863,588719148,1,22.22,33.53,9
25564137,278608420,588455737,1,13.41,105.49,9
25564255,278638234,4158764232,1,13.41,110.44,9
25564482,6793645469,983501181,1,11.18,64.14,4
25564540#0,1272562931,6990788775,2,13.41,6.55,8
25564540#1,6990788775,1272562895,2,13.41,114.39,8
25564571#0,278639868,5119807680,1,11.18,8.29,3
25564571#1,5119807680,10564522618,1,11.18,127.5,3
25564571#2,10564522618,10564522615,1,11.18,7.26,3
25564571#3,10564522615,3898690201,1,11.18,35.64,3
25564571#4,3898690201,3884569931,1,11.18,14.22,3
25564580#0,278639868,9369042070,1,11.18,118.86,3
25564580#1,9369042070,42448469,1,11.18,10.68,3
25564592,1251908574,1773055862,1,11.18,55.66,4
256902825#0,42430143,4890320283,4,11.18,12.31,12
256902825#1,4890320283,4890633697,4,11.18,88.54,12
256902825#2,4890633697,42423456,4,11.18,12.96,12
256902826#0,42430143,4890320280,4,11.18,11.92,12
256902826#1,4890320280,5216470312,4,11.18,45.52,12
256902826#2,5216470312,42430147,4,11.18,8.88,12
256902827#0,588546798,4145586940,3,11.18,9.26,11
256902827#1,4145586940,4145586915,3,11.18,153.67,11
256902827#2,4145586915,42436202,3,11.18,8.45,11
256902828,42424354,42424382,2,11.18,77.81,14
256902829#0,3567807957,8304498187,3,11.18,66.04,11
256902829#1,8304498187,42434845,3,11.18,7.29,11
256902830#0,42428411,8307637698,2,11.18,7.8,11
256902830#1,8307637698,8307637664,2,11.18,56.79,11
256902830#2,8307637664,42428408,2,11.18,5.87,11
256902830#3,42428408,8307637665,2,11.18,5.63,11
256902830#4,8307637665,8279851419,2,11.18,55.89,11
256902830#5,8279851419,42428405,2,11.18,8.8,11
256902831#0,42428411,8307637696,1,11.18,8.5,3
256902831#1,8307637696,9149294706,1,11.18,47.86,3
256902831#2,9149294706,1253070785,1,11.18,48.71,3
263088941#0,588455701,8310246494,1,11.18,29.72,11
263088941#1,8310246494,42437773,1,11.18,8.13,11
263563003,42424258,42424276,2,11.18,85.71,14
264546995#0,42448326,4918486750,5,11.18,10.79,12
264546995#1,4918486750,4918486772,5,11.18,61.489999999999995,12
264546995#2,4918486772,6177439749,5,11.18,9.69,12
265356028#0,2710239362,10083929228,2,13.89,90.44,3
265356028#1,10083929228,42430742,2,13.89,14.24,3
265356029,4904792748,2710239362,1,13.89,106.24,3
267108531#0,595245843,9012718355,1,22.22,10.2,9
267108531#1,9012718355,10160790470,1,22.22,84.0,9
273019805,427845226,427845236,1,11.18,23.78,4
273019807,2779131560,2779131559,2,11.18,28.12,12
273019810#0,9971314390,5851809157,2,11.18,43.65,12
273019810#1,5851809157,3270031002,2,11.18,6.61,12
273019810#2,3270031002,5851809158,2,11.18,8.16,12
273019810#3,5851809158,5165644099,2,11.18,111.56,12
273019810#4,5165644099,42437670,2,11.18,12.68,12
273019812,2779131561,2779131562,1,13.89,34.41,4
273019814#0,2779131562,8261122923,1,13.89,73.26,4
273019814#1,8261122923,42455735,1,13.89,12.97,4
273019814#2,42455735,8261122926,1,13.89,12.96,4
273019814#3,8261122926,3270031028,1,13.89,114.04,4
273895447,42423832,42423844,1,22.22,22.83,9
273895448#0,4207932664,8095866236,4,27.78,15.54,11
273895448#1,8095866236,10169614503,4,27.78,35.12,11
273895448#2,10169614503,42455751,4,27.78,14.86,11
273895449#0,42434434,7903850301,2,27.78,12.09,12
273895449#1,7903850301,10171120539,2,27.78,54.25,12
273895449#2,10171120539,42434439,2,27.78,12.11,12
273895450#0,42424789,11149329214,3,13.89,12.11,3
273895450#1,11149329214,427850895,3,13.89,12.43,3
274836875#0,42433068,5403873756,1,13.89,12.44,3
274836875#1,5403873756,9550791866,1,13.89,98.14,3
274836875#2,9550791866,42449639,1,13.89,8.49,3
274836876#0,42449639,9550791869,1,13.89,9.0,3
274836876#1,9550791869,9550791843,1,13.89,64.0,3
274836876#2,9550791843,42429032,1,13.89,11.25,3
274836877#0,42454368,9566870001,1,13.89,10.21,3
274836877#1,9566870001,5403873758,1,13.89,112.36,3
274836877#2,5403873758,42433068,1,13.89,11.68,3
275016228#0,9121386334,9121386335,2,11.18,6.69,4
275016228#1,9121386335,4878831008,2,11.18,7.41,4
27517865,302095403,374482644,1,22.22,186.29,9
27518032#0,42438218,9563821020,1,2.24,7.43,2
27518032#1,9563821020,302097273,1,2.24,252.99,2
27518371#0,42434722,42434707,1,13.89,47.27,4
27518371#1,42434707,7246004956,1,13.89,5.6,4
27518371#2,7246004956,1209670337,1,13.89,38.86,4
27518371#3,1209670337,42434670,1,13.89,28.37,4
275298521#0,42450089,10166326192,1,27.78,13.56,11
275298521#1,10166326192,5482291261,1,27.78,43.1,11
275298521#2,5482291261,7929465218,1,27.78,140.62,11
275298521#3,7929465218,10166326185,1,27.78,7.31,11
275298521#4,10166326185,42443118,1,27.78,9.08,11
275298523#0,42426135,9153698196,1,11.18,100.27,3
275298523#1,9153698196,42425747,1,11.18,8.72,3
275298526#0,589928039,10169411221,1,13.89,6.99,3
275298526#1,10169411221,10171956593,1,13.89,126.73,3
275298526#2,10171956593,2799368116,1,13.89,9.38,3
275298528#0,2799368116,10171956596,1,13.89,10.09,3
275298528#1,10171956596,10171956602,1,13.89,137.01,3
275298528#2,10171956602,42438984,1,13.89,7.61,3
275298530,589928033,589928039,1,13.89,24.69,3
275298533#0,42437204,7803473008,1,13.89,9.43,3
275298533#1,7803473008,6223478818,1,13.89,148.17,3
275298533#2,6223478818,5481882805,1,13.89,6.02,3
275298533#3,5481882805,7802964948,1,13.89,128.65,3
275298533#4,7802964948,42437201,1,13.89,12.31,3
275298535#0,42437218,42435746,1,13.89,140.38,3
275298535#1,42435746,10171043064,1,13.89,254.89,3
275298535#2,10171043064,42437211,1,13.89,10.96,3
275298538#0,2141026525,9150629531,1,13.89,10.19,3
275298538#1,9150629531,7803460149,1,13.89,155.07,3
275298538#2,7803460149,42433163,1,13.89,11.92,3
275298540,42437211,2141026525,1,13.89,16.01,3
275298541#0,42433163,7803460151,1,13.89,13.99,3
275298541#1,7803460151,7802964955,1,13.89,59.14,3
275298541#2,7802964955,3099327974,1,13.89,8.88,3
275298541#3,3099327974,42437204,1,13.89,13.09,3
275298542#0,42439873,9150563668,1,13.89,10.46,3
275298542#1,9150563668,5481907297,1,13.89,81.75,3
275298542#2,5481907297,5481907295,1,13.89,102.15,3
275298542#3,5481907295,10713687271,1,13.89,60.57,3
275298542#4,10713687271,1905863520,1,13.89,11.66,3
275298543,2141026508,42439873,1,13.89,14.87,3
275298544#0,3099326127,10172833428,1,13.89,8.65,3
275298544#1,10172833428,8758345328,1,13.89,238.8,3
275298544#2,8758345328,2141026508,1,13.89,10.8,3
275298545#0,42429532,10168169659,1,13.89,8.01,3
275298545#1,10168169659,7448919053,1,13.89,81.18,3
275298545#2,7448919053,7448919081,1,13.89,16.32,3
275298545#3,7448919081,7448919082,1,13.89,47.92,3
275298545#4,7448919082,5481922099,1,13.89,43.33,3
275298545#5,5481922099,5481922083,1,13.89,48.49,3
275298545#6,5481922083,10168169641,1,13.89,45.18,3
275298545#7,10168169641,42429530,1,13.89,12.26,3
275298546#0,2141026534,8758345326,1,13.89,11.29,3
275298546#1,8758345326,10168169663,1,13.89,237.61,3
275298546#2,10168169663,3099326124,1,13.89,9.88,3
275298546#3,3099326124,42429532,1,13.89,15.18,3
275298547#0,42434113,10171603030,1,13.89,13.44,3
275298547#1,10171603030,10171603048,1,13.89,90.27,3
275298547#2,10171603048,42432949,1,13.89,10.04,3
275298548#0,42434111,9150629543,1,13.89,10.64,3
275298548#1,9150629543,10171603027,1,13.89,244.45,3
275298548#2,10171603027,42434113,1,13.89,10.9,3
275298549,2141026515,42434111,1,13.89,15.63,3
275298552#0,42443344,9677631659,1,13.89,9.85,3
275298552#1,9677631659,9891508838,1,13.89,250.98,3
275298552#2,9891508838,42442451,1,13.89,11.72,3
275298553#0,42443119,5482291262,3,11.18,40.96,12
275298553#1,5482291262,10166326187,3,11.18,31.38,12
275298553#2,10166326187,42443118,3,11.18,6.72,12
276670360#0,1773121034,8309479291,2,11.18,9.54,12
276670360#1,8309479291,6100764861,2,11.18,15.4,12
276670360#2,6100764861,8309479114,2,11.18,48.2,12
276670360#3,8309479114,1773084402,2,11.18,7.9,12
277201109#0,42431898,7706695210,1,11.18,11.77,3
277201109#1,7706695210,7706695195,1,11.18,37.71,3
277201109#2,7706695195,42431889,1,11.18,7.48,3
277201110#0,42431877,8276468826,2,11.18,5.74,3
277201110#1,8276468826,42431875,2,11.18,15.74,3
278099585#0,42432960,7784459419,1,13.89,12.21,3
278099585#1,7784459419,10166154776,1,13.89,54.09,3
278099585#2,10166154776,42433789,1,13.89,9.08,3
278099585#3,42433789,10166154780,1,13.89,8.07,3
278099585#4,10166154780,9505962114,1,13.89,113.11,3
278099585#5,9505962114,42433785,1,13.89,12.08,3
278099585#6,42433785,9505962113,1,13.89,11.12,3
278099585#7,9505962113,8757847597,1,13.89,244.37,3
278099585#8,8757847597,42433781,1,13.89,11.06,3
278618227,2829585701,60916563,3,22.350000000000005,152.35,14
278618232,42458663,2829585701,3,22.350000000000005,25.99,14
278667969#0,9908577524,6836035787,1,13.89,51.14,3
278667969#1,6836035787,42439783,1,13.89,13.32,3
278667972#0,42433041,8150068506,1,11.18,9.43,3
278667972#1,8150068506,6836035746,1,11.18,112.41,3
278667972#2,6836035746,42454622,1,11.18,8.62,3
278667972#3,42454622,6836035748,1,11.18,9.12,3
278667972#4,6836035748,6836035766,1,11.18,119.47,3
278667972#5,6836035766,42435198,1,11.18,13.26,3
278707978,595338298,2830276528,3,22.350000000000005,48.24,14
278707979,2830276527,42458522,3,22.350000000000005,49.44,14
278707980,2830276528,595338023,3,22.350000000000005,75.06,14
278707981,42458522,587934347,3,22.350000000000005,369.21,14
278882487#0,42438702,7004436337,1,13.89,11.89,3
278882487#1,7004436337,3023173331,1,13.89,25.54,3
278882487#10,10169411307,5481977604,1,13.89,10.06,3
278882487#11,5481977604,5481977611,1,13.89,13.04,3
278882487#12,5481977611,7471678549,1,13.89,14.69,3
278882487#13,7471678549,6859831864,1,13.89,10.08,3
278882487#14,6859831864,9726158598,1,13.89,80.79,3
278882487#15,9726158598,42438772,1,13.89,8.59,3
278882487#2,3023173331,4577988774,1,13.89,60.3,3
278882487#3,4577988774,10171231553,1,13.89,42.94,3
278882487#4,10171231553,42438704,1,13.89,14.55,3
278882487#5,42438704,10171231550,1,13.89,8.95,3
278882487#6,10171231550,10169411311,1,13.89,125.77,3
278882487#7,10169411311,596776656,1,13.89,7.46,3
278882487#8,596776656,42438707,1,13.89,26.81,3
278882487#9,42438707,10169411307,1,13.89,5.66,3
278882488#0,4212658371,10169411298,2,27.78,43.94,12
278882488#1,10169411298,596776654,2,27.78,5.96,12
278882490#0,42434129,8234417270,1,13.89,8.97,3
278882490#1,8234417270,10228306713,1,13.89,115.72,3
278882490#2,10228306713,10169411282,1,13.89,12.1,3
278882490#3,10169411282,589928028,1,13.89,5.6,3
278882490#4,589928028,589928042,1,13.89,27.78,3
281455419#0,11038072391,8960350841,2,11.18,61.13,12
281455419#1,8960350841,42440408,2,11.18,6.92,12
285331365,2889974138,2889974137,2,11.18,20.48,12
285331366#0,42442734,9566914917,2,11.18,20.1,12
285331366#1,9566914917,2889974138,2,11.18,5.66,12
285331368,2889974137,3968944212,2,11.18,95.12,12
285331372#0,3968944212,9908501348,2,11.18,9.81,12
285331372#1,9908501348,9392090779,2,11.18,477.28,12
291195833,4604283240,427840984,2,39.44,110.53,14
291195834,427841057,7502121832,2,39.44,164.77,14
295999078#0,42429557,10169443475,1,11.18,5.86,3
295999078#1,10169443475,9916138293,1,11.18,156.99,3
295999078#2,9916138293,42431107,1,11.18,12.55,3
295999078#3,42431107,9916138294,1,11.18,12.57,3
295999078#4,9916138294,10170980703,1,11.18,106.0,3
295999078#5,10170980703,42428725,1,11.18,10.57,3
303860528,8316781084,8316781085,1,22.22,30.23,9
305323021,42440376,3099327930,1,13.89,12.73,3
305323022#0,42440376,9557110328,1,27.78,8.57,11
305323022#1,9557110328,9557110356,1,27.78,64.65,11
305323022#2,9557110356,3099327976,1,27.78,7.87,11
305323023,3099327976,42435957,1,13.89,14.01,3
305323024#0,42451564,10172833426,2,27.78,7.92,11
305323024#1,10172833426,10172833420,2,27.78,64.21,11
305323024#10,10168169658,4207724583,2,27.78,38.89,11
305323024#2,10172833420,42453253,2,27.78,6.98,11
305323024#3,42453253,10172833417,2,27.78,7.19,11
305323024#4,10172833417,10172819010,2,27.78,64.92,11
305323024#5,10172819010,42438236,2,27.78,7.12,11
305323024#6,42438236,10172819007,2,27.78,8.37,11
305323024#7,10172819007,10168169661,2,27.78,64.23,11
305323024#8,10168169661,42429532,2,27.78,8.16,11
305323024#9,42429532,10168169658,2,27.78,7.01,11
305323026,3099327965,42440385,1,13.89,14.53,3
305323028#0,3099327952,10170875048,1,11.18,10.05,10
305323028#1,10170875048,5481882788,1,11.18,158.54,10
305323028#2,5481882788,8758345339,1,11.18,78.51,10
305323028#3,8758345339,2141026506,1,11.18,11.15,10
305323029#0,4207863944,9166288594,3,27.78,39.39,11
305323029#1,9166288594,42432659,3,27.78,14.18,11
305323030,42453246,3099326120,2,27.78,15.14,12
305323031#0,3099327952,10170875047,2,27.78,11.64,11
305323031#1,10170875047,8807524521,2,27.78,68.47,11
305323031#10,8807524544,4207724566,2,27.78,37.06,11
305323031#2,8807524521,3099327937,2,27.78,7.58,11
305323031#3,3099327937,8807524516,2,27.78,6.35,11
305323031#4,8807524516,8807524523,2,27.78,65.67,11
305323031#5,8807524523,3099326121,2,27.78,7.4,11
305323031#6,3099326121,8807524512,2,27.78,6.24,11
305323031#7,8807524512,8807524489,2,27.78,66.0,11
305323031#8,8807524489,3099326117,2,27.78,7.11,11
305323031#9,3099326117,8807524544,2,27.78,6.58,11
305323032,3099326118,42453241,1,13.89,14.62,3
305323033#0,3099327965,9557086591,2,27.78,8.56,11
305323033#1,9557086591,9557086552,2,27.78,64.4,11
305323033#2,9557086552,3099326126,2,27.78,7.07,11
305323034#0,3099327930,8212384286,3,27.78,9.51,11
305323034#1,8212384286,8212384287,3,27.78,60.68,11
305323034#2,8212384287,3099327948,3,27.78,7.14,11
305323035#0,3099326120,10170875037,2,27.78,9.56,12
305323035#1,10170875037,5266458359,2,27.78,114.94,12
305323035#2,5266458359,5266458357,2,27.78,4.94,12
305323035#3,5266458357,5266458358,2,27.78,4.31,12
305323035#4,5266458358,5266458361,2,27.78,113.3,12
305323035#5,5266458361,2141026503,2,27.78,11.18,12
305323035#6,2141026503,42439861,2,27.78,15.06,12
305323036#0,3099326120,10170875036,3,27.78,12.410000000000002,11
305323036#1,10170875036,9055306042,3,27.78,29.600000000000005,11
308322431#0,8288270047,10220180386,3,13.410000000000002,68.44,13
308322431#1,10220180386,4379966363,3,13.410000000000002,6.02,13
308322431#2,4379966363,11027912161,3,13.410000000000002,21.33,13
308322446#0,42435716,7597291078,2,13.89,12.34,3
308322446#1,7597291078,10036563042,2,13.89,38.8,3
308322446#2,10036563042,42428332,2,13.89,9.32,3
308322447#0,42440025,10170842514,3,11.18,11.93,3
308322447#1,10170842514,10171655565,3,11.18,249.23,3
308322447#2,10171655565,42430390,3,11.18,12.62,3
308322447#3,42430390,10171655562,3,11.18,13.24,3
308322447#4,10171655562,4347534777,3,11.18,224.49,3
308322447#5,4347534777,42427764,3,11.18,9.98,3
308322448#0,42428332,10036563041,2,11.18,9.33,12
308322448#1,10036563041,10862166674,2,11.18,40.5,12
308329351,1764405361,42452495,1,22.22,10.57,10
308329352#0,42429222,9561420824,2,27.78,10.45,12
308329352#1,9561420824,9561399411,2,27.78,157.38,12
308329352#10,9561420857,9561395279,2,27.78,111.08,12
308329352#11,9561395279,42429215,2,27.78,10.18,12
308329352#2,9561399411,42429220,2,27.78,9.56,12
308329352#3,42429220,8952453922,2,27.78,9.56,12
308329352#4,8952453922,9561420860,2,27.78,157.99,12
308329352#5,9561420860,42429217,2,27.78,9.1,12
308329352#6,42429217,9561420861,2,27.78,10.48,12
308329352#7,9561420861,9561420856,2,27.78,63.47,12
308329352#8,9561420856,42429216,2,27.78,6.87,12
308329352#9,42429216,9561420857,2,27.78,8.83,12
308329353#0,42452495,9561566538,2,27.78,9.54,12
308329353#1,9561566538,1763748995,2,27.78,74.21,12
309148657,588455736,4160368848,2,15.65,127.94,13
309956783#0,3579432161,7004347456,1,13.89,13.58,3
309956783#1,7004347456,9517167694,1,13.89,242.71,3
309956783#2,9517167694,561035338,1,13.89,10.32,3
309956783#3,561035338,42428844,1,13.89,19.34,3
309956784#0,3579432162,6791440546,1,27.78,9.74,11
309956784#1,6791440546,6886295088,1,27.78,63.12,11
309956784#10,6993051360,7598688515,1,27.78,28.1,11
309956784#11,7598688515,6823995476,1,27.78,43.73,11
309956784#12,6823995476,42442584,1,27.78,16.13,11
309956784#2,6886295088,42438928,1,27.78,8.08,11
309956784#3,42438928,7198971072,1,27.78,6.76,11
309956784#4,7198971072,3579426492,1,27.78,66.92,11
309956784#5,3579426492,7087063689,1,27.78,6.33,11
309956784#6,7087063689,7087041442,1,27.78,5.16,11
309956784#7,7087041442,10055027280,1,27.78,78.79,11
309956784#8,10055027280,42421852,1,27.78,7.28,11
309956784#9,42421852,6993051360,1,27.78,8.3,11
315174425#0,42432105,4300912709,1,11.18,7.32,3
315174425#1,4300912709,42432103,1,11.18,36.3,3
315174425#2,42432103,8231909757,1,11.18,62.46,3
315174425#3,8231909757,42432102,1,11.18,6.13,3
317400962#0,42433581,5829827195,1,11.18,9.2,3
317400962#1,5829827195,4745829026,1,11.18,37.79,3
317400962#2,4745829026,5481866326,1,11.18,8.63,3
317400962#3,5481866326,5481866323,1,11.18,35.65,3
317400962#4,5481866323,8309479000,1,11.18,42.82,3
317400962#5,8309479000,1692433924,1,11.18,7.2,3
318474882,3248816568,9170842304,1,11.18,263.34,11
31984130#0,1701844618,8261122850,2,11.18,14.08,12
31984130#1,8261122850,427841071,2,11.18,97.2,12
31984136#0,358448394,10173309979,2,11.18,11.59,12
31984136#1,10173309979,6878240302,2,11.18,41.4,12
31984136#2,6878240302,6878240307,2,11.18,87.26,12
31984136#3,6878240307,427841073,2,11.18,30.71,12
320464096#0,42431037,9492556545,1,22.22,11.57,10
320464096#1,9492556545,7818397397,1,22.22,34.5,10
320464097#0,42431037,9492556533,2,11.18,12.12,11
320464097#1,9492556533,10039645587,2,11.18,219.11,11
320464097#2,10039645587,42441564,2,11.18,10.02,11
320480539#0,9421943093,9421943105,1,13.89,7.11,4
320480539#1,9421943105,11153451619,1,13.89,56.73,4
320516786#0,1061531603,10039783368,2,27.78,12.5,12
320516786#1,10039783368,8699239270,2,27.78,66.05,12
320516786#2,8699239270,1061531637,2,27.78,7.48,12
320516787,1061531603,42428674,1,11.18,16.87,11
320516789#0,1061531637,8699239267,4,27.78,7.9,12
320516789#1,8699239267,8699239300,4,27.78,64.36,12
320516789#10,8699249556,8687853808,4,27.78,65.05,12
320516789#11,8687853808,1061531731,4,27.78,7.87,12
320516789#12,1061531731,8687853806,4,27.78,6.55,12
320516789#13,8687853806,8687882621,4,27.78,64.85,12
320516789#14,8687882621,1061531736,4,27.78,7.38,12
320516789#2,8699239300,1061531810,4,27.78,7.65,12
320516789#3,1061531810,8699239297,4,27.78,7.34,12
320516789#4,8699239297,8699249529,4,27.78,65.76,12
320516789#5,8699249529,1061531768,4,27.78,6.08,12
320516789#6,1061531768,8699249526,4,27.78,7.17,12
320516789#7,8699249526,8699249553,4,27.78,66.22,12
320516789#8,8699249553,1061531682,4,27.78,6.09,12
320516789#9,1061531682,8699249556,4,27.78,8.35,12
320516790#0,42431039,9492556609,1,11.18,7.3,10
320516790#1,9492556609,9492542196,1,11.18,64.95,10
320516790#2,9492542196,42431044,1,11.18,7.81,10
320584278#0,42445247,9030177761,1,11.18,13.9,3
320584278#1,9030177761,8851347580,1,11.18,203.09,3
320584278#10,10122943668,42445232,1,11.18,10.44,3
320584278#11,42445232,10125139620,1,11.18,10.0,3
320584278#12,10125139620,10122943671,1,11.18,127.12,3
320584278#13,10122943671,42445230,1,11.18,8.81,3
320584278#14,42445230,596776021,1,11.18,19.82,3
320584278#15,596776021,10122943672,1,11.18,10.87,3
320584278#16,10122943672,10122943680,1,11.18,125.17,3
320584278#17,10122943680,42445227,1,11.18,10.46,3
320584278#18,42445227,10122943681,1,11.18,10.98,3
320584278#19,10122943681,7797650086,1,11.18,134.32,3
320584278#2,8851347580,42443009,1,11.18,13.91,3
320584278#20,7797650086,42445225,1,11.18,9.37,3
320584278#3,42443009,8851344398,1,11.18,10.67,3
320584278#4,8851344398,8393918887,1,11.18,118.17,3
320584278#5,8393918887,10895851143,1,11.18,34.24,3
320584278#6,10895851143,10122943664,1,11.18,38.11,3
320584278#7,10122943664,42445236,1,11.18,14.09,3
320584278#8,42445236,10122943667,1,11.18,12.89,3
320584278#9,10122943667,10122943668,1,11.18,130.78,3
320888283,3276524464,427841011,2,15.65,1265.71,14
320888292,42423847,3276524465,2,15.65,1008.6,14
321993367#0,42454423,8231934408,1,11.18,8.61,3
321993367#1,8231934408,8231934401,1,11.18,56.78,3
321993367#2,8231934401,42436784,1,11.18,5.82,3
321993367#3,42436784,8231934404,1,11.18,6.23,3
321993367#4,8231934404,8231934397,1,11.18,64.07,3
321993367#5,8231934397,42439530,1,11.18,5.88,3
321993367#6,42439530,8231934400,1,11.18,6.22,3
321993367#7,8231934400,8231934395,1,11.18,63.7,3
321993367#8,8231934395,42439335,1,11.18,6.26,3
324118553,3308681106,3308681105,2,27.78,15.58,11
324118554#0,42428315,3308681107,2,27.78,15.42,11
324118554#1,3308681107,3308681106,2,27.78,34.13,11
324118555#0,3308681105,3308681104,2,27.78,26.63,11
324118555#1,3308681104,42440015,2,27.78,13.24,11
324118556#0,3308681111,3308681110,2,27.78,27.24,11
324118556#1,3308681110,42435707,2,27.78,13.96,11
324118557#0,42445033,3308681112,1,27.78,10.41,11
324118557#1,3308681112,10085024681,1,27.78,2.44,11
324118557#2,10085024681,3874596369,1,27.78,3.37,11
324118557#3,3874596369,2348991701,1,27.78,140.54,11
324118558#0,42435707,10085059406,2,27.78,12.01,11
324118558#1,10085059406,3308681108,2,27.78,149.11,11
324118558#2,3308681108,42428315,2,27.78,8.0,11
326119844#0,3327370783,6477406868,2,27.78,30.25,12
326119844#1,6477406868,9561209106,2,27.78,29.24,12
326119844#2,9561209106,42427877,2,27.78,39.97,12
326119844#3,42427877,42445773,2,27.78,27.26,12
326119844#4,42445773,9561208949,2,27.78,6.14,12
326119844#5,9561208949,42449593,2,27.78,71.44,12
326119844#6,42449593,42439432,2,27.78,78.35,12
326119844#7,42439432,42429960,2,27.78,80.66,12
326119844#8,42429960,9563662425,2,27.78,70.7,12
326119844#9,9563662425,42454553,2,27.78,13.94,12
327917960#0,8379847773,8379835875,1,27.78,4.81,11
327917960#1,8379835875,8379847770,1,27.78,59.95,11
327917960#2,8379847770,42442577,1,27.78,7.03,11
327917960#3,42442577,2308955220,1,27.78,7.04,11
327917960#4,2308955220,8376039722,1,27.78,64.09,11
327917960#5,8376039722,42442578,1,27.78,8.58,11
327917960#6,42442578,7004347453,1,27.78,7.64,11
327917960#7,7004347453,7004347451,1,27.78,54.6,11
327917960#8,7004347451,1504153626,1,27.78,12.93,11
32922453#0,8866501398,10277173504,1,13.41,89.12,13
32922453#1,10277173504,1272562861,1,13.41,7.38,13
32922456#0,4158764232,4885904499,1,13.41,99.43,9
32922456#1,4885904499,3884569924,1,13.41,14.54,9
32922457,370759312,4158708495,1,11.18,81.81,9
32922458,9907939563,205019740,1,17.88,119.3,9
32922459,588719148,278608718,1,22.22,85.88,9
32922464,370759316,278642478,1,22.22,153.1,9
32934341,9181525938,246909446,4,11.18,52.38,14
32934343,246906186,3574648567,2,11.18,140.33,9
32934351#0,42444200,7689146654,2,11.18,3.83,12
32934351#1,7689146654,7689146655,2,11.18,11.6,12
32934351#2,7689146655,7689143055,2,11.18,19.1,12
32934351#3,7689143055,1805328840,2,11.18,71.52,12
32934351#4,1805328840,42426747,2,11.18,9.8,12
32934355,42451409,42451436,2,17.88,527.54,14
32934358#0,2895163399,11014606848,1,11.18,10.34,12
32934358#1,11014606848,370880748,1,11.18,7.35,12
32934358#2,370880748,10107930170,1,11.18,29.45,12
32934358#3,10107930170,11014606928,1,11.18,31.37,12
32934358#4,11014606928,9907745074,1,11.18,25.02,12
32934362#0,205020852,5178357333,1,11.18,12.93,9
32934362#1,5178357333,370880758,1,11.18,175.98,9
32935106,370880734,4145735057,2,13.41,129.27,14
32935107,42422270,205019285,2,17.88,137.55,14
32935108,205019285,42451465,1,17.88,645.71,14
32935109,42451465,370888098,3,17.88,904.84,14
32935111,370888098,42423307,3,17.88,135.31,14
32935112,370888100,370888101,1,22.22,141.38,9
32935473#0,42457401,607922912,2,11.18,8.54,12
32935473#1,607922912,9438441029,2,11.18,4.86,12
32935473#2,9438441029,8919621235,2,11.18,77.23,12
32935474,4207774912,589101921,2,22.22,82.15,9
32935551#0,370893396,3783073166,2,11.18,9.5,12
32935551#1,3783073166,3655974176,2,11.18,25.68,12
32935551#2,3655974176,3783071247,2,11.18,29.95,12
32935551#3,3783071247,370893395,2,11.18,3.37,12
32935551#4,370893395,3783071246,2,11.18,13.41,12
32935551#5,3783071246,3655974177,2,11.18,70.33,12
32935551#6,3655974177,4205946597,2,11.18,27.92,12
32935868,42423549,42451712,1,22.22,71.24,9
32936245#0,370897166,5145531511,1,17.88,417.77,9
32936245#1,5145531511,5145531517,1,17.88,8.54,9
32936385#0,4161568888,7147636389,1,17.88,11.05,9
32936385#1,7147636389,9142398637,1,17.88,8.61,9
32936385#2,9142398637,4161569149,1,17.88,8.77,9
32936385#3,4161569149,370898427,1,17.88,149.82,9
32936733,42430973,42423039,1,17.88,135.57,9
32936735,370894437,370894979,2,17.88,44.85,14
32936736,370894979,370894980,2,17.88,220.46,14
32936738,42423053,370901769,3,17.88,44.52,14
32936739,370901769,42423039,3,17.88,233.41,14
32936740,370892861,370894437,2,17.88,397.17,14
32936741,370894980,370897166,3,17.88,855.23,14
32937063,42450699,370912817,3,17.88,566.51,14
32937066#0,5137978709,4161569152,2,11.18,127.29,12
32937066#1,4161569152,9142398641,2,11.18,3.3,12
32937832,370912945,370912817,1,22.22,162.59,9
32938060,370914027,9050090501,1,22.22,435.21,9
32938997#0,42439191,9140927096,2,11.18,17.32,12
32938997#1,9140927096,5137743344,2,11.18,3.43,12
32938997#2,5137743344,5137743341,2,11.18,150.66,12
32938997#3,5137743341,4244360547,2,11.18,113.48,12
32938997#4,4244360547,5137747688,2,11.18,17.03,12
32939000,42457925,370913779,1,22.22,41.37,9
32939005#0,11003445232,3569749105,3,22.22,63.080000000000005,9
32939005#1,3569749105,248708582,3,22.22,10.52,9
32939007,42450675,5779545445,4,17.88,36.47,14
32939046#0,42450809,370915530,2,27.78,77.41,12
32939046#1,370915530,1701844664,2,27.78,20.31,12
32939187#0,3829675223,3569749140,1,22.22,12.56,9
32939187#1,3569749140,370924945,1,22.22,31.02,9
32939209,370898175,370913767,3,17.88,652.03,14
32939224#0,370925141,7096725572,1,13.41,24.97,4
32939224#1,7096725572,42438898,1,13.41,70.75,4
32939511,42424183,42450675,3,17.88,485.27,14
32939512#0,589099584,370915061,3,17.88,175.02,14
32939512#1,370915061,370915065,3,17.88,184.36,14
32939513,370915065,370923579,3,17.88,450.72,14
32939514#0,370923579,370924957,3,17.88,223.35,14
32939514#1,370924957,405988242,3,17.88,285.57,14
32939515,370927292,370924957,1,22.22,152.1,9
32939516,370924945,370927292,1,22.22,187.41,9
32939517,42450656,5426969133,3,17.88,106.33,14
32946655#0,42440565,6747028072,2,11.18,6.3,3
32946655#1,6747028072,7248638334,2,11.18,65.26,3
32946655#2,7248638334,42440566,2,11.18,7.69,3
32946656#0,42436716,10121802254,3,11.18,181.48,11
32946656#1,10121802254,42436714,3,11.18,13.63,11
32947289,371034152,2089938149,2,27.78,124.16,13
32947291#0,42423564,10121802233,2,11.18,13.71,13
32947291#1,10121802233,7792415873,2,11.18,65.81,13
32947291#2,7792415873,42423565,2,11.18,8.26,13
32947292#0,42424089,593301178,2,22.22,16.05,8
32947292#1,593301178,371037237,2,22.22,23.96,8
32947293,371034153,3944770822,2,15.65,177.67,13
32947295,1775176474,6176483595,2,22.22,96.25,8
32947297#0,371034162,10121802224,3,27.78,26.87,13
32947297#1,10121802224,42423752,3,27.78,7.61,13
32947509,371037281,371037408,1,27.78,153.36,11
32947517,42423579,593215564,1,11.18,54.35,8
32947558#0,593215564,3785582163,1,22.22,108.42,8
32947558#1,3785582163,3785582164,1,22.22,11.5,8
32947559,371037408,2089938148,1,27.78,123.86,11
32958722,371190620,3785575833,1,11.18,72.84,3
32959280,371188320,42424137,1,22.22,93.32,9
32959299#0,42425246,42450634,3,17.88,138.93,14
32959299#1,42450634,42422682,3,17.88,90.55,14
32959795,9142584947,371194366,3,17.88,316.45,14
32959885,4813099377,371198305,3,17.88,160.42,14
32959993,371198766,371207282,3,17.88,487.06,14
32959995,371198785,371198766,3,17.88,659.01,14
32960688,42450641,42424142,1,11.18,89.14,11
32960689,4813099374,42438809,3,17.88,93.24,14
32960691,42451231,42451280,3,17.88,716.38,14
32960846,371207282,3785522898,1,22.22,68.04,9
32961932,3785532381,3785532382,1,22.22,27.58,9
32961933,42428052,42433421,1,22.22,34.1,9
32961934,589929447,589929426,3,17.88,121.63,14
32961935,589929426,371209940,3,17.88,132.49,14
32961937,589929435,589929444,3,17.88,121.31,14
32962118,42433513,42433510,1,13.89,84.44,3
32962789,9243769965,42424133,1,22.22,67.73,9
32963302,3786728557,3786724042,3,17.88,185.80000000000004,14
32963318,7641820943,371225088,1,22.22,212.28,9
32965206,3786728763,1369722087,2,13.41,127.02,9
32965210,371239960,1369722086,2,22.22,73.27,9
32965213,371225116,3786728557,2,22.22,275.39,9
32965214,589928259,589928253,1,22.22,29.6,9
32965216,8653755530,7471942376,4,13.41,55.49,12
32972050,371315823,42450634,1,22.22,136.83,9
32972072#0,42449874,3783071243,2,11.18,11.05,12
32972072#1,3783071243,9181587086,2,11.18,121.12,12
32973203#0,7541804760,2481877068,1,13.89,5.93,3
32973203#1,2481877068,9166236567,1,13.89,84.72,3
32973203#2,9166236567,7732243576,1,13.89,13.17,3
32973204#0,2481877063,9559342280,1,13.89,7.22,3
32973204#1,9559342280,9559342302,1,13.89,90.61,3
32973204#2,9559342302,589928047,1,13.89,10.34,3
32973207#0,371337227,8695926171,2,11.18,6.86,12
32973207#1,8695926171,371337230,2,11.18,29.03,12
32973208,371337241,42434935,1,22.22,15.45,7
32973209,371337239,2140997998,2,27.78,11.22,12
33113958,5333189428,42424551,1,22.22,54.47,5
33114090#0,5333189427,42424551,1,11.18,45.95,10
33114090#1,42424551,7246782893,1,11.18,63.0,10
33114090#2,7246782893,42424531,1,11.18,47.4,10
33114338,373778409,42426810,1,22.22,169.16,9
33114684,371239958,42425681,3,17.88,216.11,14
33115927,60925555,42444581,4,22.35,142.86,14
33117565,42453142,3968944192,2,11.18,514.23,12
33117567,60924412,4207702047,3,11.18,27.290000000000003,12
33117570,60925767,529799006,2,20.12,34.84,14
33117574#0,60925101,7918635657,2,22.22,226.92,9
33117574#1,7918635657,589927887,2,22.22,224.33,9
33117575,589927893,373780963,2,22.22,482.13,9
33117576,589927887,60925555,2,22.22,282.88,9
33117577,373850892,371337266,1,22.22,160.17,9
33117578,373776274,371337269,1,22.22,123.12,9
33117579#0,9166241204,9166241198,2,11.18,142.54,10
33117579#1,9166241198,9166241193,2,11.18,172.87,10
33117581#0,42426665,2348568357,1,11.18,105.4,6
33117581#1,2348568357,9902223871,1,11.18,67.58,6
33117582,42444564,42425752,3,22.350000000000005,498.17,14
33117583#0,42425752,42425417,3,22.350000000000005,141.34,14
33117583#1,42425417,589927932,3,22.350000000000005,146.29,14
33117585,371337239,2140994070,2,27.78,10.28,12
33117587#0,373850902,9155906285,1,27.78,26.65,11
33117587#1,9155906285,2140997997,1,27.78,45.66,11
33117588#0,373768744,589927943,2,27.78,40.23,12
33117588#1,589927943,4207863951,2,27.78,60.5,12
33117589,589928006,371337197,1,22.22,151.17,9
33117590,371337202,589928006,1,22.22,123.66,9
33117592,5843576975,373850912,2,11.18,90.68,11
33117594#0,4215812469,9559342281,1,11.18,154.41,11
33117594#1,9559342281,7541804762,1,11.18,10.8,11
33117595#0,371337187,373762363,2,11.18,79.88,11
33117595#1,373762363,7477281988,2,11.18,50.33,11
33117599,589928020,373756705,1,22.22,215.82,9
33117600,42444514,371337160,1,22.22,89.67,9
33117601,373850921,42437929,2,22.22,6.09,9
33117603,373760396,6532254351,2,22.35,411.44,14
33117604,9153699982,373755525,2,22.35,92.32,14
33117932#0,9141034853,370913779,3,17.88,237.76,14
33117932#1,370913779,370913784,3,17.88,154.68,14
33117933,589100393,42423774,3,17.88,145.67,14
33145772#0,374463462,9561543873,1,22.22,142.87,9
33145772#1,9561543873,4515465265,1,22.22,10.91,9
33145977#0,42425780,9561543911,1,22.22,11.06,9
33145977#1,9561543911,374470740,1,22.22,130.36,9
33145993,374466116,5771241290,3,17.88,870.08,14
33145995,374470740,374466116,3,20.12,95.74,14
33146104,374472690,42441000,1,22.22,165.24,9
33146215,1763787328,374475573,1,22.22,114.85,9
33146263,60916191,374470740,3,20.12,140.15,14
33146267,374472698,60916191,3,20.12,23.17,14
33146281,374475573,374475605,1,22.22,40.61,9
33146350,374479219,374475605,3,22.350000000000005,400.96,14
33146406,42458659,42458663,3,22.350000000000005,1658.95,14
33146650,374486339,42434519,1,13.89,170.56,4
33146652,374486503,374486339,1,13.89,30.24,4
33146748,42434559,374498281,1,13.89,62.68,4
33146938,1209796168,374494536,1,13.89,8.69,3
33146985,374494595,42434780,1,13.89,33.22,3
33147042,374498281,374498287,1,13.89,33.86,4
33147044,374498287,42434722,1,13.89,95.8,4
332388684#0,3395083621,10170875032,1,27.78,50.39,12
332388684#1,10170875032,42453246,1,27.78,8.82,12
332388685,3395083620,3395083621,2,27.78,53.88,12
335935797#0,3430331122,8127675279,1,11.18,60.73,4
335935797#1,8127675279,42436598,1,11.18,13.88,4
335935798#0,42436590,8119193332,1,11.18,14.25,4
335935798#1,8119193332,3430331121,1,11.18,69.92,4
335935799#0,4207683796,3686062432,5,11.18,36.99,12
335935799#1,3686062432,42442889,5,11.18,13.88,12
336534267,406010307,371190626,1,11.18,31.34,3
336534277#0,42451332,8586594922,1,11.18,45.96,3
336534277#1,8586594922,3785575833,1,11.18,34.53,3
336534282,3435692130,406006377,1,22.22,29.46,9
336534284,406006355,3435692130,1,22.22,31.04,9
336872312#0,42425348,3917296974,1,27.78,18.19,11
336872312#1,3917296974,595314114,1,27.78,60.62,11
336872313#0,247079889,247081705,3,13.410000000000002,19.6,13
336872313#1,247081705,247081712,3,13.410000000000002,95.17,13
33804436#0,387184869,3601295727,1,11.18,15.53,3
33804436#1,3601295727,3601295748,1,11.18,6.92,3
33804436#2,3601295748,6331080435,1,11.18,4.22,3
34079830#0,390519635,4132605229,1,11.18,13.65,3
34079830#1,4132605229,8699785164,1,11.18,29.82,3
34079834#0,42439170,4132605204,1,11.18,14.0,3
34079834#1,4132605204,10166118083,1,11.18,191.56,3
34079834#2,10166118083,42439178,1,11.18,11.52,3
34080062#0,42427374,9683231692,1,11.18,12.25,3
34080062#1,9683231692,7781159300,1,11.18,249.09,3
34080062#2,7781159300,42427371,1,11.18,12.83,3
34080062#3,42427371,7781159301,1,11.18,12.46,3
34080062#4,7781159301,7781143530,1,11.18,286.04,3
34080062#5,7781143530,42427369,1,11.18,11.2,3
34080149#0,4205565498,4597668018,2,11.18,39.25,12
34080149#1,4597668018,42431452,2,11.18,7.38,12
34080174#0,42428201,10179028035,1,2.24,17.68,2
34080174#1,10179028035,3019038994,1,2.24,4.63,2
34080174#2,3019038994,3857400393,1,2.24,67.95,2
34080174#3,3857400393,10179028036,1,2.24,1.38,2
34080174#4,10179028036,42428198,1,2.24,5.36,2
34080174#5,42428198,3857400404,1,2.24,7.22,2
34080174#6,3857400404,8264701247,1,2.24,23.05,2
34080508#0,42437881,3009534450,3,11.18,16.86,11
34080508#1,3009534450,8265964352,3,11.18,35.85,11
340825593,61269797,42423070,3,22.350000000000005,271.46,14
342785522#0,4778174564,7201248045,2,11.18,12.18,11
342785522#1,7201248045,3567807957,2,11.18,68.55,11
34625442,11027819091,11049420901,3,13.410000000000002,59.48,13
34625443#0,402480678,246652755,3,13.410000000000002,14.11,13
34625443#1,246652755,9112000211,3,13.410000000000002,73.44,13
34625443#2,9112000211,11027819089,3,13.410000000000002,7.46,13
34625443#3,11027819089,246647955,3,13.410000000000002,118.05,13
34625463#0,8703673333,246650838,3,13.410000000000002,59.91,13
34625463#1,246650838,8703673334,3,13.410000000000002,7.52,13
34625463#2,8703673334,246651361,3,13.410000000000002,90.17,13
34625463#3,246651361,42427494,3,13.410000000000002,21.64,13
34625464#0,246579753,11049420900,3,13.410000000000002,120.77,13
34625464#1,11049420900,246652085,3,13.410000000000002,4.22,13
34625464#2,246652085,11107538391,3,13.410000000000002,114.75,13
346613529#0,6173564360,6469210552,3,27.78,8.62,12
346613529#1,6469210552,5117963655,3,27.78,10.14,12
346613529#10,1061531787,8780665900,3,27.78,8.43,12
346613529#11,8780665900,8780665915,3,27.78,73.25,12
346613529#12,8780665915,1061531608,3,27.78,7.62,12
346613529#13,1061531608,8780668418,3,27.78,9.21,12
346613529#14,8780668418,5115916407,3,27.78,72.17,12
346613529#15,5115916407,1061531597,3,27.78,8.37,12
346613529#16,1061531597,5115916402,3,27.78,9.38,12
346613529#17,5115916402,5708001204,3,27.78,72.3,12
346613529#18,5708001204,1996323622,3,27.78,7.95,12
346613529#2,5117963655,5117991235,3,27.78,66.48,12
346613529#3,5117991235,1061531707,3,27.78,11.020000000000001,12
346613529#4,1061531707,7515300914,3,27.78,10.48,12
346613529#5,7515300914,8780665885,3,27.78,74.01,12
346613529#6,8780665885,1061531527,3,27.78,7.25,12
346613529#7,1061531527,8780665881,3,27.78,9.03,12
346613529#8,8780665881,8780665904,3,27.78,72.48,12
346613529#9,8780665904,1061531787,3,27.78,8.23,12
346951422#0,3533937800,8575682945,1,13.89,8.53,3
346951422#1,8575682945,1672106385,1,13.89,72.67,3
347306313#0,42430255,8429213019,1,11.18,12.99,3
347306313#1,8429213019,8310246388,1,11.18,249.77,3
347306313#2,8310246388,42439826,1,11.18,12.08,3
347311224,42440408,11038072396,1,11.18,8.71,3
34768995,405984035,8865306820,3,17.88,9.96,14
34769004,42450645,405984035,3,17.88,367.37000000000006,14
34769017,405988242,405989914,3,17.88,367.67,14
34769021,405989914,371188750,3,17.88,139.36,14
34769042,371188750,3785579063,1,22.22,42.01,9
34769061,42451332,406003851,1,22.22,55.37,9
34769158,4886250352,406006355,1,22.22,33.3,9
34769546#0,589099734,4273797604,2,27.78,64.71,12
34769546#1,4273797604,406048768,2,27.78,7.7,12
348477347,246580982,3874653357,1,11.18,9.75,3
348477348#0,42449341,8261123441,1,11.18,12.03,3
348477348#1,8261123441,2671667948,1,11.18,24.88,3
348477348#2,2671667948,3236324368,1,11.18,114.25,3
348477348#3,3236324368,3236324362,1,11.18,55.09,3
348477348#4,3236324362,8310246353,1,11.18,57.33,3
348477348#5,8310246353,42444909,1,11.18,10.26,3
348477348#6,42444909,8310246350,1,11.18,15.87,3
348477348#7,8310246350,8262308796,1,11.18,247.96,3
348477348#8,8262308796,42435599,1,11.18,13.72,3
348477349#0,42430257,9507816968,1,11.18,12.66,3
348477349#1,9507816968,8429175905,1,11.18,286.3,3
348477349#2,8429175905,42449333,1,11.18,11.78,3
348488662#0,42432142,8231885412,1,11.18,18.5,3
348488662#1,8231885412,8231885416,1,11.18,52.76,3
348488662#2,8231885416,42432135,1,11.18,6.44,3
348488665#0,42430147,4890320319,1,11.18,12.52,3
348488665#1,4890320319,42430108,1,11.18,5.03,3
348488665#2,42430108,3546151527,1,11.18,7.28,3
348488665#3,3546151527,4890333652,1,11.18,88.57,3
348488665#4,4890333652,42424864,1,11.18,7.23,3
349272149#0,42448607,10171865596,1,22.22,9.24,10
349272149#1,10171865596,10171069499,1,22.22,77.18,10
349272149#2,10171069499,42448605,1,22.22,5.41,10
349272151#0,3551738975,5481863734,1,13.89,108.44,3
349272151#1,5481863734,10173362953,1,13.89,65.84,3
349272151#2,10173362953,42442589,1,13.89,10.66,3
349368177#0,42430488,3901501657,1,11.18,12.29,3
349368177#1,3901501657,7080329522,1,11.18,170.23,3
349368177#2,7080329522,7080329528,1,11.18,4.93,3
349368177#3,7080329528,3552713327,1,11.18,5.75,3
34958053,7106607090,42431293,1,11.18,5.34,11
349873701#0,42442843,7977873337,3,11.18,7.010000000000001,12
349873701#1,7977873337,4202957549,3,11.18,15.15,12
349873702#0,1692433907,8309479090,3,11.18,6.96,12
349873702#1,8309479090,8309479083,3,11.18,27.76,12
349873702#2,8309479083,42437613,3,11.18,5.97,12
35027229#0,42428287,3974095817,1,11.18,11.85,3
35027229#1,3974095817,10173032937,1,11.18,68.39,3
35027229#2,10173032937,42428283,1,11.18,7.24,3
350726028#0,42444933,10171484159,4,11.18,6.97,11
350726028#1,10171484159,10171484147,4,11.18,62.85,11
350726028#2,10171484147,42444928,4,11.18,10.02,11
350726028#3,42444928,10171484148,4,11.18,5.61,11
350726028#4,10171484148,9469550701,4,11.18,31.2,11
350726030#0,42444954,8262309052,2,11.18,9.14,12
350726030#1,8262309052,10995379664,2,11.18,61.81,12
350726030#2,10995379664,8262309043,2,11.18,78.46,12
350726030#3,8262309043,4557517549,2,11.18,8.04,12
350726031#0,387180916,8262308748,2,11.18,8.19,11
350726031#1,8262308748,3564892566,2,11.18,32.05,11
351224631,1701844679,1701844687,2,27.78,19.22,12
351224632#0,42455929,1701844777,1,11.18,14.51,12
351224632#1,1701844777,595105472,1,11.18,50.9,12
351245252#0,764744759,10049953226,1,27.78,55.08,11
351245252#1,10049953226,3570003194,1,27.78,13.58,11
351540625#0,42449570,8231922371,1,11.18,7.26,3
351540625#1,8231922371,42439583,1,11.18,114.58,3
351540625#2,42439583,8307641831,1,11.18,44.94,3
351540625#3,8307641831,42440820,1,11.18,11.52,3
351638330#0,889585074,42437410,1,13.89,6.71,3
351638330#1,42437410,889584998,1,13.89,19.21,3
351638330#2,889584998,889585115,1,13.89,12.31,3
351638330#3,889585115,889585074,1,13.89,12.1,3
351652731,246899085,3574648567,1,11.18,123.37,9
351652733,246899083,246899085,1,22.22,45.74,9
351656331,3574648573,3574648580,2,11.18,105.81,9
351656332#0,246909454,3574648569,2,22.22,23.63,9
351656332#1,3574648569,4876524530,2,22.22,14.58,9
351656332#2,4876524530,3574648570,2,22.22,12.0,9
351656333#0,3574648570,9410604941,2,22.22,14.52,9
351656333#1,9410604941,3574648573,2,22.22,31.04,9
352705236#0,42433298,3584752291,1,11.18,8.14,4
352705236#1,3584752291,3584752506,1,11.18,124.04,4
352705236#2,3584752506,3584752508,1,11.18,9.09,4
352705238#0,3584752195,8309478896,1,11.18,66.47,3
352705238#1,8309478896,42456205,1,11.18,5.67,3
352705238#2,42456205,4745686174,1,11.18,5.8,3
352705238#3,4745686174,8309478904,1,11.18,64.1,3
352705238#4,8309478904,42449580,1,11.18,7.26,3
352705238#5,42449580,8309478902,1,11.18,7.41,3
352705238#6,8309478902,8309479129,1,11.18,66.08,3
352705238#7,8309479129,42428460,1,11.18,8.87,3
352858052#0,1061531790,10061553269,2,11.18,7.14,12
352858052#1,10061553269,10061699533,2,11.18,65.44,12
352858052#2,10061699533,1061531847,2,11.18,7.12,12
352858052#3,1061531847,10061800635,2,11.18,7.24,12
352858052#4,10061800635,8687882719,2,11.18,65.54,12
352858052#5,8687882719,1061531593,2,11.18,8.84,12
352858052#6,1061531593,8687882731,2,11.18,8.71,12
352858052#7,8687882731,4205805395,2,11.18,43.48,12
352858056#0,1061531593,7004379679,1,13.89,7.8,3
352858056#1,7004379679,8687882703,1,13.89,104.96,3
352858056#2,8687882703,42442528,1,13.89,11.85,3
352858405,42425223,595245843,2,11.18,37.27,11
353133686#0,42457660,6254816609,2,11.18,13.55,12
353133686#1,6254816609,3589024670,2,11.18,30.36,12
353133686#2,3589024670,6254816634,2,11.18,35.43,12
353133686#3,6254816634,42449005,2,11.18,7.31,12
353135767#0,9178805726,6254816620,2,11.18,33.39,12
353135767#1,6254816620,596776260,2,11.18,13.63,12
353135768#0,596776166,6254816650,1,11.18,72.88,12
353135768#1,6254816650,596776165,1,11.18,6.79,12
353135768#2,596776165,6254816642,1,11.18,7.28,12
353135768#3,6254816642,9178805726,1,11.18,32.3,12
353220071#0,42434172,6181479989,1,13.89,12.55,3
353220071#1,6181479989,3589888044,1,13.89,75.65,3
353220071#2,3589888044,6221717931,1,13.89,55.79,3
353220071#3,6221717931,42434169,1,13.89,9.76,3
353220074#0,42434169,6221717895,1,13.89,9.55,3
353220074#1,6221717895,7093620700,1,13.89,127.37,3
353220074#2,7093620700,42434168,1,13.89,10.78,3
353220074#3,42434168,596776167,1,13.89,17.47,3
353220074#4,596776167,7093532779,1,13.89,10.47,3
353220074#5,7093532779,6270666556,1,13.89,125.18,3
353220074#6,6270666556,42434166,1,13.89,9.98,3
353220074#7,42434166,6270666552,1,13.89,10.59,3
353220074#8,6270666552,7093620688,1,13.89,134.32,3
353220074#9,7093620688,42434165,1,13.89,9.86,3
353220077#0,42443054,6070360948,2,11.18,12.4,11
353220077#1,6070360948,6181480024,2,11.18,191.48,11
353220077#2,6181480024,42450044,2,11.18,13.74,11
353220077#3,42450044,6070360950,2,11.18,13.67,11
353220077#4,6070360950,6221717772,2,11.18,131.13,11
353220077#5,6221717772,42447166,2,11.18,9.78,11
353220112#0,42447169,6070217077,2,27.78,7.11,11
353220112#1,6070217077,6221717924,2,27.78,66.56,11
353220112#2,6221717924,42447166,2,27.78,11.89,11
353220115#0,42447166,6221717898,3,11.18,13.300000000000002,11
353220115#1,6221717898,6221717903,3,11.18,65.52,11
353220115#10,7158854713,7158854698,3,11.18,65.21,11
353220115#11,7158854698,42447149,3,11.18,7.84,11
353220115#12,42447149,7158854706,3,11.18,6.18,11
353220115#13,7158854706,7158854732,3,11.18,65.12,11
353220115#14,7158854732,42447144,3,11.18,6.82,11
353220115#15,42447144,7158854747,3,11.18,7.88,11
353220115#16,7158854747,7158854745,3,11.18,65.11,11
353220115#17,7158854745,42444814,3,11.18,8.0,11
353220115#18,42444814,7158854693,3,11.18,6.650000000000001,11
353220115#19,7158854693,7160238593,3,11.18,65.41,11
353220115#2,6221717903,42434169,3,11.18,7.489999999999999,11
353220115#20,7160238593,42436544,3,11.18,7.45,11
353220115#21,42436544,7160238595,3,11.18,6.739999999999999,11
353220115#22,7160238595,7924099704,3,11.18,65.27,11
353220115#23,7924099704,42445738,3,11.18,7.19,11
353220115#24,42445738,7924094022,3,11.18,7.22,11
353220115#25,7924094022,7041713705,3,11.18,29.06,11
353220115#26,7041713705,7924099753,3,11.18,36.0,11
353220115#27,7924099753,42447136,3,11.18,7.830000000000001,11
353220115#28,42447136,7924099801,3,11.18,7.05,11
353220115#29,7924099801,9682829121,3,11.18,29.98,11
353220115#3,42434169,6221717899,3,11.18,6.73,11
353220115#4,6221717899,7093532780,3,11.18,65.47,11
353220115#5,7093532780,42444495,3,11.18,7.61,11
353220115#6,42444495,7093620728,3,11.18,6.98,11
353220115#7,7093620728,7158799081,3,11.18,65.01,11
353220115#8,7158799081,4163883691,3,11.18,7.81,11
353220115#9,4163883691,7158854713,3,11.18,6.919999999999999,11
355192293#0,42450468,6216541801,1,11.18,12.99,3
355192293#1,6216541801,5481998057,1,11.18,41.4,3
355192293#2,5481998057,5481998054,1,11.18,70.5,3
356140737#0,4878831008,3942249550,1,11.18,11.15,11
356140737#1,3942249550,9603866900,1,11.18,38.92,11
356140743#0,1272562792,4878838744,3,11.18,23.58,6
356140743#1,4878838744,9121386334,3,11.18,11.38,6
357946354#0,3630219668,8310245540,1,11.18,5.84,3
357946354#1,8310245540,8310245530,1,11.18,126.41,3
357946354#2,8310245530,42437074,1,11.18,5.68,3
357946354#3,42437074,8310245529,1,11.18,5.68,3
357946354#4,8310245529,8310220498,1,11.18,126.65,3
357946354#5,8310220498,42432075,1,11.18,5.71,3
357946354#6,42432075,8310220497,1,11.18,5.66,3
357946354#7,8310220497,3783144656,1,11.18,126.22,3
357946354#8,3783144656,1919595921,1,11.18,8.73,3
358226652,3631837584,3631837585,1,22.22,66.9,9
358290454#0,42424089,4918486789,5,11.18,8.33,12
358290454#1,4918486789,7641360304,5,11.18,17.94,12
359180981#0,3639381192,10125233052,2,11.18,2.99,12
359180981#1,10125233052,100522741,2,11.18,7.02,12
359180982#0,3639381190,9673654626,2,11.18,127.31,12
359180982#1,9673654626,100521835,2,11.18,119.04,12
36185329,248709820,422438817,2,11.18,27.19,11
36185330#0,42447228,7797632763,2,11.18,9.58,11
36185330#1,7797632763,248709820,2,11.18,75.62,11
36185331,422438819,422438821,3,11.18,36.31,11
36185332#0,422438821,7630577065,3,11.18,49.39000000000001,11
36185332#1,7630577065,42455662,3,11.18,9.54,11
36185649#0,42452882,9140940628,1,11.18,12.21,3
36185649#1,9140940628,10957063846,1,11.18,138.89,3
36185649#2,10957063846,370927297,1,11.18,47.52,3
36185650,595105531,3831856757,2,11.18,52.35,12
36271338#0,42432451,9987259770,1,11.18,13.2,3
36271338#1,9987259770,4136147002,1,11.18,63.82,3
36271338#2,4136147002,42432458,1,11.18,8.85,3
36271338#3,42432458,2929098298,1,11.18,8.78,3
36271338#4,2929098298,10171269362,1,11.18,3.83,3
36271338#5,10171269362,4556126016,1,11.18,33.43,3
36271338#6,4556126016,4556120771,1,11.18,39.21,3
36271338#7,4556120771,4556120772,1,11.18,7.77,3
36271338#8,4556120772,9987259771,1,11.18,29.52,3
36271338#9,9987259771,42432464,1,11.18,13.64,3
362811088#0,3670609093,8310245662,1,11.18,5.73,3
362811088#1,8310245662,3783144655,1,11.18,127.29,3
362811088#2,3783144655,1919595912,1,11.18,8.99,3
364026607#0,3099327951,9559408278,1,13.89,10.02,3
364026607#1,9559408278,8758345321,1,13.89,237.33,3
364026607#10,7069015231,10171324740,1,13.89,85.15,3
364026607#11,10171324740,42439598,1,13.89,7.82,3
364026607#2,8758345321,2141026540,1,13.89,11.32,3
364026607#3,2141026540,42439894,1,13.89,15.78,3
364026607#4,42439894,9150629547,1,13.89,11.43,3
364026607#5,9150629547,5378419181,1,13.89,212.52,3
364026607#6,5378419181,10170605803,1,13.89,30.85,3
364026607#7,10170605803,42435852,1,13.89,11.71,3
364026607#8,42435852,10170605807,1,13.89,13.17,3
364026607#9,10170605807,7069015231,1,13.89,27.02,3
364026608#0,7132743059,10168169649,2,27.78,29.46,11
364026608#1,10168169649,3099327931,2,27.78,8.32,11
364026608#2,3099327931,10168169652,2,27.78,7.42,11
364026608#3,10168169652,9531614982,2,27.78,20.57,11
364026609,42445587,3099327951,1,13.89,14.45,3
364026610#0,42445587,9557110351,3,27.78,7.34,11
364026610#1,9557110351,42440371,3,27.78,33.71,11
36801164,42446506,593926823,2,22.22,46.46,9
36801165#0,593839894,8288270550,3,11.18,8.25,12
36801165#1,8288270550,8261122946,3,11.18,61.81,12
36801165#2,8261122946,42430651,3,11.18,8.14,12
36801336#0,427804196,593926788,1,22.22,35.67,9
36801336#1,593926788,427804200,1,22.22,13.46,9
36801355#0,427804205,593926788,1,22.22,28.62,9
36801355#1,593926788,427804211,1,22.22,23.88,9
36806658#0,4207913305,10173309980,4,11.18,42.6,12
36806658#1,10173309980,42437688,4,11.18,10.75,12
36806659,9584459602,9584459603,1,11.18,175.92,10
36806661,9971300879,427840967,1,11.18,41.19,9
36806670,427840979,427840973,2,11.18,103.32,14
36806671,427841043,427841050,2,11.18,110.4,14
36806673,427842125,427841043,2,11.18,60.06,14
36806677,427841034,427842140,1,22.22,80.27,9
36806678,427842141,11142777751,1,11.18,42.65,11
36806680#0,593915213,8318644137,1,13.89,32.18,3
36806680#1,8318644137,8288270403,1,13.89,72.35,3
36806680#2,8288270403,42433644,1,13.89,14.06,3
36806680#3,42433644,8288270400,1,13.89,13.53,3
36806680#4,8288270400,6878240308,1,13.89,91.56,3
36806680#5,6878240308,427842145,1,13.89,20.18,3
36806681,427842145,427842144,1,13.89,36.8,3
36806682#0,427842144,11142777717,1,13.89,21.7,3
36806682#1,11142777717,427842143,1,13.89,19.47,3
36806683,427842143,427842142,2,13.89,24.35,3
36806892,11144690835,427841052,1,22.22,150.77,9
36806896#0,427845226,8261123367,1,22.22,10.64,9
36806896#1,8261123367,427845228,1,22.22,8.04,9
36806901,427841050,593976795,1,22.22,96.23,9
36806903#0,42434427,10089242337,2,11.18,55.2,12
36806903#1,10089242337,9971314388,2,11.18,15.13,12
36806905,427845251,593977713,1,13.89,39.15,3
36806906#0,42445649,9965135086,1,13.89,12.2,3
36806906#1,9965135086,10166333097,1,13.89,285.65,3
36806906#2,10166333097,42430320,1,13.89,12.34,3
36806906#3,42430320,10166333100,1,13.89,13.56,3
36806906#4,10166333100,10173490593,1,13.89,128.38,3
36806906#5,10173490593,42428272,1,13.89,11.69,3
36806907,427841011,427841017,2,15.65,102.57,14
36806908,427840967,427840965,2,11.18,58.42,14
36806909,427840949,2050767462,1,39.44,80.46,14
36807164,427841011,427850840,1,22.22,144.58,9
36807165,593988920,42424773,5,22.22,35.75,9
368938760#0,9147343630,1577321470,4,11.18,28.76,11
368938760#1,1577321470,6221403710,4,11.18,76.92,11
368938761#0,42454010,3569749094,4,11.18,8.15,12
368938761#1,3569749094,4917679392,4,11.18,20.81,12
368938762#0,42422899,10170620780,3,11.18,8.57,12
368938762#1,10170620780,8840916184,3,11.18,40.19,12
370169932#0,4015192929,8262936334,1,11.18,8.95,3
370169932#1,8262936334,6859553507,1,11.18,58.69,3
370169932#2,6859553507,8262936325,1,11.18,34.06,3
370169932#3,8262936325,42440347,1,11.18,7.86,3
370169932#4,42440347,8262936328,1,11.18,7.06,3
370169932#5,8262936328,42429353,1,11.18,37.42,3
37182106#0,42457209,7727569325,1,11.18,49.46,3
37182106#1,7727569325,7595748182,1,11.18,49.04,3
37182106#2,7595748182,42430983,1,11.18,13.65,3
37182106#3,42430983,7595763585,1,11.18,13.89,3
37182106#4,7595763585,595245920,1,11.18,85.4,3
373857803#0,3772840882,8262936697,1,13.89,7.29,3
373857803#1,8262936697,8262936705,1,13.89,38.17,3
373857803#2,8262936705,42452310,1,13.89,6.23,3
374421069#0,6417761630,6417764328,1,11.18,15.79,3
374421069#1,6417764328,6417761626,1,11.18,57.12,3
374421069#2,6417761626,6417761624,1,11.18,7.38,3
374923972,1919595912,3783071109,1,11.18,13.69,3
374923974,3783071112,1919595923,1,11.18,13.67,3
375163547,371188752,371188756,2,17.88,199.65,14
375163548,3785579063,3785575833,1,22.22,16.23,9
375164210,3785586743,3785586755,1,22.22,4.56,8
375164212,3785586743,42423565,2,11.18,11.98,3
375165500#0,42449971,8133385390,3,11.18,13.5,11
375165500#1,8133385390,6188803956,3,11.18,190.22,11
375165500#2,6188803956,42442961,3,11.18,13.76,11
375165500#3,42442961,3785586743,3,11.18,70.28,11
375165501#0,42449971,9649576883,6,11.18,8.44,12
375165501#1,9649576883,4918486104,6,11.18,65.68,12
375165501#2,4918486104,4288677093,6,11.18,8.81,12
375165664#0,42432856,8133385387,3,11.18,12.58,12
375165664#1,8133385387,8133385388,3,11.18,20.88,12
375165665,42432856,6680686985,2,27.78,11.75,12
375165666#0,6177439759,10170751083,4,27.78,7.32,12
375165666#1,10170751083,8906253690,4,27.78,18.49,12
375312362,3785575783,371188320,3,17.88,36.28,14
375316041,371189410,589298725,3,17.88,31.78,14
375316042,2178052727,371188756,1,22.22,43.06,9
375316043,406003851,2178052727,1,22.22,32.19,9
375316256#0,42455963,10168544064,1,69.72,12.12,3
375316256#1,10168544064,6747002249,1,69.72,191.59,3
375316256#2,6747002249,42440565,1,69.72,9.03,3
375316257#0,9490559520,10121802246,4,11.18,34.29,12
375316257#1,10121802246,42448390,4,11.18,8.73,12
375471550,7502121831,4604283240,2,39.44,160.72,14
377472336,42434519,3808464456,1,13.89,29.44,4
378363223#0,42437287,4129804729,4,11.18,6.84,12
378363223#1,4129804729,4205565497,4,11.18,39.22,12
37890350#0,42431875,42431871,1,11.18,60.5,3
37890350#1,42431871,8276468869,1,11.18,21.0,3
37890350#2,8276468869,42431868,1,11.18,4.93,3
379843699,1701844698,3831856768,2,11.18,78.69,12
379843702#0,595105499,5993830851,3,11.18,7.11,12
379843702#1,5993830851,5993830853,3,11.18,5.81,12
379843704,3831856767,6133327722,2,27.78,11.1,12
379843705,3831856768,3831856767,2,11.18,419.48,12
380093631#0,42422872,1632878962,1,11.18,17.57,3
380093631#1,1632878962,1632878885,1,11.18,106.61,3
380093631#2,1632878885,7060180745,1,11.18,68.92,3
380093631#3,7060180745,42422830,1,11.18,53.37,3
380093632,1739872172,42422872,1,11.18,73.7,3
380096992#0,42429900,7640871287,1,11.18,14.02,3
380096992#1,7640871287,5278266721,1,11.18,41.99,3
380098431#0,1701844687,3569749106,2,27.78,61.83,12
380098431#1,3569749106,42455929,2,27.78,12.39,12
380098432#0,42453601,7977832436,4,11.18,9.48,12
380098432#1,7977832436,6133355298,4,11.18,48.52,12
380145816#0,42455932,3569749133,1,11.18,4.61,12
380145816#1,3569749133,595105496,1,11.18,90.6,12
380147339#0,1701844605,10125260559,4,11.18,56.16,11
380147339#1,10125260559,42449685,4,11.18,13.19,11
380147584,6166426234,3834923371,2,22.22,118.11,9
381474197#0,42442902,3928841144,5,11.18,8.52,12
381474197#1,3928841144,7640871303,5,11.18,63.65,12
381474197#2,7640871303,42436754,5,11.18,7.13,12
381477004#0,42454006,9987259759,2,11.18,7.26,4
381477004#1,9987259759,4699874257,2,11.18,62.71,4
381477004#2,4699874257,42449689,2,11.18,10.59,4
381477008#0,42442918,7640871316,1,11.18,13.81,11
381477008#1,7640871316,6166333257,1,11.18,83.46,11
381480256#0,3846857066,5130933118,4,11.18,133.74,3
381480256#1,5130933118,42455915,4,11.18,13.99,3
381480256#2,42455915,3946500932,4,11.18,12.89,3
381480256#3,3946500932,3948577929,4,11.18,41.95,3
381480256#4,3948577929,3829688391,4,11.18,25.36,3
381480256#5,3829688391,589099881,4,11.18,48.28,3
381480876,3569749103,248708582,2,11.18,12.8,12
381565180#0,561042200,10172788542,2,11.18,5.94,12
381565180#1,10172788542,3786901749,2,11.18,64.45,12
381565180#2,3786901749,561042198,2,11.18,7.45,12
382740985#0,42440015,3463817008,4,11.18,7.54,11
382740985#1,3463817008,3977886878,4,11.18,64.06,11
382740985#2,3977886878,42440012,4,11.18,8.67,11
382740985#3,42440012,3977886876,4,11.18,7.23,11
382740985#4,3977886876,3977886870,4,11.18,64.62,11
382740985#5,3977886870,42440009,4,11.18,7.41,11
384178812#0,6279091713,4205565536,2,11.18,6.47,11
384178812#1,4205565536,4890040965,2,11.18,95.46,11
384178812#2,4890040965,8239225259,2,11.18,151.69,11
384178812#3,8239225259,42437909,2,11.18,16.61,11
384178813#0,42437909,8239225256,3,11.18,11.6,11
384178813#1,8239225256,8913023103,3,11.18,24.62,11
384178814,3786901743,561042190,2,11.18,17.92,12
384178816#0,42432580,3955372899,4,27.78,9.02,11
384178816#1,3955372899,3944708057,4,27.78,63.63,11
384178816#2,3944708057,42443528,4,27.78,7.49,11
384178816#3,42443528,9965135055,4,27.78,7.17,11
384178816#4,9965135055,9965135054,4,27.78,64.72,11
384178816#5,9965135054,42452353,4,27.78,6.91,11
384178817#0,42453902,7139624482,2,11.18,7.14,12
384178817#1,7139624482,10707585709,2,11.18,33.83,12
384649120#0,5607992553,9856196752,3,11.18,29.12,11
384649120#1,9856196752,42430311,3,11.18,8.88,11
384649120#10,10166333099,42430320,3,11.18,8.34,11
384649120#11,42430320,10166333098,3,11.18,6.3,11
384649120#12,10166333098,10169532592,3,11.18,63.98,11
384649120#13,10169532592,42430324,3,11.18,7.580000000000001,11
384649120#2,42430311,9856196750,3,11.18,9.08,11
384649120#3,9856196750,10169532557,3,11.18,64.86,11
384649120#4,10169532557,42430314,3,11.18,8.97,11
384649120#5,42430314,10169532558,3,11.18,8.74,11
384649120#6,10169532558,10169532600,3,11.18,62.81,11
384649120#7,10169532600,42430317,3,11.18,7.39,11
384649120#8,42430317,10169532599,3,11.18,7.13,11
384649120#9,10169532599,10166333099,3,11.18,64.34,11
384649121#0,42437654,9413881840,2,11.18,12.08,12
384649121#1,9413881840,8567060233,2,11.18,115.39,12
384649121#2,8567060233,9698661088,2,11.18,7.35,12
384649121#3,9698661088,8567060240,2,11.18,6.99,12
384649121#4,8567060240,6224278787,2,11.18,105.28,12
384649121#5,6224278787,4886228959,2,11.18,16.22,12
384649121#6,4886228959,6224277845,2,11.18,3.92,12
384649121#7,6224277845,42430304,2,11.18,11.41,12
384826723#0,9140884594,4136179170,1,11.18,65.24,12
384826723#1,4136179170,42442937,1,11.18,14.28,12
384898122#0,4886282364,8231901009,1,11.18,97.19,3
384898122#1,8231901009,42437106,1,11.18,5.9,3
384898122#2,42437106,8231901008,1,11.18,6.14,3
384898122#3,8231901008,3314293706,1,11.18,125.82,3
384898122#4,3314293706,42432063,1,11.18,5.9,3
385102416#0,5798966625,3783146160,3,11.18,27.16,12
385102416#1,3783146160,42427358,3,11.18,8.87,12
385667445#0,1996323622,5708001203,3,27.78,12.020000000000001,12
385667445#1,5708001203,1061531491,3,27.78,25.209999999999997,12
385668565#0,42449308,8119462501,3,11.18,10.61,3
385668565#1,8119462501,3847026391,3,11.18,75.56,3
385668565#10,3841254263,5227014112,3,11.18,135.67,3
385668565#11,5227014112,7964920719,3,11.18,29.76,3
385668565#12,7964920719,42442910,3,11.18,12.15,3
385668565#2,3847026391,6814269857,3,11.18,54.77,3
385668565#3,6814269857,42446934,3,11.18,10.52,3
385668565#4,42446934,8119462487,3,11.18,10.52,3
385668565#5,8119462487,4166338962,3,11.18,92.19,3
385668565#6,4166338962,4234425015,3,11.18,39.49,3
385668565#7,4234425015,42449314,3,11.18,12.61,3
385668565#8,42449314,4234425047,3,11.18,13.770000000000001,3
385668565#9,4234425047,3841254263,3,11.18,24.399999999999995,3
38605246#0,42440347,8262936326,1,11.18,6.41,4
38605246#1,8262936326,5362205528,1,11.18,50.59,4
38605246#2,5362205528,42440350,1,11.18,14.94,4
38605247#0,42440353,8094558986,1,11.18,17.91,3
38605247#1,8094558986,4985377335,1,11.18,64.08,3
38605247#2,4985377335,42440356,1,11.18,8.58,3
38605248,42440353,42427254,1,11.18,71.14,4
386103991#0,4207743630,10171865574,1,11.18,48.33,11
386103991#1,10171865574,42432936,1,11.18,5.34,11
386103991#10,10171603049,10171603056,1,11.18,67.16,11
386103991#11,10171603056,42432950,1,11.18,6.31,11
386103991#2,42432936,10171865573,1,11.18,7.9,11
386103991#3,10171865573,5420927291,1,11.18,70.8,11
386103991#4,5420927291,4078840307,1,11.18,55.55,11
386103991#5,4078840307,5864595633,1,11.18,91.82,11
386103991#6,5864595633,3579426938,1,11.18,67.43,11
386103991#7,3579426938,42432947,1,11.18,16.7,11
386103991#8,42432947,42432949,1,11.18,5.68,11
386103991#9,42432949,10171603049,1,11.18,7.97,11
386103993#0,42427523,7594173331,1,13.89,8.57,3
386103993#1,7594173331,10171865605,1,13.89,63.54,3
386103993#2,10171865605,42427519,1,13.89,6.91,3
386103994#0,42448605,10171069497,1,13.89,9.94,3
386103994#1,10171069497,10171508887,1,13.89,111.01,3
386103994#2,10171508887,42427523,1,13.89,7.95,3
386211349#0,42436796,3584752228,1,11.18,6.42,3
386211349#1,3584752228,8309478975,1,11.18,67.83,3
386211349#2,8309478975,42436793,1,11.18,6.38,3
386972970,561042199,8122411167,2,11.18,7.4,12
387128266#0,42429338,7924094055,1,11.18,12.57,11
387128266#1,7924094055,7834030835,1,11.18,190.08,11
387128266#2,7834030835,42429340,1,11.18,13.26,11
387128267#0,42447105,10122937127,3,11.18,11.729999999999999,11
387128267#1,10122937127,10122937126,3,11.18,68.14,11
387128267#10,42447084,10122937132,3,11.18,7.78,11
387128267#11,10122937132,10125087306,3,11.18,65.53,11
387128267#12,10125087306,42430060,3,11.18,7.53,11
387128267#13,42430060,10125087310,3,11.18,7.03,11
387128267#14,10125087310,10125087309,3,11.18,66.46,11
387128267#15,10125087309,42439559,3,11.18,7.44,11
387128267#16,42439559,10125087312,3,11.18,6.21,11
387128267#17,10125087312,10125087311,3,11.18,66.54,11
387128267#18,10125087311,42438798,3,11.18,7.11,11
387128267#19,42438798,10125139619,3,11.18,35.77,11
387128267#2,10122937126,42436917,3,11.18,7.39,11
387128267#3,42436917,10173250684,3,11.18,5.739999999999999,11
387128267#4,10173250684,10122937123,3,11.18,1.23,11
387128267#5,10122937123,10122937128,3,11.18,66.51,11
387128267#6,10122937128,42446466,3,11.18,6.080000000000001,11
387128267#7,42446466,10122937129,3,11.18,7.82,11
387128267#8,10122937129,10122937131,3,11.18,66.93,11
387128267#9,10122937131,42447084,3,11.18,6.48,11
388167518#0,1538237248,8281922107,1,13.89,5.55,3
388167518#1,8281922107,8281922081,1,13.89,59.28,3
388167518#2,8281922081,42448593,1,13.89,6.9,3
388167519#0,1538237248,8281922106,1,11.18,6.21,3
388167519#1,8281922106,1538237377,1,11.18,83.78,3
388167519#2,1538237377,42430848,1,11.18,10.66,3
388240124#0,4138911201,4234425016,5,11.18,6.38,12
388240124#1,4234425016,4234425051,5,11.18,64.92,12
388240124#10,4234425042,4234425053,5,11.18,63.98,12
388240124#11,4234425053,10166076732,5,11.18,0.77,12
388240124#12,10166076732,42436753,5,11.18,7.090000000000001,12
388240124#13,42436753,10166076728,5,11.18,7.32,12
388240124#14,10166076728,4234425041,5,11.18,0.99,12
388240124#15,4234425041,4234425017,5,11.18,62.44,12
388240124#16,4234425017,42445413,5,11.18,7.909999999999999,12
388240124#17,42445413,4234425054,5,11.18,7.24,12
388240124#18,4234425054,4234425052,5,11.18,63.36,12
388240124#19,4234425052,42449926,5,11.18,7.090000000000001,12
388240124#2,4234425051,42429896,5,11.18,6.43,12
388240124#20,42449926,4234425027,5,11.18,7.87,12
388240124#21,4234425027,4234425024,5,11.18,63.67,12
388240124#22,4234425024,42449314,5,11.18,8.96,12
388240124#23,42449314,4234425022,5,11.18,8.86,12
388240124#24,4234425022,4234425036,5,11.18,64.29,12
388240124#25,4234425036,42449928,5,11.18,6.459999999999999,12
388240124#3,42429896,4234425045,5,11.18,7.88,12
388240124#4,4234425045,4234425030,5,11.18,63.63000000000001,12
388240124#5,4234425030,42449918,5,11.18,6.83,12
388240124#6,42449918,4234425033,5,11.18,8.0,12
388240124#7,4234425033,4234425029,5,11.18,63.65999999999999,12
388240124#8,4234425029,42446275,5,11.18,7.35,12
388240124#9,42446275,4234425042,5,11.18,7.31,12
388281629#0,42437536,8276468874,1,11.18,6.54,3
388281629#1,8276468874,8276468884,1,11.18,70.04,3
388281629#2,8276468884,42429504,1,11.18,5.66,3
388281630#0,42429504,11042989791,1,11.18,5.71,3
388281630#1,11042989791,1251958125,1,11.18,34.97,3
388281630#2,1251958125,1251958257,1,11.18,12.97,3
388281631#0,42437536,8276468876,1,11.18,7.48,3
388281631#1,8276468876,10593159468,1,11.18,59.83,3
388281631#2,10593159468,42432679,1,11.18,6.11,3
388281632#0,42431868,8276468871,1,11.18,3.71,3
388281632#1,8276468871,8276468867,1,11.18,6.01,3
388281632#2,8276468867,7217916614,1,11.18,74.84,3
388281632#3,7217916614,11042989740,1,11.18,41.21,3
388281632#4,11042989740,42437536,1,11.18,10.7,3
388281633#0,42431868,8276468870,1,11.18,7.48,3
388281633#1,8276468870,11050101339,1,11.18,76.23,3
388281633#2,11050101339,42442088,1,11.18,7.24,3
388281633#3,42442088,11050101171,1,11.18,5.57,3
388281633#4,11050101171,4739552816,1,11.18,48.29,3
388281633#5,4739552816,42428529,1,11.18,7.56,3
388284037#0,42452620,8279851775,1,11.18,6.69,3
388284037#1,8279851775,8279851769,1,11.18,46.52,3
388284037#2,8279851769,42457292,1,11.18,5.58,3
388284037#3,42457292,8279851770,1,11.18,7.34,3
388284037#4,8279851770,5362212151,1,11.18,34.26,3
388284037#5,5362212151,42444271,1,11.18,10.78,3
388316170#0,11002109566,8276468753,1,11.18,5.69,3
388316170#1,8276468753,8276468827,1,11.18,40.48,3
388316170#2,8276468827,42431877,1,11.18,5.68,3
388318981#0,272195270,4742692787,4,11.18,9.77,11
388318981#1,4742692787,8262936580,4,11.18,52.98,11
388695705#0,42432246,8307641549,2,11.18,6.6,13
388695705#1,8307641549,7641859745,2,11.18,65.37,13
388695705#2,7641859745,42435451,2,11.18,6.37,13
388696206#0,42432825,10173152535,2,27.78,12.22,12
388696206#1,10173152535,10125227998,2,27.78,125.18,12
388696206#2,10125227998,596775935,2,27.78,10.57,12
388696207#0,42432825,10173152536,4,11.18,12.95,11
388696207#1,10173152536,6188877020,4,11.18,65.28,11
388696207#2,6188877020,42445947,4,11.18,9.09,11
388696207#3,42445947,6188877010,4,11.18,8.4,11
388696207#4,6188877010,6188877011,4,11.18,64.7,11
388696207#5,6188877011,42445950,4,11.18,8.13,11
389994972#0,3931524260,7925258768,1,13.89,57.29,3
389994972#1,7925258768,7925143983,1,13.89,7.11,3
389994972#2,7925143983,4980851558,1,13.89,8.93,3
389994972#3,4980851558,7927319030,1,13.89,63.21,3
389994972#4,7927319030,3931534871,1,13.89,9.07,3
389994972#5,3931534871,7927319002,1,13.89,7.64,3
389994972#6,7927319002,7927319032,1,13.89,63.35,3
389994972#7,7927319032,3931534870,1,13.89,7.02,3
389994972#8,3931534870,7927319027,1,13.89,7.97,3
389994972#9,7927319027,3931524258,1,13.89,29.77,3
391864585#0,42429340,7834025539,2,11.18,12.55,11
391864585#1,7834025539,3119952619,2,11.18,33.76,11
391864586#0,42436489,3562587902,4,11.18,11.46,12
391864586#1,3562587902,8855629722,4,11.18,68.14,12
391864586#2,8855629722,42443009,4,11.18,5.91,12
395037175#0,595245920,10098692830,1,11.18,9.21,3
395037175#1,10098692830,9170766738,1,11.18,89.26,3
395037175#2,9170766738,1672106382,1,11.18,8.76,3
396444293#0,42427483,10173122260,4,11.18,9.02,12
396444293#1,10173122260,10172817656,4,11.18,62.71,12
396444293#2,10172817656,42453630,4,11.18,6.7,12
396444293#3,42453630,10172817655,4,11.18,8.84,12
396444293#4,10172817655,11034943442,4,11.18,61.91,12
396444293#5,11034943442,42445310,4,11.18,7.73,12
396444293#6,42445310,11034943441,4,11.18,8.06,12
396444293#7,11034943441,8262308989,4,11.18,63.13,12
396444293#8,8262308989,42434821,4,11.18,8.84,12
396444294#0,42427483,10173122258,1,11.18,13.76,3
396444294#1,10173122258,8239225234,1,11.18,247.84,3
396444294#10,5263790014,5263790015,1,11.18,12.25,3
396444294#11,5263790015,8386198045,1,11.18,62.59,3
396444294#12,8386198045,5852207704,1,11.18,9.04,3
396444294#13,5852207704,5852207694,1,11.18,31.8,3
396444294#14,5852207694,42427427,1,11.18,14.25,3
396444294#15,42427427,10171509224,1,11.18,12.9,3
396444294#16,10171509224,10171337687,1,11.18,248.02,3
396444294#17,10171337687,42427426,1,11.18,13.22,3
396444294#18,42427426,10171337690,1,11.18,12.33,3
396444294#19,10171337690,5481850674,1,11.18,36.09,3
396444294#2,8239225234,42427477,1,11.18,10.76,3
396444294#20,5481850674,5481850672,1,11.18,6.76,3
396444294#21,5481850672,10171337651,1,11.18,205.26,3
396444294#22,10171337651,42427423,1,11.18,13.81,3
396444294#23,42427423,10171337655,1,11.18,11.51,3
396444294#24,10171337655,9913562560,1,11.18,244.94,3
396444294#3,42427477,9657516446,1,11.18,10.16,3
396444294#4,9657516446,5852207699,1,11.18,6.99,3
396444294#5,5852207699,5852207686,1,11.18,20.65,3
396444294#6,5852207686,6069996234,1,11.18,4.51,3
396444294#7,6069996234,5772387834,1,11.18,14.04,3
396444294#8,5772387834,7681358003,1,11.18,11.06,3
396444294#9,7681358003,5263790014,1,11.18,96.78,3
396444295#0,42434821,8262308988,4,11.18,6.67,12
396444295#1,8262308988,8262308993,4,11.18,63.78,12
396444295#2,8262308993,42438674,4,11.18,6.48,12
396444295#3,42438674,8262308992,4,11.18,7.24,12
396444295#4,8262308992,8261122858,4,11.18,63.41,12
396444295#5,8261122858,42427821,4,11.18,8.29,12
396444295#6,42427821,8261122857,4,11.18,7.32,12
396444295#7,8261122857,9421123761,4,11.18,57.65,12
39662323#0,42433551,6214824222,1,11.18,8.94,3
39662323#1,6214824222,42440435,1,11.18,68.92,3
39662323#2,42440435,3683162987,1,11.18,9.97,3
39662323#3,3683162987,7595185930,1,11.18,9.33,3
39662323#4,7595185930,5804835266,1,11.18,78.65,3
39662323#5,5804835266,11038072541,1,11.18,9.05,3
39662324#0,42432094,8310245554,1,11.18,5.66,3
39662324#1,8310245554,7668835409,1,11.18,55.03,3
39662324#2,7668835409,42432093,1,11.18,20.21,3
39662324#3,42432093,42432091,1,11.18,70.37,3
39662324#4,42432091,3234481788,1,11.18,32.95,3
39662324#5,3234481788,8372982783,1,11.18,34.5,3
39662324#6,8372982783,42427337,1,11.18,13.52,3
397795463#0,42439990,6598535188,5,11.18,9.21,11
397795463#1,6598535188,5475605303,5,11.18,19.85,11
397795464#0,42439984,3974095826,4,11.18,7.95,11
397795464#1,3974095826,3974095825,4,11.18,60.97,11
397795464#2,3974095825,42439981,4,11.18,10.76,11
397839400#0,42453613,3783073288,1,8.94,11.15,10
397839400#1,3783073288,3783071223,1,8.94,4.1,10
397839400#10,4161569138,42444835,1,8.94,8.34,10
397839400#2,3783071223,8309479316,1,8.94,64.64,10
397839400#3,8309479316,42437354,1,8.94,6.98,10
397839400#4,42437354,8309479315,1,8.94,6.96,10
397839400#5,8309479315,4301308542,1,8.94,63.28,10
397839400#6,4301308542,42455396,1,8.94,6.45,10
397839400#7,42455396,8309479324,1,8.94,8.05,10
397839400#8,8309479324,42453160,1,8.94,69.08,10
397839400#9,42453160,4161569138,1,8.94,69.73,10
398412590,371320656,6266152787,1,13.41,17.91,9
39956200#0,42432099,8231896472,1,11.18,10.71,3
39956200#1,8231896472,8231896479,1,11.18,55.04,3
39956200#2,8231896479,42432097,1,11.18,7.4,3
39956203#0,42433551,8231942816,1,11.18,10.02,11
39956203#1,8231942816,3234087898,1,11.18,64.5,11
39956203#2,3234087898,42433553,1,11.18,82.09,11
39956203#3,42433553,8518556691,1,11.18,30.19,11
39956205#0,42433231,8279851807,1,11.18,6.78,3
39956205#1,8279851807,3898690192,1,11.18,63.31,3
39956205#2,3898690192,42433229,1,11.18,13.03,3
400334766#0,4205820213,42422366,1,11.18,16.79,11
400334766#1,42422366,42425188,1,11.18,59.15,11
400456494#0,42447419,6512341611,1,2.78,53.28,2
400456494#1,6512341611,42456259,1,2.78,4.43,2
40174797#0,42435534,8310245565,1,11.18,5.93,3
40174797#1,8310245565,7668835412,1,11.18,30.1,3
40174797#2,7668835412,8310245556,1,11.18,23.64,3
40174797#3,8310245556,42432091,1,11.18,6.99,3
402097156#0,1506445762,3907629301,4,11.18,11.2,12
402097156#1,3907629301,2340960670,4,11.18,93.78,12
402097156#2,2340960670,10169289747,4,11.18,51.91,12
402097156#3,10169289747,6223571524,4,11.18,8.01,12
402097157#0,9452317499,7004416673,3,27.78,49.13,12
402097157#1,7004416673,42428833,3,27.78,6.61,12
402097158#0,470209120,7004416693,1,13.89,10.54,3
402097158#1,7004416693,3579426871,1,13.89,75.95,3
40337615,486849239,5079840928,2,15.65,1155.59,14
40337665,4727104610,3785707059,4,15.65,486.82,14
40337681#0,42429773,3314293721,3,11.18,11.13,12
40337681#1,3314293721,3314293717,3,11.18,56.37,12
40337681#2,3314293717,42429769,3,11.18,6.69,12
40337691,486859051,5079840929,4,15.65,133.2,14
403405990#0,42452816,8312361695,1,11.18,10.55,3
403405990#1,8312361695,8304498523,1,11.18,111.22,3
403405990#2,8304498523,42436327,1,11.18,10.41,3
404253364#0,42428705,10061230054,4,11.18,7.08,12
404253364#1,10061230054,8687882618,4,11.18,65.37,12
404253364#10,8699249551,8699249524,4,11.18,65.59,12
404253364#11,8699249524,42422006,4,11.18,7.72,12
404253364#12,42422006,8699249531,4,11.18,6.49,12
404253364#13,8699249531,8699239295,4,11.18,65.39,12
404253364#14,8699239295,42428682,4,11.18,7.24,12
404253364#15,42428682,8699239302,4,11.18,7.58,12
404253364#16,8699239302,8699239265,4,11.18,64.71,12
404253364#17,8699239265,42428678,4,11.18,7.75,12
404253364#18,42428678,8699239272,4,11.18,7.51,12
404253364#19,8699239272,8699239246,4,11.18,65.82,12
404253364#2,8687882618,42428701,4,11.18,7.14,12
404253364#20,8699239246,42428674,4,11.18,12.95,12
404253364#21,42428674,10039783371,4,11.18,12.24,12
404253364#22,10039783371,8699239233,4,11.18,66.56,12
404253364#23,8699239233,42428670,4,11.18,8.6,12
404253364#24,42428670,8699239241,4,11.18,6.26,12
404253364#25,8699239241,7182103216,4,11.18,66.04,12
404253364#26,7182103216,42421809,4,11.18,8.84,12
404253364#27,42421809,7182103213,4,11.18,6.08,12
404253364#28,7182103213,7182045960,4,11.18,66.59,12
404253364#29,7182045960,42428663,4,11.18,7.41,12
404253364#3,42428701,8687882623,4,11.18,7.32,12
404253364#30,42428663,7182045958,4,11.18,7.14,12
404253364#31,7182045958,8709397322,4,11.18,65.08,12
404253364#32,8709397322,42428661,4,11.18,7.53,12
404253364#33,42428661,8709397330,4,11.18,7.31,12
404253364#34,8709397330,8709392104,4,11.18,66.05,12
404253364#35,8709392104,42428657,4,11.18,7.39,12
404253364#36,42428657,8709392112,4,11.18,8.24,12
404253364#37,8709392112,8709392088,4,11.18,64.52,12
404253364#38,8709392088,42421775,4,11.18,8.55,12
404253364#39,42421775,8709392096,4,11.18,7.3,12
404253364#4,8687882623,8687853804,4,11.18,65.06,12
404253364#40,8709392096,8709392068,4,11.18,67.28,12
404253364#41,8709392068,42428653,4,11.18,12.59,12
404253364#5,8687853804,42428695,4,11.18,6.35,12
404253364#6,42428695,8687853810,4,11.18,7.92,12
404253364#7,8687853810,10060611745,4,11.18,65.1,12
404253364#8,10060611745,42428689,4,11.18,8.25,12
404253364#9,42428689,8699249551,4,11.18,6.07,12
404253730#0,3235708624,3235708625,1,11.18,20.15,11
404253730#1,3235708625,42428634,1,11.18,10.23,11
40709921#0,1918039864,5829779512,3,11.18,10.36,12
40709921#1,5829779512,42432082,3,11.18,135.11,12
40709927#0,42445520,8309479097,1,11.18,191.53,3
40709927#1,8309479097,42437618,1,11.18,9.11,3
40709928#0,42451660,6369613059,1,11.18,9.28,3
40709928#1,6369613059,8231877084,1,11.18,93.76,3
40709928#2,8231877084,42432111,1,11.18,6.26,3
40709928#3,42432111,8231877082,1,11.18,6.71,3
40709928#4,8231877082,8821681991,1,11.18,75.65,3
40709928#5,8821681991,5159452347,1,11.18,5.41,3
40709928#6,5159452347,486867432,1,11.18,11.8,3
40709928#7,486867432,42429756,1,11.18,16.77,3
407580298#0,1795811317,9559408286,1,13.89,179.91,3
407580298#1,9559408286,42427834,1,13.89,12.69,3
40837875#0,496707000,8279851220,1,11.18,7.03,3
40837875#1,8279851220,8279851225,1,11.18,66.88,3
40837875#2,8279851225,496707003,1,11.18,8.0,3
40879214,42452936,42424641,1,11.18,81.86,3
40879216#0,42452556,3316837973,1,11.18,24.52,3
40879216#1,3316837973,7830788153,1,11.18,30.72,3
40879216#2,7830788153,42444116,1,11.18,9.44,3
40879221#0,42457311,4985377322,2,11.18,11.56,3
40879221#1,4985377322,8281922080,2,11.18,86.24,3
40879221#2,8281922080,42448593,2,11.18,6.83,3
40879223#0,42440345,8281922172,1,11.18,6.08,4
40879223#1,8281922172,42429354,1,11.18,42.63,4
40956098#0,42427278,4625583186,2,11.18,9.64,11
40956098#1,4625583186,1253070618,2,11.18,34.28,11
40956098#2,1253070618,4561384853,2,11.18,14.43,11
409716177#0,2302133933,10166167584,1,11.18,10.3,3
409716177#1,10166167584,10166167562,1,11.18,132.92,3
409716177#2,10166167562,42456555,1,11.18,7.37,3
412115641#0,42424408,8304498079,2,11.18,12.06,12
412115641#1,8304498079,42440913,2,11.18,59.37,12
412115641#2,42440913,8310246738,2,11.18,53.33,12
412115641#3,8310246738,42436064,2,11.18,7.15,12
412115641#4,42436064,8429014580,2,11.18,7.59,12
412115641#5,8429014580,8310246734,2,11.18,53.62,12
412115641#6,8310246734,42440916,2,11.18,6.25,12
412115641#7,42440916,8310246737,2,11.18,6.94,12
412115641#8,8310246737,3874650168,2,11.18,73.31,12
412115641#9,3874650168,42440918,2,11.18,10.89,12
412117872,42436083,4142105812,1,11.18,10.75,3
412174929#0,42434842,42434839,1,11.18,38.64,12
412174929#1,42434839,2155551107,1,11.18,32.72,12
412174929#2,2155551107,42434837,1,11.18,4.85,12
412180553#0,42434842,4890599945,1,11.18,66.14,10
412180553#1,4890599945,42434855,1,11.18,8.86,10
412180553#10,8307641760,42428428,1,11.18,9.95,10
412180553#11,42428428,8307641757,1,11.18,8.27,10
412180553#12,8307641757,42432635,1,11.18,61.1,10
412180553#13,42432635,8307641747,1,11.18,72.16,10
412180553#14,8307641747,42445484,1,11.18,10.43,10
412180553#15,42445484,8307641748,1,11.18,9.4,10
412180553#16,8307641748,7641859732,1,11.18,49.6,10
412180553#17,7641859732,42427311,1,11.18,10.6,10
412180553#18,42427311,7641859736,1,11.18,7.88,10
412180553#19,7641859736,7641718033,1,11.18,62.17,10
412180553#2,42434855,8304498248,1,11.18,11.38,10
412180553#20,7641718033,42447255,1,11.18,6.79,10
412180553#3,8304498248,4890614479,1,11.18,21.98,10
412180553#4,4890614479,42430122,1,11.18,12.87,10
412180553#5,42430122,4890623898,1,11.18,15.49,10
412180553#6,4890623898,8304498330,1,11.18,54.05,10
412180553#7,8304498330,42447249,1,11.18,11.37,10
412180553#8,42447249,8304498327,1,11.18,11.74,10
412180553#9,8304498327,8307641760,1,11.18,159.98,10
412875705#0,246890098,246882230,3,13.410000000000002,11.26,13
412875705#1,246882230,246891302,3,13.410000000000002,201.13,13
412875705#2,246891302,246858445,3,13.410000000000002,12.93,13
412876925,4215665530,42426089,3,11.18,57.56,13
413045201#0,42445356,8312361682,1,11.18,10.5,11
413045201#1,8312361682,7410938066,1,11.18,104.56,11
413045201#2,7410938066,42445357,1,11.18,9.75,11
413045201#3,42445357,7410938069,1,11.18,9.1,11
413045201#4,7410938069,8304497535,1,11.18,21.19,11
413045201#5,8304497535,42436322,1,11.18,7.23,11
413045202#0,42436322,8304497537,1,11.18,9.85,3
413045202#1,8304497537,10290705665,1,11.18,24.88,3
413045202#2,10290705665,8304497531,1,11.18,112.58,3
413045202#3,8304497531,5812723036,1,11.18,6.89,3
413050334#0,42440918,246882204,4,13.41,10.44,13
413050334#1,246882204,246882134,4,13.41,51.55,13
413050334#2,246882134,4207143421,4,13.41,10.98,13
413050334#3,4207143421,42436024,4,13.41,73.25,13
413050334#4,42436024,246882085,4,13.41,63.38,13
413050334#5,246882085,42445174,4,13.41,9.3,13
413050335#0,4143812552,8304497548,1,11.18,155.44,3
413050335#1,8304497548,5812723033,1,11.18,10.58,3
413050335#2,5812723033,8304497545,1,11.18,6.6,3
413050335#3,8304497545,7536025166,1,11.18,112.67,3
413050335#4,7536025166,7410938048,1,11.18,9.73,3
413050335#5,7410938048,42449600,1,11.18,11.72,3
413050335#6,42449600,7410938045,1,11.18,10.77,3
413050335#7,7410938045,8279851438,1,11.18,104.42,3
413050335#8,8279851438,42449597,1,11.18,10.52,3
413051876#0,42437396,4143824664,1,11.18,12.82,3
413051876#1,4143824664,8262936698,1,11.18,60.37,3
413051876#2,8262936698,3772840882,1,11.18,6.83,3
413051876#3,3772840882,8262936695,1,11.18,5.43,3
413051876#4,8262936695,8262936674,1,11.18,64.58,3
413051876#5,8262936674,42436187,1,11.18,9.16,3
413052676#0,42437396,4143835080,4,13.41,11.06,13
413052676#1,4143835080,9682039657,4,13.41,39.73,13
413054285#0,42459493,8279851505,2,11.18,7.98,4
413054285#1,8279851505,8279851516,2,11.18,69.8,4
413054285#2,8279851516,6865282549,2,11.18,8.47,4
413054286#0,42431611,7439027753,4,11.18,10.32,11
413054286#1,7439027753,5135853008,4,11.18,22.65,11
413054850#0,42447246,8307641814,1,11.18,10.61,3
413054850#1,8307641814,4754110659,1,11.18,161.78,3
413054850#2,4754110659,42428431,1,11.18,10.47,3
413054857#0,42427307,7132560112,1,11.18,9.49,3
413054857#1,7132560112,8307641736,1,11.18,56.89,3
413054857#10,42448147,8304498286,1,11.18,104.3,3
413054857#11,8304498286,42453777,1,11.18,10.52,3
413054857#2,8307641736,42445481,1,11.18,8.91,3
413054857#3,42445481,8307641739,1,11.18,10.43,3
413054857#4,8307641739,42432627,1,11.18,68.76,3
413054857#5,42432627,591566825,1,11.18,8.32,3
413054857#6,591566825,8307641762,1,11.18,52.49,3
413054857#7,8307641762,42428425,1,11.18,9.07,3
413054857#8,42428425,8307641765,1,11.18,8.88,3
413054857#9,8307641765,42448147,1,11.18,53.27,3
413056164#0,2821304143,9364517376,2,11.18,9.43,11
413056164#1,9364517376,2821304142,2,11.18,31.68,11
413201428,4145424858,889585049,1,11.18,39.93,3
413202967,246899801,42451402,2,13.41,721.84,14
413203693#0,246923513,4145432042,2,27.78,10.26,12
413203693#1,4145432042,42451375,2,27.78,11.83,12
413212450#0,2034011052,7686972446,2,11.18,51.03,12
413212450#1,7686972446,42444353,2,11.18,8.2,12
413212450#2,42444353,7685185613,2,11.18,8.86,12
413212450#3,7685185613,7685185610,2,11.18,37.49,12
413212450#4,7685185610,42444479,2,11.18,5.75,12
413217631#0,370880758,8276468435,1,11.18,20.75,9
413217631#1,8276468435,42421965,1,11.18,7.83,9
413217632#0,42421960,7139608183,1,11.18,12.0,3
413217632#1,7139608183,10457330708,1,11.18,47.86,3
413217632#2,10457330708,10457330709,1,11.18,5.4,3
413217632#3,10457330709,8629148771,1,11.18,25.65,3
413217632#4,8629148771,4145794851,1,11.18,32.96,3
413217632#5,4145794851,42421965,1,11.18,5.98,3
413702744,4149739462,246900041,2,13.41,701.47,14
413704239#0,4149748669,8821317919,4,11.18,4.8,9
413704239#1,8821317919,588593232,4,11.18,6.95,9
413704239#2,588593232,4149748671,4,11.18,14.59,9
413704324,4149750390,42438030,1,11.18,8.15,3
413704325#0,4149750389,4876524540,1,11.18,10.48,3
413704325#1,4876524540,9181525951,1,11.18,13.29,3
413727897#0,4149936235,4206997145,1,11.18,10.1,3
413727897#1,4206997145,4206997153,1,11.18,27.02,3
413727897#2,4206997153,4149936245,1,11.18,6.37,3
413732107,588593059,246909454,1,11.18,32.19,9
413749473,373864855,370880731,2,17.88,2770.43,14
414669905,4157854441,205019740,1,17.88,176.45,14
414743429#0,4158673495,5708185440,1,27.78,62.27,11
414743429#1,5708185440,42448469,1,27.78,11.25,11
414743582#0,4158673495,479847979,1,11.18,76.52,11
414743582#1,479847979,4885904496,1,11.18,73.76,11
414743582#2,4885904496,42422283,1,11.18,14.99,11
414744944,3884569924,5706568672,2,11.18,41.14,12
414746383,42423628,278638234,2,22.22,34.63,9
414747619#0,7498248235,42444305,1,11.18,51.19,3
414747619#1,42444305,9390090737,1,11.18,6.64,3
414747619#2,9390090737,4878852021,1,11.18,126.28,3
414747619#3,4878852021,42427290,1,11.18,10.05,3
414749641#0,1773055862,4158786456,1,11.18,133.62,4
414749641#1,4158786456,7476968854,1,11.18,9.65,4
414750042#0,278639868,4885904500,1,11.18,7.88,3
414750042#1,4885904500,4680481152,1,11.18,78.87,3
414750042#2,4680481152,7477036740,1,11.18,36.15,3
414750042#3,7477036740,7477036738,1,11.18,15.17,3
414751458#0,4158807592,8827539964,2,27.78,12.23,12
414751458#1,8827539964,11153640062,2,27.78,3.35,12
414751458#2,11153640062,588455743,2,27.78,10.45,12
414751576#0,42425955,6678001125,1,11.18,9.04,3
414751576#1,6678001125,4878851617,1,11.18,141.12,3
414751576#2,4878851617,42427300,1,11.18,12.08,3
414893144#0,5161246307,4160368842,2,11.18,20.66,12
414893144#1,4160368842,4160352406,2,11.18,120.6,12
414893144#2,4160352406,1773063789,2,11.18,6.29,12
414894542#0,42429636,42451650,2,11.18,17.64,11
414894542#1,42451650,6369613301,2,11.18,10.31,11
414894542#2,6369613301,6369613299,2,11.18,41.2,11
414894542#3,6369613299,42453691,2,11.18,8.0,11
414894542#4,42453691,5799599841,2,11.18,10.77,11
414894542#5,5799599841,9910698777,2,11.18,94.94,11
414894542#6,9910698777,1773067304,2,11.18,97.73,11
41520108#0,42440798,4528918672,1,11.18,9.1,11
41520108#1,4528918672,6369613319,1,11.18,143.28,11
41520108#2,6369613319,42451650,1,11.18,7.88,11
415849235#0,6223969260,6223969240,1,11.18,11.13,3
415849235#1,6223969240,6223969262,1,11.18,58.14,3
415849235#2,6223969262,10173045237,1,11.18,179.21,3
415849235#3,10173045237,42443680,1,11.18,13.18,3
415882710,4168253342,246885877,2,15.65,1263.73,14
416618175#0,42427168,9566938943,1,11.18,6.85,11
416618175#1,9566938943,9566938954,1,11.18,59.12,11
416618175#2,9566938954,42427164,1,11.18,7.22,11
416618175#3,42427164,9566938953,1,11.18,7.06,11
416618175#4,9566938953,7604384330,1,11.18,64.95,11
416618175#5,7604384330,42427159,1,11.18,7.16,11
416618180,595479032,60926078,1,8.94,11.93,3
418371676#0,42435359,7372610423,1,11.18,11.41,10
418371676#1,7372610423,7099250754,1,11.18,202.57,10
418371676#10,3579432159,7004321555,1,11.18,6.43,10
418371676#11,7004321555,1506445789,1,11.18,71.41,10
418371676#12,1506445789,8376008907,1,11.18,63.97,10
418371676#13,8376008907,3579432160,1,11.18,12.44,10
418371676#14,3579432160,7001614545,1,11.18,9.98,10
418371676#15,7001614545,6864814368,1,11.18,70.72,10
418371676#16,6864814368,42435380,1,11.18,6.41,10
418371676#17,42435380,6791440543,1,11.18,6.42,10
418371676#18,6791440543,6791440561,1,11.18,169.4,10
418371676#19,6791440561,3579432162,1,11.18,12.22,10
418371676#2,7099250754,42431186,1,11.18,37.65,10
418371676#3,42431186,42435360,1,11.18,82.94,10
418371676#4,42435360,42435362,1,11.18,83.18,10
418371676#5,42435362,6993998848,1,11.18,75.09,10
418371676#6,6993998848,1506445821,1,11.18,10.29,10
418371676#7,1506445821,8379840021,1,11.18,10.0,10
418371676#8,8379840021,7004422485,1,11.18,147.58,10
418371676#9,7004422485,3579432159,1,11.18,7.96,10
420276995#0,1061531509,7515977399,3,27.78,9.66,12
420276995#1,7515977399,8780665866,3,27.78,73.25,12
420276995#2,8780665866,1061531447,3,27.78,8.36,12
420276996#0,5706568625,7837165549,2,11.18,9.99,11
420276996#1,7837165549,10581453366,2,11.18,61.12,11
420276996#2,10581453366,7630577059,2,11.18,19.98,11
420276996#3,7630577059,7630577052,2,11.18,20.72,11
420276996#4,7630577052,7515977395,2,11.18,16.18,11
420276996#5,7515977395,1061531509,2,11.18,12.11,11
420281338#0,42436701,10170605882,2,27.78,11.98,11
420281338#1,10170605882,3977886248,2,27.78,133.53,11
420281338#2,3977886248,42436700,2,27.78,11.38,11
420281339#0,42436701,3977886242,4,11.18,8.37,11
420281339#1,3977886242,3977886246,4,11.18,65.13,11
420281339#2,3977886246,42445936,4,11.18,7.52,11
420351718#0,1919595924,8307642248,2,11.18,6.97,12
420351718#1,8307642248,4202899500,2,11.18,39.27,12
420351719,4202899497,3783071112,3,11.18,22.17,12
420351720#0,4202899498,3783146165,3,11.18,41.52,12
420351720#1,3783146165,1919595921,3,11.18,8.75,12
420351721#0,42447435,3783146171,2,11.18,7.7,12
420351721#1,3783146171,9181587098,2,11.18,39.75,12
420351722#0,1919595910,3783146178,2,11.18,8.45,12
420351722#1,3783146178,4202899498,2,11.18,17.43,12
420351723#0,4202899500,8821475426,2,11.18,17.81,12
420351723#1,8821475426,3783146179,2,11.18,4.62,12
420351723#2,3783146179,1919595910,2,11.18,7.43,12
420351724#0,4202899499,8821475427,3,11.18,13.62,12
420351724#1,8821475427,3783146173,3,11.18,5.21,12
420351724#2,3783146173,42447435,3,11.18,8.8,12
420351725#0,1919595922,3783146174,2,11.18,9.41,12
420351725#1,3783146174,4202899497,2,11.18,45.35,12
420352240#0,4202908168,8821475419,4,11.18,33.03,12
420352240#1,8821475419,4241743156,4,11.18,6.28,12
420352240#2,4241743156,7480301864,4,11.18,9.6,12
420352241#0,4202908169,8821494824,4,27.78,25.24,12
420352241#1,8821494824,5829779511,4,27.78,5.03,12
420352241#2,5829779511,1918039864,4,27.78,8.64,12
420352242#0,4202899501,8821475418,3,11.18,19.9,12
420352242#1,8821475418,4241743152,3,11.18,5.55,12
420352242#2,4241743152,5798966629,3,11.18,12.31,12
420352243#0,4202908170,5829927768,4,11.18,4.03,12
420352243#1,5829927768,5829927770,4,11.18,28.16,12
420352243#2,5829927770,1918039897,4,11.18,10.9,12
420352244#0,4202908171,5829927767,4,11.18,43.43,12
420352244#1,5829927767,42428447,4,11.18,10.21,12
420352245,1918039864,1918039904,3,11.18,14.86,12
420352246#0,1919595915,5829927764,3,11.18,9.79,12
420352246#1,5829927764,5829927762,3,11.18,65.11,12
420352246#2,5829927762,1918039880,3,11.18,7.650000000000001,12
420352247#0,4202908173,5829907369,4,11.18,33.51,12
420352247#1,5829907369,42448558,4,11.18,9.11,12
420352248#0,4202908172,5829907371,4,11.18,24.55,12
420352248#1,5829907371,42448552,4,11.18,8.44,12
420352249#0,42428447,5829927772,3,11.18,10.9,12
420352249#1,5829927772,3594715134,3,11.18,14.39,12
420352250#0,42448552,5829907372,2,11.18,7.42,12
420352250#1,5829907372,5829907363,2,11.18,60.16,12
420352250#2,5829907363,5799117244,2,11.18,6.94,12
420352251#0,4202908174,8821481436,2,11.18,22.62,12
420352251#1,8821481436,3573482131,2,11.18,10.66,12
420352251#2,3573482131,4321748238,2,11.18,10.99,12
420354140#0,4202930753,4539951623,4,11.18,36.5,12
420354140#1,4539951623,486869282,4,11.18,14.53,12
420354141#0,486869282,8231896496,4,11.18,14.09,12
420354141#1,8231896496,4202930754,4,11.18,25.49,12
420354142,1773076511,42429752,2,11.18,9.96,12
420354145#0,42429782,8231896482,4,11.18,6.08,12
420354145#1,8231896482,3314293722,4,11.18,54.99,12
420354145#2,3314293722,42429773,4,11.18,10.75,12
420354146#0,486869939,8310245541,3,11.18,7.11,12
420354146#1,8310245541,7476387561,3,11.18,61.580000000000005,12
420354146#2,7476387561,486868138,3,11.18,7.47,12
420354147#0,4202930754,486869287,4,11.18,47.51,12
420354147#1,486869287,9925383728,4,11.18,7.36,12
420354147#2,9925383728,1773076511,4,11.18,12.76,12
420354362#0,5041369237,5804835280,1,11.18,54.42,11
420354362#1,5804835280,42451593,1,11.18,7.27,11
420355076#0,42437613,8309479084,3,11.18,5.849999999999999,12
420355076#1,8309479084,8821494823,3,11.18,56.78,12
420355076#2,8821494823,5829779531,3,11.18,6.87,12
420355076#3,5829779531,42437612,3,11.18,9.53,12
420355077#0,42429752,4956305806,3,11.18,11.78,12
420355077#1,4956305806,1773076513,3,11.18,35.46,12
420355078#0,4202950102,8821681995,3,11.18,34.03,12
420355078#1,8821681995,5296795595,3,11.18,6.86,12
420355078#2,5296795595,42429752,3,11.18,14.410000000000002,12
420355079,1918039904,1773082410,2,11.18,16.3,12
420355080#0,1773078006,8231909747,2,11.18,6.61,12
420355080#1,8231909747,1773082408,2,11.18,46.86,12
420355081#0,4202950101,10606723134,2,11.18,65.76,12
420355081#1,10606723134,5161246301,2,11.18,5.67,12
420355082#0,4202950099,4160344099,2,11.18,34.59,12
420355082#1,4160344099,4160342480,2,11.18,5.54,12
420355082#2,4160342480,1773060097,2,11.18,10.53,12
420355083#0,541467364,4160368840,2,11.18,47.16,12
420355083#1,4160368840,5161246307,2,11.18,25.25,12
420356168#0,42449945,10168825861,2,11.18,12.43,12
420356168#1,10168825861,4202958490,2,11.18,66.41,12
420356169#0,42449945,10168825864,2,11.18,14.39,12
420356169#1,10168825864,4011390051,2,11.18,42.94,12
420356169#2,4011390051,4202958489,2,11.18,24.47,12
420356170#0,561042204,3842788777,2,11.18,11.11,12
420356170#1,3842788777,561042203,2,11.18,9.31,12
420356171#0,42446977,10168841842,1,13.89,9.51,3
420356171#1,10168841842,10125260536,1,13.89,131.49,3
420356171#2,10125260536,42449948,1,13.89,12.58,3
420356171#3,42449948,10125260537,1,13.89,12.84,3
420356171#4,10125260537,5107733973,1,13.89,45.1,3
420356171#5,5107733973,10170589917,1,13.89,146.59,3
420356171#6,10170589917,42442943,1,13.89,13.62,3
420356172#0,42445924,10165986976,4,11.18,6.0,11
420356172#1,10165986976,10166333038,4,11.18,64.21,11
420356172#2,10166333038,42445926,4,11.18,8.18,11
420356173#0,4202958491,3944708035,5,11.18,25.58,11
420356173#1,3944708035,42444043,5,11.18,7.720000000000001,11
420356798#0,4202957549,7977873325,4,11.18,53.04,12
420356798#1,7977873325,42442842,4,11.18,7.8,12
420357249#0,6177439749,6177439755,2,11.18,12.93,11
420357249#1,6177439755,4202960389,2,11.18,157.46,11
420357268#0,9505971549,8307641621,3,11.18,39.01,12
420357268#1,8307641621,42457821,3,11.18,9.67,12
420357621#0,42427965,4918486958,2,27.78,10.35,11
420357621#1,4918486958,8586594919,2,27.78,10.95,11
420357621#2,8586594919,4918486965,2,27.78,53.1,11
420357621#3,4918486965,42427968,2,27.78,7.37,11
420357622#0,42427968,4918486970,2,27.78,8.28,11
420357622#1,4918486970,42427970,2,27.78,72.8,11
420357623,42427970,4378236618,2,27.78,9.83,11
420358886#0,4202984490,4625620215,3,11.18,34.31,13
420358886#1,4625620215,5161246307,3,11.18,13.69,13
420358887#0,42440804,8307641530,3,11.18,5.739999999999999,13
420358887#1,8307641530,8307641548,3,11.18,61.72,13
420358887#2,8307641548,42432246,3,11.18,5.78,13
420358888#0,4202984490,8307641529,2,11.18,31.41,13
420358888#1,8307641529,42440804,2,11.18,5.72,13
420358889,4202984494,42445505,2,11.18,25.3,11
420358890#0,42442247,8231877114,2,11.18,6.96,11
420358890#1,8231877114,10770328379,2,11.18,101.21,11
420358890#2,10770328379,10770328374,2,11.18,20.52,11
420358890#3,10770328374,42445494,2,11.18,6.33,11
420358891,42445505,9512923371,2,11.18,37.02,11
420358892#0,4202984496,8309479052,3,11.18,12.979999999999999,12
420358892#1,8309479052,42431165,3,11.18,9.26,12
420358893#0,42445494,8231877105,2,11.18,23.79,11
420358893#1,8231877105,42445498,2,11.18,6.06,11
420358894#0,9681910856,5829753046,3,11.18,12.300000000000002,11
420358894#1,5829753046,1918039897,3,11.18,10.79,11
420358895#0,42445498,8231877104,2,11.18,6.08,11
420358895#1,8231877104,4202984494,2,11.18,62.71,11
420358896#0,42431165,8309479051,2,11.18,7.94,12
420358896#1,8309479051,5481937335,2,11.18,11.98,12
420358896#2,5481937335,8309479120,2,11.18,49.46,12
420358896#3,8309479120,42445534,2,11.18,6.09,12
420358896#4,42445534,8309479119,2,11.18,7.15,12
420358896#5,8309479119,7059780018,2,11.18,81.33,12
420358896#6,7059780018,4202984497,2,11.18,148.61,12
420358897#0,4202984497,3919350763,3,11.18,16.71,12
420358897#1,3919350763,42439236,3,11.18,11.46,12
420358898#0,42445511,5829753047,2,11.18,11.24,12
420358898#1,5829753047,8309479016,2,11.18,84.94,12
420358898#2,8309479016,1692433916,2,11.18,7.28,12
420358898#3,1692433916,8309479015,2,11.18,6.97,12
420358898#4,8309479015,42421927,2,11.18,34.96,12
420358898#5,42421927,8309479059,2,11.18,39.77,12
420358898#6,8309479059,42445520,2,11.18,8.06,12
420494981#0,42439990,2435108452,1,27.78,12.06,11
420494981#1,2435108452,8250908767,1,27.78,66.67,11
420494981#2,8250908767,8318633104,1,27.78,152.76,11
420496090#0,42434085,10165986958,2,27.78,9.04,11
420496090#1,10165986958,3976829278,2,27.78,73.22,11
420496091#0,42429976,10125147530,3,11.18,7.12,11
420496091#1,10125147530,10125147529,3,11.18,65.42,11
420496091#2,10125147529,42447030,3,11.18,6.98,11
420496091#3,42447030,10125147534,3,11.18,7.34,11
420496091#4,10125147534,10125147533,3,11.18,65.16,11
420496091#5,10125147533,42436516,3,11.18,7.11,11
420496091#6,42436516,10166509686,3,11.18,7.93,11
420496091#7,10166509686,10125147538,3,11.18,22.73,11
420496529#0,42443950,9965135077,5,11.18,9.04,11
420496529#1,9965135077,9965135066,5,11.18,59.529999999999994,11
420496529#2,9965135066,42452973,5,11.18,9.32,11
420499931#0,42445909,4903169923,2,11.18,10.58,11
420499931#1,4903169923,9965135080,2,11.18,133.92,11
420499931#2,9965135080,42443950,2,11.18,12.07,11
420499932#0,42445899,3252586224,4,11.18,8.82,11
420499932#1,3252586224,10168210241,4,11.18,63.63,11
420499932#2,10168210241,42445903,4,11.18,8.22,11
420499932#3,42445903,10168210237,4,11.18,7.08,11
420499932#4,10168210237,7782216992,4,11.18,67.84,11
420499932#5,7782216992,42445365,4,11.18,13.64,11
420509471#0,42437663,5851792230,2,11.18,15.16,12
420509471#1,5851792230,5481859182,2,11.18,41.96,12
420509471#2,5481859182,2649092010,2,11.18,101.79,12
420509471#3,2649092010,10691086268,2,11.18,7.84,12
420509471#4,10691086268,10691086265,2,11.18,7.5,12
420509471#5,10691086265,8660596958,2,11.18,87.86,12
420509471#6,8660596958,42435644,2,11.18,14.18,12
420512231#0,42438547,10168911604,4,11.18,7.08,11
420512231#1,10168911604,11147382164,4,11.18,62.46,11
420512231#2,11147382164,42434807,4,11.18,8.95,11
420512232#0,42434807,11147382166,1,11.18,11.7,4
420512232#1,11147382166,2703104396,1,11.18,3.11,4
420514148,42436748,4597668043,1,11.18,11.07,3
420514149#0,42436748,10166167631,3,11.18,7.2,12
420514149#1,10166167631,8119462490,3,11.18,63.91,12
420514149#2,8119462490,42445409,3,11.18,7.8,12
420514149#3,42445409,8119462481,3,11.18,5.8,12
420514149#4,8119462481,8119462463,3,11.18,64.7,12
420514149#5,8119462463,42456568,3,11.18,7.099999999999999,12
420519634,9971262460,9971262462,2,11.18,70.42,11
420519635#0,42448693,10166167539,3,11.18,12.4,12
420519635#1,10166167539,10166167524,3,11.18,64.86,12
420519635#2,10166167524,42436578,3,11.18,6.010000000000001,12
420520112#0,4597668038,10172843106,1,11.18,8.25,3
420520112#1,10172843106,8569045595,1,11.18,151.36,3
420520112#2,8569045595,42428179,1,11.18,9.39,3
420520113#0,42437021,3252590544,2,11.18,8.29,12
420520113#1,3252590544,9679181039,2,11.18,60.77,12
420520113#2,9679181039,42437280,2,11.18,6.64,12
420522049#0,42449098,246862616,4,13.41,11.34,13
420522049#1,246862616,42440946,4,13.41,63.97,13
420522049#2,42440946,42453472,4,13.41,110.87,13
420522049#3,42453472,246882949,4,13.41,56.2,13
420522049#4,246882949,42439099,4,13.41,9.17,13
420522049#5,42439099,593816490,4,13.41,8.89,13
420522049#6,593816490,246861652,4,13.41,99.28,13
420522049#7,246861652,246649429,4,13.41,31.32,13
420522050,593816391,246648627,3,13.410000000000002,82.96,13
420522443#0,42432194,8307642050,1,11.18,6.64,11
420522443#1,8307642050,8307642056,1,11.18,66.61,11
420522443#2,8307642056,42432199,1,11.18,5.48,11
420522443#3,42432199,8307642059,1,11.18,6.12,11
420522443#4,8307642059,42432201,1,11.18,67.83,11
420522444#0,42449067,8309479764,1,11.18,9.13,3
420522444#1,8309479764,8309479737,1,11.18,288.1,3
420522444#2,8309479737,42430247,1,11.18,12.3,3
420522695#0,42428493,3670742435,1,11.18,10.07,3
420522695#1,3670742435,3670742477,1,11.18,59.34,3
420522695#2,3670742477,42440721,1,11.18,11.67,3
420526338#0,42428471,8309479157,1,11.18,8.41,3
420526338#1,8309479157,3919350758,1,11.18,103.41,3
420526338#2,3919350758,42439236,1,11.18,11.61,3
420530113#0,42430782,8214320103,3,11.18,10.67,11
420530113#1,8214320103,9627010520,3,11.18,34.27,11
420530113#2,9627010520,42430770,3,11.18,9.22,11
420530114#0,42431515,42431517,1,11.18,76.36,3
420530114#1,42431517,8309469091,1,11.18,55.34,3
420530114#2,8309469091,42431519,1,11.18,7.65,3
420530114#3,42431519,8309469092,1,11.18,8.02,3
420530114#4,8309469092,8214331037,1,11.18,58.12,3
420530114#5,8214331037,42431524,1,11.18,5.84,3
420530114#6,42431524,9627010521,1,11.18,5.66,3
420530114#7,9627010521,8214320106,1,11.18,11.32,3
420530114#8,8214320106,42430782,1,11.18,16.6,3
420589988#0,4205440405,9559408290,3,11.18,37.2,12
420589988#1,9559408290,2141026540,3,11.18,5.849999999999999,12
420589989#0,4205440407,10170605794,3,11.18,37.49,12
420589989#1,10170605794,42439891,3,11.18,7.489999999999999,12
420589990#0,42439891,10170605797,2,11.18,6.51,12
420589990#1,10170605797,4205440404,2,11.18,28.2,12
420589991#0,4205440420,9557088471,3,11.18,36.67,12
420589991#1,9557088471,2141026518,3,11.18,12.520000000000001,12
420589993#0,4205440401,10170605763,3,11.18,36.87,12
420589993#1,10170605763,42436003,3,11.18,7.59,12
420589994#0,4205440423,9557088478,3,11.18,37.26,12
420589994#1,9557088478,2141026495,3,11.18,6.43,12
420589995#0,4205440416,9557104487,3,11.18,38.4,12
420589995#1,9557104487,2141026514,3,11.18,6.53,12
420589997#0,4205440400,10171603041,3,11.18,39.98,12
420589997#1,10171603041,2141026532,3,11.18,10.800000000000002,12
420589999#0,4205440397,10170797786,3,11.18,53.32,12
420589999#1,10170797786,2141026515,3,11.18,6.21,12
420590000#0,4205440412,9557110318,2,11.18,34.71,12
420590000#1,9557110318,2141026505,2,11.18,6.95,12
420590001#0,4205440404,10171603042,3,11.18,39.81,12
420590001#1,10171603042,42439887,3,11.18,10.839999999999998,12
420590003#0,2141026505,9557110321,2,11.18,7.3,12
420590003#1,9557110321,6908683481,2,11.18,10.24,12
420590003#2,6908683481,6908723691,2,11.18,17.04,12
420590003#3,6908723691,9557104497,2,11.18,38.02,12
420590003#4,9557104497,2141026520,2,11.18,6.16,12
420590003#5,2141026520,9557104493,2,11.18,7.95,12
420590003#6,9557104493,4205440416,2,11.18,26.56,12
420590005#0,2141026532,10171603040,2,11.18,11.03,12
420590005#1,10171603040,10170605798,2,11.18,67.75,12
420590005#2,10170605798,2141026507,2,11.18,6.59,12
420590005#3,2141026507,10170605795,2,11.18,7.63,12
420590005#4,10170605795,4205440405,2,11.18,27.59,12
420590007#0,2141026515,10170797781,2,11.18,7.95,12
420590007#1,10170797781,10170605760,2,11.18,64.86,12
420590007#2,10170605760,2141026494,2,11.18,6.51,12
420590014#0,2141026540,9557110360,2,11.18,8.05,12
420590014#1,9557110360,9557110363,2,11.18,65.32,12
420590014#2,9557110363,2141026542,2,11.18,6.68,12
420590014#3,2141026542,9557110366,2,11.18,7.16,12
420590014#4,9557110366,4205440412,2,11.18,30.6,12
420590021#0,2141026502,9557086584,2,11.18,7.61,12
420590021#1,9557086584,9557086572,2,11.18,65.31,12
420590021#2,9557086572,2141026496,2,11.18,6.4,12
420590021#3,2141026496,9557086575,2,11.18,7.51,12
420590021#4,9557086575,4205440420,2,11.18,29.12,12
420590024#0,4205440399,9559408307,1,27.78,35.16,11
420590024#1,9559408307,3099327955,1,27.78,12.14,11
420590028#0,4205440414,9557104508,3,27.78,33.81,11
420590028#1,9557104508,3099327935,3,27.78,5.91,11
420590032#0,4205440398,9559444359,1,27.78,27.86,11
420590032#1,9559444359,42453258,1,27.78,11.54,11
420590033#0,3099327935,9557104507,2,27.78,6.76,11
420590033#1,9557104507,8212384292,2,27.78,60.35,11
420590033#2,8212384292,3099326122,2,27.78,10.4,11
420590034#0,4205440406,9557110326,1,27.78,26.74,11
420590034#1,9557110326,3099327930,1,27.78,9.56,11
420590035#0,4205440402,9559408276,1,27.78,20.55,11
420590035#1,9559408276,42445587,1,27.78,7.26,11
420590036#0,42453258,9559408306,2,27.78,12.13,11
420590036#1,9559408306,9559408302,2,27.78,66.19,11
420590036#2,9559408302,42434361,2,27.78,7.14,11
420590037#0,4205440403,9557110352,1,27.78,27.31,11
420590037#1,9557110352,3099327951,1,27.78,7.61,11
420590038#0,9449106388,9559408303,2,27.78,24.84,11
420590038#1,9559408303,3099327961,2,27.78,7.04,11
420590038#2,3099327961,9559408304,2,27.78,6.81,11
420590038#3,9559408304,4205440399,2,27.78,31.37,11
420590039#0,4205440410,9557110327,1,27.78,28.32,11
420590039#1,9557110327,42440376,1,27.78,7.61,11
420590040,4205440431,42432980,2,11.18,29.15,11
420590041,4205440429,2504882506,1,11.18,80.22,11
420590042,2504882506,4205440430,1,11.18,31.34,11
420590043#0,42432963,9903127417,1,11.18,13.08,11
420590043#1,9903127417,4205440425,1,11.18,24.3,11
420590044#0,42432961,7784459411,1,11.18,8.21,11
420590044#1,7784459411,4205440422,1,11.18,23.8,11
420590045#0,42432954,7784459443,1,11.18,8.03,11
420590045#1,7784459443,4205440415,1,11.18,24.08,11
420590046,4205440426,10005912258,1,11.18,44.32,11
420590047,4205440422,4205440424,1,11.18,262.08,11
420590048#0,42432960,7784459420,1,11.18,5.99,11
420590048#1,7784459420,4205440418,1,11.18,23.46,11
420590049#0,4205440415,7784459451,1,11.18,40.47,11
420590049#1,7784459451,42432955,1,11.18,7.64,11
420590050#0,42432950,10171603055,1,11.18,8.0,11
420590050#1,10171603055,4205440409,1,11.18,25.27,11
420590052#0,4205440419,7784459412,2,11.18,20.84,11
420590052#1,7784459412,42432961,2,11.18,8.42,11
420590053,4205440430,4205440431,1,11.18,21.71,11
420590054#0,42432955,7784459450,1,11.18,6.55,11
420590054#1,7784459450,7784459458,1,11.18,65.61,11
420590054#2,7784459458,42432956,1,11.18,8.27,11
420590055#0,42432956,7784459457,1,11.18,7.54,11
420590055#1,7784459457,4205440417,1,11.18,21.89,11
420590056#0,4205440409,7784459435,1,11.18,43.2,11
420590056#1,7784459435,42439588,1,11.18,10.94,11
420590057,4205440428,4205440429,2,11.18,26.02,11
420590059,4205440427,42431643,2,27.78,29.32,11
420590060#0,4205440411,7784459444,1,11.18,43.6,11
420590060#1,7784459444,42432954,1,11.18,6.72,11
420590061,42432967,42432970,1,11.18,79.23,11
420590063#0,42431643,42432974,1,11.18,80.05,11
420590063#1,42432974,4205440428,1,11.18,55.28,11
420590064#0,42432980,42432983,1,11.18,82.71,11
420590064#1,42432983,5475725290,1,11.18,47.48,11
420590065,4205440425,4205440426,1,11.18,47.45,11
420590066,4205440418,4205440419,1,11.18,23.3,11
420590067#0,4205440424,9903106015,2,11.18,21.33,11
420590067#1,9903106015,42432963,2,11.18,12.3,11
420590068#0,42453717,8795723384,2,27.78,7.69,12
420590068#1,8795723384,10049830845,2,27.78,42.46,12
420590068#2,10049830845,561035343,2,27.78,11.61,12
420590069#0,42442584,10050045627,2,27.78,13.84,12
420590069#1,10050045627,4207752456,2,27.78,70.55,12
420590070#0,42428863,10049830849,2,27.78,10.41,12
420590070#1,10049830849,5266458373,2,27.78,35.11,12
420590072#0,9903127424,4205440421,2,11.18,16.68,11
420590072#1,4205440421,8758299311,2,11.18,65.96,11
420590072#2,8758299311,2141026518,2,11.18,11.23,11
420590073,2141026518,42434246,1,27.78,15.54,11
420590075,2141026495,42439924,1,13.89,15.42,3
420598230#0,42446889,4298757073,4,27.78,6.47,12
420598230#1,4298757073,4298757029,4,27.78,36.39,12
420598230#2,4298757029,4298757043,4,27.78,20.99,12
420598230#3,4298757043,42437289,4,27.78,8.38,12
420598230#4,42437289,4298757024,4,27.78,6.8,12
420598230#5,4298757024,8831369657,4,27.78,46.21,12
420598232#0,4205565489,4161568338,5,11.18,32.87,12
420598232#1,4161568338,42440743,5,11.18,12.33,12
420598234#0,4205565496,10606695718,4,11.18,19.62,12
420598234#1,10606695718,1251612266,4,11.18,9.16,12
420598236#0,42442881,10165972518,4,27.78,6.97,12
420598236#1,10165972518,4205565499,4,27.78,37.75,12
420598238,1251612266,4205565495,4,11.18,40.03,12
420598241#0,42439178,10166118082,4,27.78,7.19,12
420598241#1,10166118082,4205565501,4,27.78,36.64,12
420598248#0,42436942,8309479675,4,11.18,6.78,12
420598248#1,8309479675,4205565490,4,11.18,43.13,12
420598252#0,4205565490,8309479599,4,11.18,24.65,12
420598252#1,8309479599,42442870,4,11.18,7.25,12
420598256#0,42431464,8310246167,4,11.18,6.74,12
420598256#1,8310246167,4205565492,4,11.18,21.8,12
420598262#0,42440737,8309479683,4,11.18,11.92,12
420598262#1,8309479683,4205565491,4,11.18,47.6,12
420598266#0,1692450029,10165972529,4,11.18,7.1,12
420598266#1,10165972529,4205565502,4,11.18,35.25,12
420598270#0,4205565492,8309479681,5,11.18,47.57,12
420598270#1,8309479681,42440737,5,11.18,10.24,12
420598275#0,4205565502,10166118081,4,11.18,24.11,12
420598275#1,10166118081,42439178,4,11.18,7.2,12
420598281#0,4205565501,10165972521,4,27.78,23.92,12
420598281#1,10165972521,42442881,4,27.78,6.95,12
420598286#0,4205565491,8309479673,4,11.18,21.64,12
420598286#1,8309479673,42436942,4,11.18,7.06,12
420598289#0,4205565497,4129804713,4,11.18,20.32,12
420598289#1,4129804713,42442877,4,11.18,7.62,12
420598294#0,42442877,4129804701,4,11.18,6.89,12
420598294#1,4129804701,4205565496,4,11.18,38.76,12
420598299#0,4205565499,4129804732,4,27.78,22.75,12
420598299#1,4129804732,42437287,4,27.78,6.85,12
420598304#0,4205565495,4191922371,4,11.18,33.58,12
420598304#1,4191922371,42431464,4,11.18,7.97,12
420598310#0,42440721,3670742481,2,11.18,12.5,12
420598310#1,3670742481,4205565498,2,11.18,41.45,12
420598323#0,42430805,4320028818,3,11.18,12.51,11
420598323#1,4320028818,4320028807,3,11.18,24.88,11
420598323#2,4320028807,42430803,3,11.18,12.32,11
420598327#0,9418022243,10171337698,5,11.18,52.92999999999999,11
420598327#1,10171337698,42437890,5,11.18,12.21,11
420598330#0,42434807,11147382165,4,11.18,7.16,11
420598330#1,11147382165,9119739665,4,11.18,45.31,11
420598332#0,9754548550,11147382154,5,11.18,27.68,11
420598332#1,11147382154,42435629,5,11.18,6.94,11
420598333#0,4205565523,10171509280,4,11.18,38.38,11
420598333#1,10171509280,5849918502,4,11.18,7.63,11
420598335#0,4205565518,10171509289,4,11.18,41.54,11
420598335#1,10171509289,42435610,4,11.18,7.17,11
420598337#0,4205565514,8262308803,3,11.18,26.51,11
420598337#1,8262308803,42435603,3,11.18,7.14,11
420598339#0,4205565533,10171509266,3,11.18,30.899999999999995,11
420598339#1,10171509266,42435624,3,11.18,12.89,11
420598345#0,42435598,8262308758,3,11.18,6.93,11
420598345#1,8262308758,8262308794,3,11.18,65.77,11
420598345#2,8262308794,42435599,3,11.18,6.8,11
420598349#0,42435610,10171509292,3,11.18,6.11,11
420598349#1,10171509292,10171337723,3,11.18,60.669999999999995,11
420598349#2,10171337723,42427381,3,11.18,6.56,11
420598356#0,42435603,8262308802,3,11.18,7.22,11
420598356#1,8262308802,10172816365,3,11.18,59.32,11
420598356#2,10172816365,42429662,3,11.18,7.71,11
420598366#0,42435624,10171509268,4,11.18,12.06,11
420598366#1,10171509268,10171509222,4,11.18,62.57,11
420598366#2,10171509222,42427427,4,11.18,8.36,11
420598366#3,42427427,10171509226,4,11.18,8.51,11
420598366#4,10171509226,4205565537,4,11.18,21.8,11
420598373#0,4205565512,10166167537,3,11.18,42.88,11
420598373#1,10166167537,4597668041,3,11.18,9.6,11
420598391#0,4205565503,10172843113,2,11.18,32.61,12
420598391#1,10172843113,42456543,2,11.18,6.07,12
420598398#0,3786901729,8119462436,2,11.18,20.47,12
420598398#1,8119462436,4597668020,2,11.18,8.95,12
420598402,4597668035,3670742453,2,11.18,6.76,11
420598407#0,42435624,9971262478,2,11.18,12.24,11
420598407#1,9971262478,4205565530,2,11.18,248.68,11
420598407#2,4205565530,42437890,2,11.18,12.87,11
420598415,4205565526,9971262472,2,11.18,191.45,11
420623112#0,4205805395,8687882789,3,11.18,24.209999999999997,12
420623112#1,8687882789,1061531807,3,11.18,11.11,12
420623113#0,4205805401,8687882776,2,11.18,39.24,12
420623113#1,8687882776,42428714,2,11.18,11.32,12
420623114#0,4205805394,8687882734,2,11.18,30.72,12
420623114#1,8687882734,42428711,2,11.18,8.74,12
420623115#0,4205805399,7801775714,3,11.18,22.87,12
420623115#1,7801775714,1061531504,3,11.18,6.75,12
420623116#0,42428714,8687882790,2,11.18,10.73,12
420623116#1,8687882790,4205805394,2,11.18,37.83,12
420623117#0,4205805393,3875114024,4,27.78,25.25,12
420623117#1,3875114024,42443381,4,27.78,13.77,12
420623118#0,42442469,9193943841,1,11.18,10.96,11
420623118#1,9193943841,4205805391,1,11.18,206.77,11
420623119,4205805390,3248774451,1,11.18,85.16,11
420623120#0,9906904518,3248774664,3,11.18,11.99,11
420623120#1,3248774664,3392519879,3,11.18,27.570000000000004,11
420623120#2,3392519879,42427915,3,11.18,12.22,11
420623121#0,7106818626,7106818630,2,11.18,11.41,11
420623121#1,7106818630,4205805392,2,11.18,38.63,11
420623122,4205805400,7065533341,2,27.78,12.66,11
420623123#0,42431099,8687882768,2,27.78,12.97,11
420623123#1,8687882768,4205805400,2,27.78,26.91,11
420623124#0,4205805396,7004379678,2,27.78,33.71,11
420623124#1,7004379678,1061531807,2,27.78,8.97,11
420623125#0,42428714,2542108150,1,27.78,9.77,11
420623125#1,2542108150,1061531807,1,27.78,12.84,11
420623126#0,42431096,9492542188,1,11.18,7.33,10
420623126#1,9492542188,4205805397,1,11.18,34.86,10
420623127#0,4205805397,8687882791,2,22.22,30.63,10
420623127#1,8687882791,42431099,2,22.22,12.01,10
420623128#0,42431102,7801775761,1,11.18,7.6,10
420623128#1,7801775761,4205805402,1,11.18,38.49,10
420624663,4205820212,42425223,2,11.18,30.42,11
420625559#0,42443426,10171363569,3,11.18,7.010000000000001,12
420625559#1,10171363569,10166004017,3,11.18,64.97,12
420625559#2,10166004017,42443413,3,11.18,8.56,12
420625560#0,4205830389,10166004094,4,11.18,13.37,12
420625560#1,10166004094,42443406,4,11.18,9.89,12
420625561#0,42443413,10166004018,3,11.18,6.46,12
420625561#1,10166004018,10166004041,3,11.18,64.56,12
420625561#2,10166004041,42432744,3,11.18,8.95,12
420625562#0,9658346967,10171363584,4,11.18,12.48,12
420625562#1,10171363584,42421737,4,11.18,12.75,12
420625563#0,42421737,10171363585,3,11.18,11.69,12
420625563#1,10171363585,10166004032,3,11.18,67.01,12
420625563#2,10166004032,42437917,3,11.18,7.22,12
420625563#3,42437917,10166004033,3,11.18,6.72,12
420625563#4,10166004033,4205830389,3,11.18,52.22,12
420625564#0,4205830397,7004436786,1,27.78,31.67,11
420625564#1,7004436786,1061531654,1,27.78,11.15,11
420625565#0,4205830391,10171363559,1,27.78,27.74,11
420625565#1,10171363559,42421731,1,27.78,8.06,11
420625567#0,42421741,10166004077,1,27.78,10.44,11
420625567#1,10166004077,10171363586,1,27.78,249.82,11
420625567#2,10171363586,42421737,1,27.78,12.53,11
420625568#0,42421749,6900903307,1,27.78,12.86,11
420625568#1,6900903307,6900903299,1,27.78,33.36,11
420625569,4205830395,4205830397,1,27.78,113.15,11
420625570#0,42421731,10171363562,1,27.78,10.32,11
420625570#1,10171363562,4205830392,1,27.78,53.28,11
420625573#0,42421728,7784826658,1,27.78,11.79,11
420625573#1,7784826658,4205830390,1,27.78,24.79,11
420625575#0,42443413,10165989516,1,13.89,13.77,3
420625575#1,10165989516,10171241056,1,13.89,111.05,3
420625575#2,10171241056,42447295,1,13.89,10.66,3
420625575#3,42447295,10171241053,1,13.89,9.53,3
420625575#4,10171241053,9796881841,1,13.89,116.94,3
420625575#5,9796881841,42435341,1,13.89,11.9,3
420626378#0,4205865492,6214889052,5,11.18,12.12,12
420626378#1,6214889052,42456076,5,11.18,8.3,12
420626386#0,4205865489,7834025568,5,11.18,30.47,12
420626386#1,7834025568,42429342,5,11.18,12.49,12
420626388#0,4205865491,7140667649,5,11.18,12.04,12
420626388#1,7140667649,42436551,5,11.18,8.47,12
420626393#0,42429342,7834025550,4,11.18,12.13,12
420626393#1,7834025550,4205865490,4,11.18,52.31,12
420626395#0,4205865490,7834030823,5,11.18,13.26,12
420626395#1,7834030823,42454196,5,11.18,6.75,12
420626396#0,42436551,7140667644,4,11.18,7.04,12
420626396#1,7140667644,7140667646,4,11.18,64.85,12
420626396#2,7140667646,42444820,4,11.18,6.42,12
420626396#3,42444820,7140667637,4,11.18,7.72,12
420626396#4,7140667637,4205865492,4,11.18,53.25,12
420626397#0,42454196,7834025533,4,11.18,8.34,12
420626397#1,7834025533,7834025538,4,11.18,64.59,12
420626397#2,7834025538,42445748,4,11.18,6.45,12
420626397#3,42445748,7834025546,4,11.18,8.39,12
420626397#4,7834025546,4205865491,4,11.18,52.45,12
420627056#0,4205892229,6670244837,2,11.18,55.37,10
420627056#1,6670244837,42428005,2,11.18,12.87,10
420629927,4205946597,4205946598,3,11.18,26.24,12
420629930#0,42427358,3783146162,2,11.18,8.59,12
420629930#1,3783146162,7115850098,2,11.18,143.38,12
420629930#2,7115850098,4205946599,2,11.18,38.56,12
420629936#0,4205946598,5798967015,3,11.18,4.37,12
420629936#1,5798967015,42453613,3,11.18,11.17,12
420629940#0,4205946595,3783073250,3,11.18,19.31,12
420629940#1,3783073250,3783073218,3,11.18,4.17,12
420629940#2,3783073218,370893396,3,11.18,9.71,12
420629945,42423051,42454391,2,11.18,29.67,12
420772653,42431626,246858448,1,11.18,26.59,11
420772654#0,246858448,5813259909,3,13.410000000000002,11.410000000000002,13
420772654#1,5813259909,9053623216,3,13.410000000000002,14.04,13
420802027#0,3569749128,3569749130,2,11.18,19.17,12
420802027#1,3569749130,42455932,2,11.18,24.19,12
420802028#0,6090927937,3814476691,2,27.78,17.98,11
420802028#1,3814476691,3569749143,2,27.78,28.39,11
420802028#2,3569749143,595105499,2,27.78,8.88,11
420806145#0,4288677093,4918486100,4,11.18,8.93,12
420806145#1,4918486100,10170751084,4,11.18,64.78,12
420806145#2,10170751084,6177439759,4,11.18,8.8,12
420806146#0,4207124945,10125255956,2,11.18,23.52,11
420806146#1,10125255956,42436707,2,11.18,12.38,11
420809408#0,4207143427,4629486881,2,11.18,21.22,13
420809408#1,4629486881,42440850,2,11.18,11.7,13
420809409#0,4207143426,4892579968,2,11.18,30.9,13
420809409#1,4892579968,42436083,2,11.18,10.03,13
420809410,246889572,9611529611,2,11.18,20.05,13
420809411#0,4142105811,4602429333,3,11.18,54.76,13
420809411#1,4602429333,4142105822,3,11.18,12.449999999999998,13
420809412,42440850,4207143432,3,11.18,42.05,13
420809413#0,42436083,4872871132,1,11.18,11.42,13
420809413#1,4872871132,4207143427,1,11.18,44.72,13
420809414#0,4142105822,4602429320,2,11.18,15.72,13
420809414#1,4602429320,4629486879,2,11.18,10.18,13
420809415#0,9611529611,3874650183,3,11.18,11.79,13
420809415#1,3874650183,3316533531,3,11.18,65.44,13
420809415#2,3316533531,42440873,3,11.18,7.59,13
420809416,42440854,9611529610,2,11.18,14.89,13
420809417#0,42424619,4602429322,1,11.18,12.86,13
420809417#1,4602429322,42440847,1,11.18,75.27,13
420809417#2,42440847,4207143426,1,11.18,32.47,13
420809419#0,8429031603,8429031602,2,11.18,71.94,11
420809419#1,8429031602,42436359,2,11.18,5.69,11
420809419#10,8429031597,42436371,2,11.18,7.84,11
420809419#2,42436359,8429031601,2,11.18,7.86,11
420809419#3,8429031601,8429031599,2,11.18,66.59,11
420809419#4,8429031599,42436364,2,11.18,6.87,11
420809419#5,42436364,8429031600,2,11.18,7.74,11
420809419#6,8429031600,8429031595,2,11.18,66.32,11
420809419#7,8429031595,42436369,2,11.18,6.55,11
420809419#8,42436369,8429031594,2,11.18,8.26,11
420809419#9,8429031594,8429031597,2,11.18,64.14,11
420809420#0,42448570,4629486887,4,13.41,12.52,13
420809420#1,4629486887,42440532,4,13.41,53.38,13
420809420#10,5708228060,42436903,4,13.41,12.62,13
420809420#2,42440532,246878876,4,13.41,3.44,13
420809420#3,246878876,9607729579,4,13.41,10.67,13
420809420#4,9607729579,42453442,4,13.41,83.05,13
420809420#5,42453442,246877762,4,13.41,68.87,13
420809420#6,246877762,591454081,4,13.41,11.02,13
420809420#7,591454081,246876730,4,13.41,9.87,13
420809420#8,246876730,42452008,4,13.41,70.22,13
420809420#9,42452008,5708228060,4,13.41,33.17,13
420809421,4207143417,246858448,6,13.409999999999998,84.97000000000001,13
420809425#0,4207143416,5708239346,6,13.409999999999998,50.300000000000004,13
420809425#1,5708239346,246858435,6,13.409999999999998,12.44,13
420809434,4207143439,246890579,4,13.41,75.07,13
420809438#0,4207143437,246857084,4,13.41,16.65,13
420809438#1,246857084,4629486886,4,13.41,4.9,13
420809438#2,4629486886,9609713318,4,13.41,12.07,13
420809439,9611529610,246889572,5,13.41,71.96,13
420809440#0,4207143415,5815248549,6,13.409999999999998,44.12,13
420809440#1,5815248549,42429570,6,13.409999999999998,12.06,13
420809441,4207143436,42448570,5,13.41,79.32,13
420809442,4207143422,246890279,4,13.41,64.31,13
420809443#0,4207143435,246889362,5,13.41,55.35,13
420809443#1,246889362,9611529609,5,13.41,8.37,13
420809443#2,9611529609,9611529610,5,13.41,15.7,13
420809445#0,246890579,246878875,3,13.410000000000002,11.300000000000002,13
420809445#1,246878875,4207143437,3,13.410000000000002,34.95,13
420809446#0,246889572,246881639,3,13.410000000000002,9.44,13
420809446#1,246881639,9611529612,3,13.410000000000002,74.65,13
420809446#2,9611529612,246881975,3,13.410000000000002,3.6199999999999997,13
420809446#3,246881975,246882084,3,13.410000000000002,20.51,13
420809446#4,246882084,4207143422,3,13.410000000000002,72.63,13
420809448,9609713318,9647821378,3,13.410000000000002,212.49,13
420810619#0,4207150077,5083818852,3,11.18,37.37,11
420810619#1,5083818852,272195271,3,11.18,10.5,11
420810620#0,4207150078,42428414,1,11.18,18.26,11
420810620#1,42428414,8307637697,1,11.18,41.98,11
420810620#2,8307637697,42428411,1,11.18,7.49,11
420810621#0,42453038,8312361625,2,11.18,14.56,11
420810621#1,8312361625,4207150079,2,11.18,46.79,11
420810622#0,42434845,8304498188,2,11.18,9.26,11
420810622#1,8304498188,8312344402,2,11.18,58.17,11
420810622#2,8312344402,42445702,2,11.18,7.38,11
420810623#0,4207150079,8312361644,2,11.18,26.25,11
420810623#1,8312361644,42448162,2,11.18,10.61,11
420863269,1763787328,42425780,2,27.78,9.28,12
420863270,4207641230,1763787328,2,27.78,29.23,12
420863271#0,4207641229,9561420935,2,27.78,29.99,12
420863271#1,9561420935,42431242,2,27.78,8.79,12
420863272,4207641228,4207641229,2,27.78,38.72,12
420863273#0,42427870,9561420933,2,27.78,13.06,12
420863273#1,9561420933,4207641228,2,27.78,28.18,12
420863274#0,42431242,9561420937,2,27.78,10.46,12
420863274#1,9561420937,4207641231,2,27.78,30.85,12
420863275#0,42427870,9561420930,2,27.78,11.46,12
420863275#1,9561420930,4207641227,2,27.78,26.72,12
420871053#0,42449843,4980851582,4,11.18,7.61,12
420871053#1,4980851582,9372214665,4,11.18,7.66,12
420871053#2,9372214665,9372214668,4,11.18,12.0,12
420871053#3,9372214668,5748388923,4,11.18,12.36,12
420871053#4,5748388923,4207953793,4,11.18,19.09,12
420871055#0,4207669597,7927319034,5,11.18,14.059999999999999,12
420871055#1,7927319034,42443092,5,11.18,10.21,12
420871058#0,4207669596,5482291280,5,11.18,4.05,12
420871058#1,5482291280,10166326177,5,11.18,18.96,12
420871058#2,10166326177,42439497,5,11.18,7.5,12
420871059#0,4207669594,10170834268,5,11.18,44.17,12
420871059#1,10170834268,42443085,5,11.18,11.69,12
420871062#0,42443092,7927319024,4,11.18,5.74,12
420871062#1,7927319024,8796934784,4,11.18,65.04,12
420871062#2,8796934784,42435234,4,11.18,7.44,12
420871065#0,42439497,10166326173,4,11.18,6.86,12
420871065#1,10166326173,10170834278,4,11.18,64.93,12
420871065#2,10170834278,42443088,4,11.18,7.98,12
420871070#0,42443116,4980799122,4,11.18,13.15,12
420871070#1,4980799122,7925258574,4,11.18,62.85,12
420871070#2,7925258574,3786728678,4,11.18,10.36,12
420872176#0,4207683792,4298757081,5,27.78,16.72,12
420872176#1,4298757081,42446889,5,27.78,7.74,12
420872177#0,3948577931,8838680408,5,11.18,3.97,12
420872177#1,8838680408,10170620785,5,11.18,15.52,12
420872177#2,10170620785,42422899,5,11.18,8.86,12
420872179#0,4207683794,3601295745,5,11.18,52.6,12
420872179#1,3601295745,42448707,5,11.18,13.539999999999997,12
420872180#0,42440743,4161568334,4,11.18,10.1,12
420872180#1,4161568334,8838881844,4,11.18,52.23,12
420872181#0,42436590,8119192810,5,11.18,7.63,12
420872181#1,8119192810,4207683796,5,11.18,27.119999999999997,12
420872183#0,4207683806,4259278555,6,11.18,15.78,12
420872183#1,4259278555,42434965,6,11.18,8.480000000000002,12
420872184#0,4207683799,7640856864,5,11.18,17.82,12
420872184#1,7640856864,42442898,5,11.18,7.74,12
420872186#0,5277845114,8119192807,5,11.18,35.24,12
420872186#1,8119192807,42436590,5,11.18,7.68,12
420872188#0,42434965,7640871290,6,11.18,10.299999999999999,12
420872188#1,7640871290,4207683804,6,11.18,28.3,12
420872190#0,42436754,7640856883,5,11.18,8.88,12
420872190#1,7640856883,4207683799,5,11.18,44.49,12
420872191#0,4207683798,7640871323,6,11.18,35.1,12
420872191#1,7640871323,42429900,6,11.18,7.829999999999999,12
420872193#0,42429900,7640856878,5,11.18,7.08,12
420872193#1,7640856878,8119192793,5,11.18,63.529999999999994,12
420872193#2,8119192793,42442891,5,11.18,7.159999999999999,12
420872193#3,42442891,8119193319,5,11.18,7.76,12
420872193#4,8119193319,5277845114,5,11.18,28.589999999999996,12
420872194#0,4207683800,3817760027,6,11.18,51.03,12
420872194#1,3817760027,42442902,6,11.18,9.88,12
420872195#0,4207683804,7640871296,6,11.18,36.38999999999999,12
420872195#1,7640871296,5131026388,6,11.18,11.37,12
420872197#0,42448707,3601295764,2,11.18,13.76,11
420872197#1,3601295764,4207683795,2,11.18,30.66,11
420872199#0,4207683793,3601295737,2,11.18,33.19,11
420872199#1,3601295737,42448714,2,11.18,11.15,11
420872201#0,4015192894,4296697329,3,11.18,27.350000000000005,11
420872201#1,4296697329,42448707,3,11.18,13.61,11
420872204#0,5131026388,4207683803,3,11.18,13.75,12
420872204#1,4207683803,4207683802,3,11.18,45.39000000000001,12
420872204#2,4207683802,42445387,3,11.18,7.46,12
420872205#0,42445392,4290981311,2,11.18,18.82,12
420872205#1,4290981311,6298391908,2,11.18,27.24,12
420872205#2,6298391908,9971314370,2,11.18,24.46,12
420872209#0,4207683805,9987340019,1,11.18,92.19,11
420872209#1,9987340019,42434962,1,11.18,8.79,11
420872212#0,42434962,9987340021,3,11.18,9.82,12
420872212#1,9987340021,3932847295,3,11.18,64.4,12
420872212#2,3932847295,42445382,3,11.18,11.32,12
420872214,6166333236,8635848190,1,22.22,9.62,9
420873726#0,4207700490,10166326194,5,11.18,49.29,11
420873726#1,10166326194,42450089,5,11.18,6.99,11
420874479#0,42442755,9421763704,1,27.78,6.8,11
420874479#1,9421763704,4207702050,1,27.78,62.82,11
420874480#0,4207702049,7581538677,1,27.78,15.68,11
420874480#1,7581538677,9566869986,1,27.78,38.72,11
420874480#2,9566869986,42438186,1,27.78,11.42,11
420874482#0,4207702046,9566914919,1,27.78,27.17,11
420874482#1,9566914919,42442734,1,27.78,14.51,11
420874483#0,42438186,9566869985,1,27.78,9.71,11
420874483#1,9566869985,42442745,1,27.78,64.55,11
420874483#2,42442745,42442750,1,27.78,77.18,11
420874483#3,42442750,9421763708,1,27.78,79.25,11
420874483#4,9421763708,42442755,1,27.78,7.96,11
420874485#0,42442734,9566914918,2,27.78,10.28,11
420874485#1,9566914918,42442738,2,27.78,33.33,11
420874486,4207702054,589927883,1,27.78,201.41,12
420874488#0,42433151,1762221468,1,27.78,11.99,11
420874488#1,1762221468,42453586,1,27.78,28.88,11
420874490,4207702047,595484165,3,11.18,45.98,12
420877066#0,4207716483,10172883040,3,11.18,37.93,12
420877066#1,10172883040,2141026498,3,11.18,6.52,12
420877067#0,4207716491,5266458365,3,11.18,36.39,12
420877067#1,5266458365,2141026503,3,11.18,12.36,12
420877070#0,4207716484,10171493829,3,11.18,41.02,12
420877070#1,10171493829,42432889,3,11.18,13.160000000000002,12
420877071#0,4207716496,10177607122,3,11.18,37.94,12
420877071#1,10177607122,2141026508,3,11.18,6.47,12
420877072#0,2141026503,5266458363,2,11.18,12.39,12
420877072#1,5266458363,4207716493,2,11.18,26.56,12
420877073#0,4207716485,10127369904,3,11.18,35.59,12
420877073#1,10127369904,2141026504,3,11.18,5.989999999999999,12
420877074#0,4207716486,10172883038,3,11.18,40.3,12
420877074#1,10172883038,42439851,3,11.18,7.77,12
420877076#0,4207716481,10170606881,3,11.18,34.51,12
420877076#1,10170606881,2141026544,3,11.18,6.46,12
420877077#0,4207716498,10170874394,3,11.18,38.84,12
420877077#1,10170874394,42439878,3,11.18,7.16,12
420877078#0,4207716492,10177600409,3,11.18,40.31,12
420877078#1,10177600409,42439860,3,11.18,7.45,12
420877079#0,4207716487,10171219272,3,11.18,37.11,12
420877079#1,10171219272,2141026510,3,11.18,5.78,12
420877081#0,4207716495,10177607120,3,11.18,38.61,12
420877081#1,10177607120,2141026493,3,11.18,6.900000000000001,12
420877082#0,42439861,5266458364,2,11.18,12.06,12
420877082#1,5266458364,4207716492,2,11.18,26.14,12
420877083#0,4207716490,7004376629,3,11.18,37.51,12
420877083#1,7004376629,42439858,3,11.18,7.82,12
420877085#0,4207716497,8319433976,3,11.18,39.01,12
420877085#1,8319433976,2141026551,3,11.18,8.65,12
420877087#0,4207716488,10171219253,3,11.18,35.72,12
420877087#1,10171219253,4163940359,3,11.18,8.28,12
420877089#0,4163940359,10171219257,2,11.18,6.4,12
420877089#1,10171219257,10127369903,2,11.18,64.41,12
420877089#2,10127369903,42439852,2,11.18,8.26,12
420877089#3,42439852,10127369905,2,11.18,6.35,12
420877089#4,10127369905,4207716486,2,11.18,24.93,12
420877090#0,4207716494,5266458362,4,11.18,36.84,12
420877090#1,5266458362,42439861,4,11.18,12.41,12
420877091#0,4207716489,10171219280,3,11.18,36.51,12
420877091#1,10171219280,2141026538,3,11.18,6.14,12
420877093#0,4207716493,10177600414,3,11.18,38.63,12
420877093#1,10177600414,2141026501,3,11.18,7.34,12
420877094#0,2141026504,10127369902,2,11.18,8.54,12
420877094#1,10127369902,10171219256,2,11.18,64.63,12
420877094#2,10171219256,2141026497,2,11.18,5.79,12
420877094#3,2141026497,10171219252,2,11.18,8.52,12
420877094#4,10171219252,9585469564,2,11.18,10.37,12
420877096#0,2141026493,10177607117,2,11.18,8.21,12
420877096#1,10177607117,10170874369,2,11.18,64.69,12
420877096#2,10170874369,2141026524,2,11.18,6.06,12
420877096#3,2141026524,10170874373,2,11.18,8.31,12
420877096#4,10170874373,4207716496,2,11.18,26.42,12
420877098#0,42439858,7004376627,2,11.18,7.07,12
420877098#1,7004376627,10171219270,2,11.18,65.24,12
420877098#2,10171219270,42439855,2,11.18,7.18,12
420877098#3,42439855,10171219273,2,11.18,6.24,12
420877098#4,10171219273,9757416137,2,11.18,9.08,12
420877099#0,9055916302,7004376626,2,11.18,36.96,12
420877099#1,7004376626,2141026491,2,11.18,7.29,12
420877099#2,2141026491,7004376628,2,11.18,7.56,12
420877099#3,7004376628,4207716489,2,11.18,29.31,12
420877100#0,4207716482,1705982030,3,11.18,6.47,12
420877100#1,1705982030,10171493832,3,11.18,30.88,12
420877100#2,10171493832,2141026506,3,11.18,10.96,12
420877102#0,2141026508,10177607125,2,11.18,8.27,12
420877102#1,10177607125,10170874389,2,11.18,64.73,12
420877102#2,10170874389,2141026513,2,11.18,6.29,12
420877102#3,2141026513,10170874393,2,11.18,7.49,12
420877102#4,10170874393,4207716497,2,11.18,24.5,12
420877103#0,42439860,10177600407,2,11.18,6.42,12
420877103#1,10177600407,10171219278,2,11.18,65.57,12
420877103#2,10171219278,42438913,2,11.18,7.66,12
420877104#0,2141026538,10171219277,2,11.18,7.59,12
420877104#1,10171219277,10177600406,2,11.18,65.17,12
420877104#2,10177600406,2141026511,2,11.18,6.88,12
420877104#3,2141026511,10177600408,2,11.18,7.15,12
420877104#4,10177600408,9682934117,2,11.18,8.46,12
420877106#0,2141026500,10177600396,2,11.18,7.29,12
420877106#1,10177600396,10171043061,2,11.18,65.68,12
420877106#2,10171043061,2141026525,2,11.18,5.84,12
420877106#3,2141026525,10171043062,2,11.18,7.18,12
420877106#4,10171043062,4207716481,2,11.18,31.81,12
420877107#0,42429536,10171603033,2,11.18,6.37,12
420877107#1,10171603033,8319433977,2,11.18,65.92,12
420877107#2,8319433977,42438240,2,11.18,7.95,12
420877107#3,42438240,8319433978,2,11.18,10.63,12
420877107#4,8319433978,4207716498,2,11.18,22.13,12
420878075#0,42446772,8807524551,2,27.78,7.25,11
420878075#1,8807524551,4207724568,2,27.78,39.7,11
420878076#0,3099327974,7802964908,2,27.78,7.59,11
420878076#1,7802964908,7802964965,2,27.78,65.56,11
420878076#2,7802964965,3099326116,2,27.78,6.63,11
420878077#0,4207724579,10170874382,3,27.78,25.59,11
420878077#1,10170874382,3099327970,3,27.78,8.54,11
420878078#0,4207724571,9559461850,4,27.78,28.48,11
420878078#1,9559461850,3099327966,4,27.78,7.66,11
420878079#0,4207724564,7802964918,4,27.78,26.68,11
420878079#1,7802964918,42446723,4,27.78,7.76,11
420878080#0,4207724573,10170875088,3,27.78,23.51,11
420878080#1,10170875088,3099327962,3,27.78,6.739999999999999,11
420878081#0,4207724566,7802964958,3,27.78,28.83,11
420878081#1,7802964958,3099327974,3,27.78,6.8,11
420878082#0,4207724567,8807524513,3,27.78,26.97,11
420878082#1,8807524513,42446772,3,27.78,6.7,11
420878083#0,4207724575,10170875074,3,27.78,14.47,11
420878083#1,10170875074,3099327968,3,27.78,9.49,11
420878084#0,4207724568,10170875045,3,27.78,28.459999999999997,11
420878084#1,10170875045,42437177,3,27.78,11.93,11
420878085#0,4207724570,10168729755,1,27.78,15.67,11
420878085#1,10168729755,42453220,1,27.78,7.05,11
420878086#0,4207724572,10127369901,3,27.78,14.270000000000001,11
420878086#1,10127369901,42453226,3,27.78,7.62,11
420878087#0,42437177,10170875044,2,27.78,10.53,11
420878087#1,10170875044,4207724570,2,27.78,50.86,11
420878088#0,4207724576,10170875065,3,27.78,19.65,11
420878088#1,10170875065,42438908,3,27.78,7.09,11
420878089#0,4207724569,10170875046,1,27.78,27.47,11
420878089#1,10170875046,3099327952,1,27.78,10.81,11
420878090#0,4207724583,10168169653,3,27.78,25.01,11
420878090#1,10168169653,42434110,3,27.78,6.96,11
420878091#0,4207724577,10170875035,2,27.78,38.63,11
420878091#1,10170875035,3099326120,2,27.78,14.85,11
420878093#0,42453246,10170875033,3,27.78,13.97,11
420878093#1,10170875033,4207724578,3,27.78,49.38,11
420878094#0,4207724578,10171038456,3,27.78,14.67,11
420878094#1,10171038456,42446203,3,27.78,7.39,11
420878095#0,4207724580,10172833431,3,27.78,32.62,11
420878095#1,10172833431,42451564,3,27.78,6.169999999999999,11
420878096#0,4207724574,10171554202,1,27.78,20.63,11
420878096#1,10171554202,42445215,1,27.78,6.23,11
420878097#0,4207724582,10168169657,3,27.78,28.24,11
420878097#1,10168169657,3099326124,3,27.78,6.53,11
420878098#0,4207724581,10172819016,3,27.78,19.3,11
420878098#1,10172819016,3099327945,3,27.78,7.150000000000001,11
420878099#0,42426374,7784826668,2,27.78,9.84,11
420878099#1,7784826668,4207724564,2,27.78,32.55,11
420878102#0,42446723,7802964915,2,27.78,6.9,11
420878102#1,7802964915,7802964947,2,27.78,65.23,11
420878102#2,7802964947,42437204,2,27.78,7.72,11
420878102#3,42437204,6784911808,2,27.78,7.1,11
420878102#4,6784911808,2339621211,2,27.78,49.38,11
420878104#0,3099327945,10172833421,2,27.78,7.37,11
420878104#1,10172833421,10172833427,2,27.78,63.84,11
420878104#2,10172833427,3099326127,2,27.78,7.81,11
420878106#0,3099326124,10168169662,2,27.78,8.81,11
420878106#1,10168169662,10172819006,2,27.78,63.27,11
420878106#2,10172819006,3099327944,2,27.78,8.71,11
420878106#3,3099327944,10172819011,2,27.78,6.36,11
420878106#4,10172819011,4207724581,2,27.78,46.45,11
420878107#0,3099327968,7004411793,3,27.78,6.419999999999999,11
420878107#1,7004411793,9053638140,3,27.78,27.72,11
420878110#0,3099327962,10170875087,2,27.78,7.11,11
420878110#1,10170875087,10127369898,2,27.78,65.17,11
420878110#2,10127369898,3099326128,2,27.78,7.21,11
420878111#0,42445215,7004418420,2,27.78,7.8,11
420878111#1,7004418420,7004411792,2,27.78,65.05,11
420878111#2,7004411792,42453236,2,27.78,6.66,11
420878111#3,42453236,10170875073,2,27.78,9.25,11
420878111#4,10170875073,4207724576,2,27.78,43.83,11
420878112#0,42453226,10127369897,2,27.78,6.99,11
420878112#1,10127369897,10170875086,2,27.78,65.37,11
420878112#2,10170875086,42429727,2,27.78,7.14,11
420878112#3,42429727,10170875085,2,27.78,6.71,11
420878112#4,10170875085,9531712058,2,27.78,24.17,11
420878113#0,2339621211,7640495256,3,27.78,10.0,11
420878113#1,7640495256,8807524453,3,27.78,6.84,11
420878113#2,8807524453,42431200,3,27.78,5.68,11
420878114#0,42434110,10168169650,3,27.78,8.76,11
420878114#1,10168169650,5481922072,3,27.78,12.020000000000001,11
420878115#0,42453220,7004411491,2,27.78,8.26,11
420878115#1,7004411491,7004372908,2,27.78,64.54,11
420878115#2,7004372908,42452564,2,27.78,7.25,11
420878115#3,42452564,9559461851,2,27.78,7.77,11
420878115#4,9559461851,4207724572,2,27.78,50.23,11
420878116#0,3099327966,7004372909,2,27.78,7.34,11
420878116#1,7004372909,7004411492,2,27.78,64.37,11
420878116#2,7004411492,3099327950,2,27.78,8.33,11
420878116#3,3099327950,10168729754,2,27.78,6.99,11
420878116#4,10168729754,4207724569,2,27.78,38.87,11
420878117#0,3099327970,10170874383,2,27.78,6.73,11
420878117#1,10170874383,10171038447,2,27.78,64.45,11
420878117#2,10171038447,3099327975,2,27.78,7.67,11
420878118#0,42436726,10171038446,2,27.78,7.82,11
420878118#1,10171038446,10170874380,2,27.78,65.05,11
420878118#2,10170874380,42453251,2,27.78,6.26,11
420878118#3,42453251,10170874381,2,27.78,7.58,11
420878118#4,10170874381,4207724580,2,27.78,33.04,11
420878119#0,3099326116,7802964909,2,27.78,7.55,11
420878119#1,7802964909,7784826669,2,27.78,59.92,11
420878119#2,7784826669,3099327964,2,27.78,9.29,11
420878810,4207731296,6363741213,1,27.78,26.05,11
420878812#0,42442684,9569882300,1,27.78,9.32,11
420878812#1,9569882300,9569882310,1,27.78,69.15,11
420878812#2,9569882310,42442697,1,27.78,6.14,11
420878813#0,4207731297,9566927267,4,27.78,27.15,12
420878813#1,9566927267,561035382,4,27.78,9.12,12
420878815#0,561035382,9421812818,2,27.78,9.3,12
420878815#1,9421812818,7132814246,2,27.78,36.67,12
420878817#0,4207731295,9703359681,1,27.78,29.71,11
420878817#1,9703359681,42452130,1,27.78,9.45,11
420878818#0,42442697,9569882308,1,13.89,13.17,3
420878818#1,9569882308,8725182239,1,13.89,152.77,3
420878818#2,8725182239,42439728,1,13.89,10.74,3
420881453,4207752450,4207752449,2,27.78,80.44,12
420881454#0,4207752448,10169411255,2,11.18,101.42,12
420881454#1,10169411255,4980798206,2,11.18,1.74,12
420881454#2,4980798206,42444457,2,11.18,8.41,12
420881455#0,42444452,5266458353,2,27.78,10.39,12
420881455#1,5266458353,4207752450,2,27.78,31.65,12
420881456#0,42444456,10169411293,2,27.78,5.74,12
420881456#1,10169411293,4207752448,2,27.78,25.5,12
420881457#0,4207752449,10170762177,2,27.78,23.43,12
420881457#1,10170762177,42444453,2,27.78,10.67,12
420881459#0,4207752451,5266458351,2,27.78,105.3,12
420881459#1,5266458351,5266458350,2,27.78,5.14,12
420881459#2,5266458350,5266458352,2,27.78,5.79,12
420881459#3,5266458352,3395083620,2,27.78,34.72,12
420881461,6824030325,42429827,2,27.78,14.07,12
420881462#0,4207752455,10050045625,2,27.78,68.07,12
420881462#1,10050045625,42442584,2,27.78,13.93,12
420881463#0,4207752456,8795723382,2,27.78,145.09,12
420881463#1,8795723382,42453717,2,27.78,7.67,12
420881464,4207752454,4207752455,2,27.78,70.86,12
420882490,4207743628,4207743629,2,11.18,25.26,11
420882491#0,4207743629,10168029050,2,11.18,21.81,11
420882491#1,10168029050,42432905,2,11.18,12.65,11
420882492#0,42432933,10171865566,1,11.18,8.62,11
420882492#1,10171865566,4207743630,1,11.18,19.4,11
420882493#0,42429735,10171219248,1,11.18,9.84,11
420882493#1,10171219248,4207743628,1,11.18,23.97,11
420882494#0,4207743627,10171102345,1,11.18,48.03,11
420882494#1,10171102345,42432897,1,11.18,7.98,11
420882495#0,42432905,10168029046,1,11.18,8.27,11
420882495#1,10168029046,6431058183,1,11.18,16.66,11
420882495#2,6431058183,10206355950,1,11.18,20.51,11
420882495#3,10206355950,7004398488,1,11.18,43.09,11
420882495#4,7004398488,42432917,1,11.18,8.48,11
420883170#0,4207764479,10171231558,2,27.78,33.4,11
420883170#1,10171231558,42438702,2,27.78,8.47,11
420883172,4207764474,42443817,3,11.18,39.8,11
420883173#0,42443817,10170762192,2,11.18,73.1,11
420883173#1,10170762192,42446169,2,11.18,6.55,11
420883173#10,10171231552,42438704,2,11.18,6.41,11
420883173#2,42446169,10170762191,2,11.18,7.62,11
420883173#3,10170762191,3023173316,2,11.18,65.67,11
420883173#4,3023173316,42445183,2,11.18,7.12,11
420883173#5,42445183,3023173318,2,11.18,5.71,11
420883173#6,3023173318,10170656865,2,11.18,67.26,11
420883173#7,10170656865,42446171,2,11.18,6.56,11
420883173#8,42446171,10170656861,2,11.18,8.39,11
420883173#9,10170656861,10171231552,2,11.18,65.19,11
420883174#0,42438702,7004436335,1,13.89,14.07,3
420883174#1,7004436335,4207764478,1,13.89,6.38,3
420884524,42450820,4207774912,1,22.22,179.32,9
420885231#0,42450468,6216541807,4,11.18,12.03,12
420885231#1,6216541807,6216541845,4,11.18,68.48,12
420885231#2,6216541845,7474626847,4,11.18,2.79,12
420885234#0,4207779532,3514651038,5,11.18,17.53,12
420885234#1,3514651038,7777426433,5,11.18,14.309999999999999,12
420885234#2,7777426433,42456107,5,11.18,7.43,12
420885235#0,4207779533,7587374458,5,11.18,5.05,12
420885235#1,7587374458,7777321759,5,11.18,24.26,12
420885235#2,7777321759,42436651,5,11.18,11.11,12
420885236#0,42443081,7924346753,4,11.18,7.65,12
420885236#1,7924346753,4207779535,4,11.18,28.87,12
420885237#0,4207779536,7924346815,5,11.18,14.02,12
420885237#1,7924346815,42443081,5,11.18,7.75,12
420885238#0,4207779534,7924346748,5,11.18,12.49,12
420885238#1,7924346748,42434386,5,11.18,8.58,12
420885239#0,4207779535,7924346780,5,11.18,29.48,12
420885239#1,7924346780,42443078,5,11.18,12.02,12
420885240#0,4207779531,6216541842,5,11.18,46.66,12
420885240#1,6216541842,42443068,5,11.18,11.95,12
420885241#0,42436651,7777321766,4,11.18,9.49,12
420885241#1,7777321766,5481998032,4,11.18,5.36,12
420885241#2,5481998032,5649441899,4,11.18,70.8,12
420885241#3,5649441899,4207779531,4,11.18,18.17,12
420885242#0,42443085,10170834272,4,11.18,12.58,12
420885242#1,10170834272,7924346897,4,11.18,67.47,12
420885242#2,7924346897,4207962275,4,11.18,9.54,12
420885243#0,42443078,7924346644,4,11.18,8.12,12
420885243#1,7924346644,7924346746,4,11.18,66.16,12
420885243#2,7924346746,42443077,4,11.18,7.76,12
420885243#3,42443077,7924346603,4,11.18,6.62,12
420885243#4,7924346603,4207779534,4,11.18,52.83,12
420885244#0,42443068,6216541823,4,11.18,12.48,12
420885244#1,6216541823,6216628261,4,11.18,65.99,12
420885244#2,6216628261,42443066,4,11.18,8.21,12
420886241#0,4207786971,4980915602,5,11.18,13.39,12
420886241#1,4980915602,42445263,5,11.18,7.51,12
420886244#0,4207786976,6191027358,4,11.18,22.24,12
420886244#1,6191027358,42436630,4,11.18,6.66,12
420886246#0,42438973,6190264186,4,11.18,8.45,12
420886246#1,6190264186,4207786974,4,11.18,45.17,12
420886247#0,4207786968,6181480002,5,11.18,21.46,12
420886247#1,6181480002,42434179,5,11.18,6.08,12
420886249#0,4207786970,4980915605,5,11.18,13.169999999999998,12
420886249#1,4980915605,42449010,5,11.18,7.9,12
420886250#0,42445263,4980915600,4,11.18,8.92,12
420886250#1,4980915600,5482216750,4,11.18,36.77,12
420886250#2,5482216750,4980852221,4,11.18,28.86,12
420886250#3,4980852221,42456091,4,11.18,7.15,12
420886250#4,42456091,4980852222,4,11.18,7.1,12
420886250#5,4980852222,4207786973,4,11.18,53.64,12
420886251#0,4207786978,6216541833,5,11.18,43.86,12
420886251#1,6216541833,42450468,5,11.18,12.41,12
420886252#0,4207786975,6191027369,5,11.18,13.819999999999999,12
420886252#1,6191027369,42434910,5,11.18,7.290000000000001,12
420886254#0,42436630,6191027327,4,11.18,6.69,12
420886254#1,6191027327,4207786977,4,11.18,52.86,12
420886255#0,4207786977,6191027298,5,11.18,13.059999999999999,12
420886255#1,6191027298,42456101,5,11.18,5.76,12
420886256#0,42452814,6181709396,4,11.18,8.92,12
420886256#1,6181709396,6181480023,4,11.18,65.55,12
420886256#2,6181480023,42444506,4,11.18,6.94,12
420886256#3,42444506,6181478355,4,11.18,7.47,12
420886256#4,6181478355,5482216792,4,11.18,3.43,12
420886256#5,5482216792,4207786968,4,11.18,40.24,12
420886259#0,4207786973,6190263577,5,11.18,11.86,12
420886259#1,6190263577,42438973,5,11.18,6.45,12
420886260#0,4207786974,3007111767,4,11.18,18.85,12
420886260#1,3007111767,42430488,4,11.18,6.72,12
420886261#0,42434910,6191027326,4,11.18,7.78,12
420886261#1,6191027326,3519902038,4,11.18,21.67,12
420886261#2,3519902038,4207786976,4,11.18,22.01,12
420886262#0,42430488,3007111769,4,11.18,8.52,12
420886262#1,3007111769,4207786975,4,11.18,50.46,12
420886628#0,42443054,7649571481,2,11.18,12.2,11
420886628#1,7649571481,5653832464,2,11.18,102.07,11
420888140#0,2889562918,1772136805,3,11.18,16.52,12
420888140#1,1772136805,3914862593,3,11.18,8.38,12
420888143,4207802391,1772136801,2,11.18,24.89,12
420888144#0,588546882,4145439101,3,11.18,10.39,12
420888144#1,4145439101,2034011088,3,11.18,44.82,12
420888144#2,2034011088,246923513,3,11.18,10.729999999999999,12
420888146#0,3914862593,4145586922,2,11.18,8.8,12
420888146#1,4145586922,2012177085,2,11.18,43.52,12
420888146#2,2012177085,588546891,2,11.18,12.94,12
420888147#0,2821304146,6990788776,3,11.18,48.09,11
420888147#1,6990788776,2821304145,3,11.18,4.31,11
420888150,4143876126,2821304146,2,13.41,191.85,8
420888151#0,4207802393,8821317921,5,13.41,16.34,13
420888151#1,8821317921,246911576,5,13.41,11.87,13
420888152,42451370,4207802393,4,13.41,19.47,13
420888153#0,4149752689,4149752690,1,11.18,7.01,9
420888153#1,4149752690,4876524527,1,11.18,4.65,9
420888153#2,4876524527,588593059,1,11.18,16.37,9
420890022#0,4207815982,7597291081,5,27.78,26.160000000000004,11
420890022#1,7597291081,42435716,5,27.78,8.73,11
420890023#0,42435716,7597291080,4,11.18,8.75,11
420890023#1,7597291080,1792549689,4,11.18,15.68,11
420890023#2,1792549689,1825841704,4,11.18,16.32,11
420890024#0,4207815980,10085059405,4,27.78,21.62,11
420890024#1,10085059405,42435707,4,27.78,7.21,11
420890025#0,42435707,10085059404,5,27.78,7.67,11
420890025#1,10085059404,4207815981,5,27.78,53.11999999999999,11
420890026#0,4207815979,10087052496,6,11.18,13.19,11
420890026#1,10087052496,42435705,6,11.18,7.28,11
420890027#0,4207815981,10085037830,6,27.78,11.58,11
420890027#1,10085037830,42435710,6,27.78,8.700000000000001,11
420890028#0,42435705,10087063266,4,11.18,9.29,11
420890028#1,10087063266,4207815980,4,11.18,43.22,11
420890029#0,42435710,10085019655,4,27.78,5.97,11
420890029#1,10085019655,10084864187,4,27.78,64.59,11
420890029#2,10084864187,42431556,4,27.78,7.31,11
420890069,205024443,205024444,3,17.88,183.96,14
420890074#0,3884569931,5708198394,2,11.18,12.21,12
420890074#1,5708198394,4207806921,2,11.18,32.42,12
420890077#0,4207806921,5708198395,2,11.18,43.23,12
420890077#1,5708198395,42444277,2,11.18,15.48,12
420890080#0,42444129,7787627748,2,11.18,10.89,12
420890080#1,7787627748,7787627732,2,11.18,65.57,12
420890085#0,7480515818,3212472602,2,11.18,92.63,12
420890085#1,3212472602,42444123,2,11.18,10.99,12
420890092,205024444,4158644578,2,22.22,84.52,9
420890093,278608816,370759312,1,17.88,74.7,9
420892262#0,42445039,10082615957,3,27.78,7.75,12
420892262#1,10082615957,4207837427,3,27.78,33.83,12
420892263#0,42445037,10082707744,4,27.78,11.73,12
420892263#1,10082707744,4207837426,4,27.78,49.24,12
420892264#0,4207837426,10084204946,3,27.78,16.22,12
420892264#1,10084204946,42431560,3,27.78,7.77,12
420892265#0,4207837425,10085021937,5,27.78,24.3,12
420892265#1,10085021937,42440960,5,27.78,5.88,12
420892266#0,4207837427,10082657990,4,27.78,32.17,12
420892266#1,10082657990,42445037,4,27.78,12.84,12
420892267#0,9457138082,10233493587,3,27.78,30.0,12
420892267#1,10233493587,42445039,3,27.78,9.98,12
420892269#0,42440960,10085021938,3,27.78,8.33,12
420892269#1,10085021938,4207837424,3,27.78,46.5,12
420892270#0,4207837422,10073946217,3,27.78,16.61,12
420892270#1,10073946217,42445027,3,27.78,5.75,12
420892271#0,1815133244,3463810248,3,27.78,7.260000000000001,12
420892271#1,3463810248,4207837422,3,27.78,48.95000000000001,12
420892272#0,42445033,3463810251,3,27.78,6.919999999999999,12
420892272#1,3463810251,4207837423,3,27.78,45.04,12
420892273#0,4207837423,3463810250,5,27.78,19.79,12
420892273#1,3463810250,1815133244,5,27.78,7.62,12
420892274#0,4207837424,3463810252,3,27.78,18.92,12
420892274#1,3463810252,42445033,3,27.78,7.41,12
420892275#0,42431560,10084910130,4,27.78,7.51,12
420892275#1,10084910130,4207837425,4,27.78,40.43,12
420894338#0,42430739,10084943015,4,11.18,8.06,11
420894338#1,10084943015,8307463093,4,11.18,64.45,11
420894338#2,8307463093,42430736,4,11.18,9.32,11
420894342#0,4207854754,7595748183,4,27.78,27.42,11
420894342#1,7595748183,42430745,4,27.78,11.81,11
420894352#0,42430713,8307463085,4,11.18,7.66,11
420894352#1,8307463085,9900802716,4,11.18,64.99,11
420894352#2,9900802716,42430707,4,11.18,8.02,11
420894362#0,42430981,7595748176,2,27.78,7.98,11
420894362#1,7595748176,4207854757,2,27.78,38.65,11
420894363#0,3956129964,7595763586,3,27.78,33.2,11
420894363#1,7595763586,42430981,3,27.78,7.23,11
420894365#0,42430983,7595748175,2,27.78,8.34,11
420894365#1,7595748175,7640353301,2,27.78,30.72,11
420894366#0,4207854757,7595763590,3,27.78,25.5,11
420894366#1,7595763590,42430983,3,27.78,7.71,11
420894367#0,42430984,9900687739,2,27.78,8.29,11
420894367#1,9900687739,4207854760,2,27.78,33.26,11
420894368#0,3956129964,7591060178,3,27.78,31.209999999999997,11
420894368#1,7591060178,42421985,3,27.78,8.5,11
420894370#0,42430989,7050687037,2,27.78,10.33,11
420894370#1,7050687037,4207854762,2,27.78,30.03,11
420894373#0,4207854760,7595748184,3,27.78,30.13,11
420894373#1,7595748184,42430985,3,27.78,8.86,11
420894374#0,4207854755,7591060177,1,27.78,39.95,11
420894374#1,7591060177,42421985,1,27.78,7.66,11
420894375#0,4207854764,9492556568,3,11.18,35.75,11
420894375#1,9492556568,42431004,3,11.18,13.67,11
420894376#0,2061592973,7591060181,1,27.78,8.01,11
420894376#1,7591060181,4207854755,1,27.78,23.51,11
420895276,4207863000,8288270047,6,13.409999999999998,48.23,13
420895277#0,373903786,246652365,3,13.410000000000002,25.81,13
420895277#1,246652365,246580346,3,13.410000000000002,42.74,13
420895277#2,246580346,11049420899,3,13.410000000000002,14.37,13
420895278#0,4207862996,8288270320,3,11.18,15.92,11
420895278#1,8288270320,42436393,3,11.18,7.31,11
420895282#0,42436377,8214331018,2,11.18,7.55,11
420895282#1,8214331018,8214320113,2,11.18,65.71,11
420895282#2,8214320113,42436381,2,11.18,7.35,11
420895282#3,42436381,8214320112,2,11.18,8.37,11
420895282#4,8214320112,4207862995,2,11.18,34.91,11
420895286,42445769,11027912161,1,11.18,17.19,11
420895408,2141026516,2141002595,2,11.18,33.26,12
420895412,4207863950,371337227,2,11.18,36.42,12
420895416#0,4207863948,6975790928,3,11.18,23.03,12
420895416#1,6975790928,10177607144,3,11.18,13.15,12
420895416#2,10177607144,2141026509,3,11.18,5.919999999999999,12
420895421#0,4207863949,10177607156,3,11.18,24.88,12
420895421#1,10177607156,9150629570,3,11.18,5.64,12
420895421#2,9150629570,9150629571,3,11.18,7.09,12
420895421#3,9150629571,2141026516,3,11.18,30.76,12
420895425#0,2141026495,9557088482,2,11.18,8.5,12
420895425#1,9557088482,10177607137,2,11.18,64.8,12
420895425#2,10177607137,2141026548,2,11.18,6.97,12
420895425#3,2141026548,10177607140,2,11.18,7.28,12
420895425#4,10177607140,4207863948,2,11.18,29.55,12
420895430,4207863951,371337226,2,11.18,41.35,12
420895460#0,3099326122,9557086587,2,27.78,9.08,11
420895460#1,9557086587,4207863939,2,27.78,44.88,11
420895461#0,4207863941,9557086592,4,27.78,26.72,11
420895461#1,9557086592,42440385,4,27.78,8.59,11
420895462#0,4207863938,9557086588,1,27.78,21.53,11
420895462#1,9557086588,42438275,1,27.78,9.13,11
420895463#0,3099326126,9557086551,3,27.78,7.11,11
420895463#1,9557086551,4207863944,3,27.78,26.570000000000004,11
420895464#0,4207863939,9557086590,3,27.78,20.3,11
420895464#1,9557086590,3099327965,3,27.78,7.260000000000001,11
420895465#0,42440385,9557086593,2,27.78,7.24,11
420895465#1,9557086593,4207863938,2,27.78,43.33,11
420895466#0,42432659,9557088453,2,27.78,14.8,11
420895466#1,9557088453,9557086554,2,27.78,65.66,11
420895466#2,9557086554,4207863943,2,27.78,7.1,11
420895467#0,42438275,9557104475,2,27.78,8.77,11
420895467#1,9557104475,9557104509,2,27.78,61.15,11
420895467#2,9557104509,42440381,2,27.78,7.65,11
420895467#3,42440381,9557104510,2,27.78,6.57,11
420895467#4,9557104510,9557104513,2,27.78,65.46,11
420895467#5,9557104513,42433779,2,27.78,6.69,11
420895468#0,42432659,9557088454,2,11.18,15.52,11
420895468#1,9557088454,7662671172,2,11.18,91.56,11
420895468#2,7662671172,7662671164,2,11.18,36.33,11
420895468#3,7662671164,7662671181,2,11.18,10.46,11
420895468#4,7662671181,9903127424,2,11.18,16.66,11
420895470,4207863954,589927915,2,27.78,378.63,12
420895471#0,371337241,7612920605,2,27.78,21.46,12
420895471#1,7612920605,4207863954,2,27.78,41.02,12
420895732#0,4207865789,4870256103,2,27.78,33.95,12
420895732#1,4870256103,7443617343,2,27.78,79.11,12
420895733#0,4207865790,9899952551,2,11.18,59.42,11
420895733#1,9899952551,42424032,2,11.18,9.87,11
420897874#0,5706568625,7837165554,2,11.18,7.4,11
420897874#1,7837165554,4207881093,2,11.18,28.3,11
420897875#0,42438859,8318991972,4,11.18,10.15,12
420897875#1,8318991972,4207881094,4,11.18,53.79,12
420897876#0,4207881094,3875114041,4,11.18,12.88,12
420897876#1,3875114041,42443346,4,11.18,8.06,12
420898202#0,4207884930,9001506900,4,11.18,30.42,12
420898202#1,9001506900,42443336,4,11.18,11.9,12
420898204#0,4207884931,3341849125,4,11.18,12.83,12
420898204#1,3341849125,42443341,4,11.18,6.65,12
420898206#0,42443341,3341849126,3,11.18,7.66,12
420898206#1,3341849126,9001506901,3,11.18,66.28,12
420898206#2,9001506901,42432558,3,11.18,7.010000000000001,12
420898206#3,42432558,6909727956,3,11.18,7.79,12
420898206#4,6909727956,4207884930,3,11.18,36.76,12
420898207#0,42443346,9001506902,3,11.18,6.02,12
420898207#1,9001506902,3875114042,3,11.18,67.7,12
420898207#2,3875114042,42443344,3,11.18,6.2,12
420898207#3,42443344,3341849127,3,11.18,5.77,12
420898207#4,3341849127,4207884931,3,11.18,54.9,12
420898705#0,42435275,7106318837,1,11.18,11.42,11
420898705#1,7106318837,4207887847,1,11.18,23.75,11
420899371,4207892895,4207892896,1,27.78,30.01,11
420899372#0,42430394,7830685371,1,27.78,12.64,11
420899372#1,7830685371,4207892895,1,27.78,39.85,11
420899373,4347550074,4207892897,1,27.78,114.34,11
420900705#0,4207903863,3278932289,2,11.18,31.2,11
420900705#1,3278932289,42436475,2,11.18,8.79,11
420901673#0,42432464,9509176092,6,11.18,8.75,12
420901673#1,9509176092,9496199168,6,11.18,43.42000000000001,12
420901677#0,4207912629,7964920722,6,11.18,36.01,12
420901677#1,7964920722,42442937,6,11.18,11.6,12
420901679#0,42442933,3997451355,6,11.18,8.25,12
420901679#1,3997451355,4207912625,6,11.18,35.31,12
420901681#0,42442949,10166171343,6,11.18,7.05,12
420901681#1,10166171343,10168666951,6,11.18,65.11,12
420901681#2,10168666951,42442948,6,11.18,8.53,12
420901681#3,42442948,10168666954,6,11.18,6.27,12
420901681#4,10168666954,9496073804,6,11.18,47.5,12
420901682#0,42442939,3569749114,6,11.18,7.2,12
420901682#1,3569749114,4207912629,6,11.18,29.01,12
420901683#0,42442931,7640871319,6,11.18,7.28,12
420901683#1,7640871319,4259278551,6,11.18,62.9,12
420901683#2,4259278551,42442918,6,11.18,8.590000000000002,12
420901690#0,42442935,3997454658,5,11.18,7.779999999999999,12
420901690#1,3997454658,3833109159,5,11.18,10.33,12
420901690#2,3833109159,3833109164,5,11.18,43.24,12
420901690#3,3833109164,3997451356,5,11.18,9.98,12
420901690#4,3997451356,42442933,5,11.18,7.18,12
420901917#0,4207913308,8660596974,4,27.78,14.38,12
420901917#1,8660596974,42444960,4,27.78,7.97,12
420901919#0,4491359481,8288270360,3,27.78,7.16,12
420901919#1,8288270360,9137045217,3,27.78,45.580000000000005,12
420901920#0,42444964,8288270454,5,27.78,7.55,12
420901920#1,8288270454,5481856939,5,27.78,40.51,12
420901920#2,5481856939,5481856935,5,27.78,4.42,12
420901920#3,5481856935,4207913308,5,27.78,3.97,12
420901921#0,42444960,8660596984,4,11.18,7.76,12
420901921#1,8660596984,4207913307,4,11.18,38.52,12
420901922#0,4207913307,8660596930,5,11.18,26.619999999999997,12
420901922#1,8660596930,42437663,5,11.18,10.96,12
420901923#0,4207913309,8288270359,3,27.78,14.0,12
420901923#1,8288270359,4491359481,3,27.78,8.94,12
420901924#0,4207913306,8262309051,4,11.18,13.45,12
420901924#1,8262309051,42444954,4,11.18,7.15,12
420901925,42434465,4207913305,3,11.18,70.89,12
420902584#0,4207921706,4601240938,2,11.18,10.93,11
420902584#1,4601240938,8261123410,2,11.18,17.14,11
420902584#2,8261123410,42434429,2,11.18,20.06,11
420902874#0,4207915681,10125260525,2,27.78,22.23,11
420902874#1,10125260525,42444051,2,27.78,13.44,11
420902878#0,4207915682,420591229,3,27.78,26.28,11
420902878#1,420591229,596775840,3,27.78,8.66,11
420902883,596775840,100522741,1,27.78,21.86,11
420903239#0,42430664,8288270554,2,27.78,11.02,12
420903239#1,8288270554,9144983241,2,27.78,58.98,12
420903239#2,9144983241,593839894,2,27.78,15.37,12
420903240#0,42430669,10168212481,2,11.18,7.32,12
420903240#1,10168212481,8261122955,2,11.18,62.31,12
420903240#2,8261122955,42430664,2,11.18,10.34,12
420904615#0,42455751,10169614506,3,27.78,14.74,11
420904615#1,10169614506,8095866234,3,27.78,56.60999999999999,11
420904615#2,8095866234,593920893,3,27.78,15.9,11
420904617#0,42434434,5851709099,4,27.78,13.94,11
420904617#1,5851709099,4207932664,4,27.78,72.15,11
420904618#0,42437371,10168212452,2,27.78,13.8,12
420904618#1,10168212452,8393241417,2,27.78,121.66,12
420904618#2,8393241417,10171120543,2,27.78,5.28,12
420904618#3,10171120543,42434439,2,27.78,8.71,12
420904620,42430673,9019680388,2,11.18,10.32,12
420904621#0,4500916751,1993431127,1,11.18,54.09,12
420904621#1,1993431127,6293725833,1,11.18,85.32,12
420904657#0,42428258,10169532583,1,11.18,8.79,3
420904657#1,10169532583,4207937590,1,11.18,29.48,3
420904658#0,561042190,8119462464,2,11.18,8.9,12
420904658#1,8119462464,8133342857,2,11.18,129.98,12
420904658#2,8133342857,42445365,2,11.18,10.53,12
420904659#0,4207937589,8133342849,2,11.18,95.9,12
420904659#1,8133342849,42437644,2,11.18,12.22,12
420904660#0,42443950,9965135078,2,11.18,12.32,11
420904660#1,9965135078,9551028264,2,11.18,225.64,11
420904838,4207940408,62915525,5,13.41,61.32000000000001,13
420905128#0,4207938835,3971302309,2,27.78,24.79,11
420905128#1,3971302309,42430367,2,27.78,12.72,11
420905129#0,4207938836,3977886875,2,27.78,23.43,11
420905129#1,3977886875,42440012,2,27.78,11.39,11
420905130#0,42430367,9696772607,2,27.78,120.57,11
420905130#1,9696772607,1828749427,2,27.78,41.96,11
420905130#2,1828749427,8939922347,2,27.78,46.42,11
420905130#3,8939922347,4207938836,2,27.78,29.55,11
420905715#0,4207945900,4980851595,4,11.18,30.32,12
420905715#1,4980851595,42449427,4,11.18,8.19,12
420905716#0,4207945899,4980851598,5,11.18,12.75,12
420905716#1,4980851598,42456110,5,11.18,8.3,12
420905717#0,42456110,7924346655,4,11.18,8.32,12
420905717#1,7924346655,4207945900,4,11.18,34.77,12
420905718#0,42456107,7777426450,4,11.18,6.78,12
420905718#1,7777426450,7924346793,4,11.18,65.02,12
420905718#2,7924346793,42434389,4,11.18,5.78,12
420905928#0,42449427,4980851594,4,11.18,10.34,12
420905928#1,4980851594,4207948393,4,11.18,58.64,12
420905929#0,4207948395,4980851592,4,11.18,15.61,12
420905929#1,4980851592,42445426,4,11.18,11.09,12
420905930#0,42435400,4980851588,4,11.18,8.78,12
420905930#1,4980851588,4207951247,4,11.18,36.78,12
420905931#0,42445426,4980851591,4,11.18,6.91,12
420905931#1,4980851591,4207948396,4,11.18,47.61,12
420905932#0,4207948393,7320943372,4,11.18,7.42,12
420905932#1,7320943372,4207948394,4,11.18,7.87,12
420905933,4207948394,4207948395,4,11.18,47.7,12
420906650#0,4207951248,4980851583,5,11.18,16.95,12
420906650#1,4980851583,42449843,5,11.18,7.110000000000001,12
420906656#0,4207951247,4980851586,5,11.18,29.309999999999995,12
420906656#1,4980851586,42456115,5,11.18,12.43,12
420906662#0,42456115,4980851587,4,11.18,12.73,12
420906662#1,4980851587,4207951248,4,11.18,48.56,12
420906743#0,4207952790,10165986977,5,11.18,26.869999999999997,11
420906743#1,10165986977,42445924,5,11.18,7.029999999999999,11
420906748#0,4960516277,10170605876,5,11.18,4.91,11
420906748#1,10170605876,42436701,5,11.18,7.24,11
420906750,3977886253,42445941,5,11.18,7.75,11
420906752#0,42445941,3977886857,2,11.18,7.64,11
420906752#1,3977886857,4960527241,2,11.18,57.73,11
420906753#0,42440453,10165986929,4,11.18,7.17,11
420906753#1,10165986929,3977886229,4,11.18,64.87,11
420906753#2,3977886229,42445930,4,11.18,7.59,11
420906755#0,42444043,3944708037,4,11.18,7.06,11
420906755#1,3944708037,3944708038,4,11.18,64.35,11
420906755#2,3944708038,42434074,4,11.18,8.62,11
420906779#0,4207953793,4980851581,4,11.18,13.84,12
420906779#1,4980851581,42439498,4,11.18,7.16,12
420906780#0,42439498,4980851580,4,11.18,7.46,12
420906780#1,4980851580,8838304300,4,11.18,35.13,12
420907046#0,4207962274,7658692107,4,11.18,9.16,12
420907046#1,7658692107,4207779536,4,11.18,55.89,12
420907047#0,4207962275,7924346872,4,11.18,10.96,12
420907047#1,7924346872,4207962274,4,11.18,59.03,12
420907902#0,4207957613,9235539542,4,27.78,34.92,11
420907902#1,9235539542,42435663,4,27.78,11.39,11
420907903#0,4207957615,10168088512,6,11.18,10.58,11
420907903#1,10168088512,42432589,6,11.18,6.94,11
420907906#0,42432589,10168088511,4,11.18,8.37,11
420907906#1,10168088511,10168091318,4,11.18,63.58,11
420907906#2,10168091318,42435684,4,11.18,7.9,11
420907906#3,42435684,10168091319,4,11.18,7.75,11
420907906#4,10168091319,9469961219,4,11.18,52.51,11
420907907#0,4207957614,10168047566,4,27.78,17.07,12
420907907#1,10168047566,42445018,4,27.78,7.12,12
420907908#0,42445018,10168047570,4,27.78,7.54,12
420907908#1,10168047570,10168047574,4,27.78,66.43,12
420907908#2,10168047574,42432703,4,27.78,7.51,12
420908127#0,4207978494,3914863399,4,11.18,33.29,11
420908127#1,3914863399,42430589,4,11.18,10.93,11
420908129#0,10858288589,247081122,5,13.41,20.64,13
420908129#1,247081122,10858288590,5,13.41,18.46,13
420908130,4207978499,4899886546,4,13.41,63.35,13
420908131,4207978500,246650510,4,13.41,69.74,13
420908132#0,10858288590,247079887,3,13.410000000000002,14.410000000000002,13
420908132#1,247079887,4207978500,3,13.410000000000002,234.71,13
420908133#0,4899886546,247072736,3,13.410000000000002,19.24,13
420908133#1,247072736,4207978498,3,13.410000000000002,84.32,13
420908134,4207978498,9143569898,4,13.41,53.22,13
420908135#0,246580466,3914863409,2,11.18,11.37,11
420908135#1,3914863409,4872498376,2,11.18,103.98,11
420908136,4872498376,3874681611,3,11.18,38.19,11
420908137#0,4207978589,2782279879,2,27.78,27.96,11
420908137#1,2782279879,42440001,2,27.78,14.09,11
420908138#0,42440001,2782279859,2,27.78,10.86,11
420908138#1,2782279859,1745991214,2,27.78,85.52,11
420908138#2,1745991214,3971196629,2,27.78,42.66,11
420908138#3,3971196629,3971196627,2,27.78,120.82,11
420908138#4,3971196627,42430358,2,27.78,13.03,11
421505920#0,42442584,10050045626,1,27.78,15.53,11
421505920#1,10050045626,4212649297,1,27.78,66.7,11
421506977,596776654,42444456,2,27.78,28.49,12
421506978,4212658372,4212658371,2,27.78,41.43,12
421506979#0,42444453,10170762174,2,27.78,8.99,12
421506979#1,10170762174,4212658372,2,27.78,41.12,12
421506980#0,4212658373,10170875034,2,27.78,30.86,11
421506980#1,10170875034,42453246,2,27.78,12.39,11
421824309#0,4158810011,8827539969,1,11.18,7.17,11
421824309#1,8827539969,3898690235,1,11.18,9.14,11
421824309#2,3898690235,588455742,1,11.18,8.92,11
421825692#0,42428493,3670742436,2,11.18,10.72,12
421825692#1,3670742436,8310246292,2,11.18,73.63,12
421825692#10,8309479711,4684550288,2,11.18,25.72,12
421825692#11,4684550288,8309479716,2,11.18,41.64,12
421825692#12,8309479716,42428480,2,11.18,6.51,12
421825692#13,42428480,8309479641,2,11.18,7.94,12
421825692#14,8309479641,8309479636,2,11.18,59.08,12
421825692#15,8309479636,42428476,2,11.18,8.07,12
421825692#16,42428476,8309479637,2,11.18,6.52,12
421825692#17,8309479637,8309479164,2,11.18,62.21,12
421825692#18,8309479164,42428473,2,11.18,7.43,12
421825692#2,8310246292,42428491,2,11.18,7.68,12
421825692#3,42428491,8309479794,2,11.18,7.24,12
421825692#4,8309479794,8309479701,2,11.18,72.42,12
421825692#5,8309479701,42428489,2,11.18,6.65,12
421825692#6,42428489,8309479702,2,11.18,7.04,12
421825692#7,8309479702,8309479710,2,11.18,71.34,12
421825692#8,8309479710,42428483,2,11.18,7.82,12
421825692#9,42428483,8309479711,2,11.18,5.79,12
421825693#0,4215580881,5829827207,3,27.78,44.23,12
421825693#1,5829827207,42428447,3,27.78,11.25,12
421825694#0,4215580879,4878851615,2,27.78,36.01,11
421825694#1,4878851615,42427300,2,27.78,10.12,11
421825695#0,4215580880,3783146163,2,11.18,19.4,12
421825695#1,3783146163,42440401,2,11.18,8.86,12
421825696,3783071112,9181587097,2,11.18,54.25,12
421826773#0,42429773,3314293726,2,11.18,12.17,12
421826773#1,3314293726,4215596089,2,11.18,36.52,12
421826774,588455863,4477147269,3,15.65,47.94,13
421827957#0,4215624277,8231896497,3,11.18,41.71,12
421827957#1,8231896497,42429754,3,11.18,10.72,12
421827958#0,486867405,5296795758,3,11.18,5.79,12
421827958#1,5296795758,8821681986,3,11.18,53.62,12
421827958#2,8821681986,5296795755,3,11.18,4.5,12
421827958#3,5296795755,3212472843,3,11.18,7.73,12
421827960#0,486867459,3314293719,3,11.18,6.349999999999999,12
421827960#1,3314293719,4215624275,3,11.18,39.16,12
421827961#0,4215624276,3314293718,3,11.18,16.74,12
421827961#1,3314293718,486867459,3,11.18,6.13,12
421827962#0,4215624275,3314293723,3,11.18,17.12,12
421827962#1,3314293723,486867513,3,11.18,11.14,12
421827963#0,1773076511,9925383727,3,11.18,13.800000000000002,12
421827963#1,9925383727,4215624277,3,11.18,37.88,12
421830413,42446398,4492779804,3,11.18,22.19,12
421830414,42457401,42423051,2,11.18,28.15,12
421831216#0,279151954,1772096965,2,11.18,8.86,12
421831216#1,1772096965,2034011052,2,11.18,35.3,12
421832640,4142105813,4215665530,3,11.18,32.84,13
421832641#0,42426089,4602429325,1,11.18,12.39,13
421832641#1,4602429325,4602429327,1,11.18,15.28,13
421832641#2,4602429327,42424619,1,11.18,22.21,13
421832642#0,42431617,8304497235,1,11.18,10.01,11
421832642#1,8304497235,4215665528,1,11.18,114.6,11
421832643#0,4215665529,4778174561,4,11.18,31.5,12
421832643#1,4778174561,42440838,4,11.18,16.31,12
421832644#0,42423456,4602414021,4,11.18,6.74,12
421832644#1,4602414021,4890633690,4,11.18,5.91,12
421832644#2,4890633690,4890633688,4,11.18,57.86,12
421832644#3,4890633688,42452015,4,11.18,6.51,12
421832644#4,42452015,4890633695,4,11.18,6.07,12
421832644#5,4890633695,4215665529,4,11.18,10.74,12
421832645#0,4215665527,4872879381,5,13.41,40.06,13
421832645#1,4872879381,42449613,5,13.41,11.52,13
421832646#0,1701898675,3788379723,2,11.18,28.91,9
421832646#1,3788379723,3567807957,2,11.18,8.7,9
421832647,42424334,9734100287,1,11.18,15.5,9
421832648,42424347,1701898659,1,11.18,48.64,9
421838878#0,42429029,9550791841,2,8.94,13.57,12
421838878#1,9550791841,4215760966,2,8.94,19.32,12
421840992#0,4215780093,9561566535,2,27.78,31.45,12
421840992#1,9561566535,42455493,2,27.78,10.84,12
421840993#0,4215780092,5403868131,1,11.18,29.58,11
421840993#1,5403868131,42427769,1,11.18,7.58,11
421844225#0,42444458,4980798212,2,27.78,12.67,12
421844225#1,4980798212,4215812465,2,27.78,32.7,12
421844226,4215812465,4215812466,2,27.78,41.47,12
421844229#0,3702296508,5482291276,2,11.18,95.61,12
421844229#1,5482291276,4215812467,2,11.18,16.58,12
421844230,4215812470,373850911,2,11.18,37.83,11
421844231,373850911,4215812469,2,11.18,24.27,11
421850829#0,42443612,10173152537,5,11.18,74.68,11
421850829#1,10173152537,42432825,5,11.18,11.4,11
421850830,4960527241,42443612,5,11.18,13.039999999999997,11
421851200#0,42423564,10121802235,2,11.18,9.77,12
421851200#1,10121802235,10170862025,2,11.18,130.66,12
421851200#2,10170862025,2711029280,2,11.18,13.62,12
421851201#0,4215909068,10836437297,3,11.18,19.32,12
421851201#1,10836437297,10170751095,3,11.18,10.800000000000002,12
421851201#2,10170751095,42423564,3,11.18,6.84,12
421851202#0,371037281,10836164178,1,11.18,9.37,11
421851202#1,10836164178,4215909069,1,11.18,33.44,11
421852029,4215913810,42443549,5,13.41,49.11,13
421852030,4215913808,42453555,5,13.41,70.9,13
421852031,11017187935,4215913810,4,13.41,30.64,13
421852033,4215913811,11017186438,5,13.41,26.410000000000004,13
421852034,247120300,4215913813,4,13.41,8.94,13
421852035,42424218,247122533,4,13.41,14.27,13
421852036#0,247122533,2348991703,4,13.41,20.7,13
421852036#1,2348991703,4215913812,4,13.41,61.01,13
421852037,4215913812,11017186434,5,13.41,47.74,13
421852039#0,42440253,247122968,4,13.41,9.87,13
421852039#1,247122968,42432605,4,13.41,59.01,13
421852039#2,42432605,11017187935,4,13.41,10.71,13
421852040#0,42443549,247120149,4,13.41,11.18,13
421852040#1,247120149,593854257,4,13.41,7.91,13
421852041,11017187936,62915536,4,13.41,79.34,13
421852042#0,4215913814,7595763591,2,27.78,46.69,12
421852042#1,7595763591,42430745,2,27.78,12.6,12
421852618#0,42423020,4259278553,5,11.18,10.79,12
421852618#1,4259278553,9415339771,5,11.18,25.5,12
421852619#0,4215926836,5721677302,4,11.18,23.84,11
421852619#1,5721677302,4259278554,4,11.18,42.08,11
421852619#2,4259278554,42423020,4,11.18,12.28,11
421853581,1946814074,248709622,3,11.18,84.2,11
421853599#0,42428711,8687882725,2,11.18,8.81,12
421853599#1,8687882725,4215936667,2,11.18,37.58,12
421853609#0,4215936666,10061553270,2,11.18,23.47,12
421853609#1,10061553270,42428705,2,11.18,6.76,12
421853618#0,42428709,10061699583,2,11.18,7.21,12
421853618#1,10061699583,4215936666,2,11.18,42.3,12
421853621#0,4215936667,10061800636,3,11.18,27.8,12
421853621#1,10061800636,42428709,3,11.18,7.25,12
421853622#0,4215936662,3875114032,4,27.78,12.39,12
421853622#1,3875114032,42438043,4,27.78,7.55,12
421853623#0,4215936663,3875114030,4,11.18,12.07,12
421853623#1,3875114030,42437050,4,11.18,8.21,12
421853624#0,4215936665,3875114026,4,27.78,13.12,12
421853624#1,3875114026,42436985,4,27.78,6.09,12
421853625#0,4215936658,3875114038,4,27.78,12.7,12
421853625#1,3875114038,42433565,4,27.78,6.89,12
421853626,9675339212,42443403,4,11.18,21.06,12
421853627#0,4215936659,3875114036,4,27.78,13.0,12
421853627#1,3875114036,42421803,4,27.78,7.7,12
421853628#0,4215936657,4689234440,4,27.78,38.41,12
421853628#1,4689234440,42443280,4,27.78,10.82,12
421853630#0,42433565,10039972338,3,27.78,7.56,12
421853630#1,10039972338,4215936657,3,27.78,26.72,12
421853632#0,4215936664,3875114028,4,11.18,12.37,12
421853632#1,3875114028,42443363,4,11.18,7.08,12
421853633#0,9675339211,3875114040,4,11.18,42.48,12
421853633#1,3875114040,42438859,4,11.18,7.77,12
421853634#0,4215936661,3875114034,4,27.78,28.69,12
421853634#1,3875114034,42443353,4,27.78,12.94,12
421853635#0,42443363,7801775754,4,11.18,7.98,12
421853635#1,7801775754,3875114029,4,11.18,64.8,12
421853635#2,3875114029,4016646206,4,11.18,6.01,12
421853635#3,4016646206,10060864079,4,11.18,8.42,12
421853635#4,10060864079,4215936663,4,11.18,52.73,12
421853636#0,42438043,10058512388,4,27.78,6.53,12
421853636#1,10058512388,3875114033,4,27.78,65.13,12
421853636#2,3875114033,42434158,4,27.78,7.93,12
421853636#3,42434158,9634645806,4,27.78,7.29,12
421853636#4,9634645806,4215936661,4,27.78,36.9,12
421853637#0,42443406,10166004095,3,11.18,10.61,12
421853637#1,10166004095,7571274546,3,11.18,77.29,12
421853637#2,7571274546,7571274561,3,11.18,55.34,12
421853637#3,7571274561,7571274550,3,11.18,27.12,12
421853637#4,7571274550,7571274578,3,11.18,58.28,12
421853637#5,7571274578,4578008683,3,11.18,6.59,12
421853637#6,4578008683,7571410113,3,11.18,36.81,12
421853637#7,7571410113,9675339212,3,11.18,16.21,12
421853638#0,42443381,8687882784,4,27.78,13.66,12
421853638#1,8687882784,3875114025,4,27.78,66.28,12
421853638#2,3875114025,42443373,4,27.78,7.67,12
421853638#3,42443373,7792793731,4,27.78,7.13,12
421853638#4,7792793731,4215936665,4,27.78,52.8,12
421853639#0,42421803,10042554910,4,27.78,7.74,12
421853639#1,10042554910,3875114037,4,27.78,64.85,12
421853639#2,3875114037,42437300,4,27.78,8.18,12
421853639#3,42437300,10039972347,4,27.78,7.26,12
421853639#4,10039972347,4215936658,4,27.78,53.02,12
421853640#0,42437050,10060572009,4,11.18,6.79,12
421853640#1,10060572009,3875114031,4,11.18,64.46,12
421853640#2,3875114031,42421996,4,11.18,7.96,12
421853640#3,42421996,9576549164,4,11.18,7.31,12
421853640#4,9576549164,4215936662,4,11.18,52.69,12
421853641#0,42443353,10042613692,4,27.78,11.94,12
421853641#1,10042613692,3875114035,4,27.78,67.15,12
421853641#2,3875114035,42443349,4,27.78,8.18,12
421853641#3,42443349,10042551416,4,27.78,6.63,12
421853641#4,10042551416,4215936659,4,27.78,52.73,12
421853642,9906904528,4215936660,2,11.18,90.03,11
421853643#0,42443353,9906904530,2,11.18,11.84,11
421853643#1,9906904530,9547662378,2,11.18,249.51,11
421853643#2,9547662378,42442480,2,11.18,11.45,11
421853644#0,2029349865,2029349882,2,22.22,85.52,9
421853644#1,2029349882,42425348,2,22.22,15.75,9
421853646#0,247080924,247085867,4,13.41,15.48,13
421853646#1,247085867,4215936934,4,13.41,35.81,13
421853647,42453541,593840148,5,13.41,58.010000000000005,13
421853648#0,4215936934,8666573689,4,13.41,37.56,13
421853648#1,8666573689,4870298759,4,13.41,4.01,13
421853648#2,4870298759,247084442,4,13.41,14.89,13
421853810,42437678,593840108,4,13.41,29.15,13
421853949#0,42438805,7136790827,5,11.18,8.04,12
421853949#1,7136790827,4215940678,5,11.18,50.14,12
421853952#0,42430075,6689909675,5,11.18,6.480000000000001,12
421853952#1,6689909675,4215940680,5,11.18,42.02,12
421853953#0,42456066,7834030830,4,11.18,7.7,12
421853953#1,7834030830,8838184086,4,11.18,22.28,12
421853954#0,4215940678,6689909680,5,11.18,15.309999999999999,12
421853954#1,6689909680,42439567,5,11.18,7.1,12
421853956#0,4215940679,6689909673,6,11.18,13.269999999999998,12
421853956#1,6689909673,42430075,6,11.18,8.340000000000002,12
421853959#0,4215940680,6689909672,5,11.18,23.94,12
421853959#1,6689909672,42454701,5,11.18,6.730000000000001,12
421853960,4215940681,42446478,6,11.18,19.97,12
421853961#0,42454701,6689909670,5,11.18,7.08,12
421853961#1,6689909670,4215940681,5,11.18,54.57000000000001,12
421853963#0,4215940685,6691104512,5,11.18,13.35,12
421853963#1,6691104512,42452956,5,11.18,6.33,12
421853964#0,42436922,6689909663,5,11.18,8.12,12
421853964#1,6689909663,4215940683,5,11.18,21.69,12
421853965#0,4215940675,9030210817,6,11.18,12.36,12
421853965#1,9030210817,42445247,6,11.18,8.01,12
421853968#0,42445247,9030177781,5,11.18,6.31,12
421853968#1,9030177781,8767790754,5,11.18,29.02,12
421853969#0,4215940682,6689909661,5,11.18,15.63,12
421853969#1,6689909661,42436922,5,11.18,6.519999999999999,12
421853972#0,42446478,6689909665,5,11.18,6.75,12
421853972#1,6689909665,4215940682,5,11.18,50.08,12
421853975#0,42448254,6691104506,4,11.18,7.72,12
421853975#1,6691104506,7834025547,4,11.18,66.48,12
421853975#2,7834025547,42435518,4,11.18,6.45,12
421853975#3,42435518,7834025571,4,11.18,8.71,12
421853975#4,7834025571,4215941089,4,11.18,51.75,12
421853993#0,4215940677,7136790818,6,11.18,13.299999999999999,12
421853993#1,7136790818,42438805,6,11.18,6.89,12
421854000#0,42452956,6691104514,4,11.18,7.13,12
421854000#1,6691104514,6691104509,4,11.18,66.68,12
421854000#2,6691104509,42439409,4,11.18,6.53,12
421854000#3,42439409,6691104510,4,11.18,7.62,12
421854000#4,6691104510,4215940687,4,11.18,54.66,12
421854001#0,42456060,6691104525,4,11.18,11.21,12
421854001#1,6691104525,6691104518,4,11.18,67.92,12
421854001#2,6691104518,42438509,4,11.18,7.63,12
421854001#3,42438509,6691104516,4,11.18,7.12,12
421854001#4,6691104516,4215940685,4,11.18,53.36,12
421854002#0,42439567,6689909678,5,11.18,8.48,12
421854002#1,6689909678,4215940679,5,11.18,52.11999999999999,12
421854004#0,4215940683,6691104527,6,11.18,45.75,12
421854004#1,6691104527,42456060,6,11.18,11.980000000000002,12
421854005#0,4215940687,6691104504,5,11.18,11.18,12
421854005#1,6691104504,42448254,5,11.18,6.88,12
421854006#0,42436492,3562587908,5,11.18,12.72,12
421854006#1,3562587908,10991141055,5,11.18,31.73,12
421854006#2,10991141055,4215940677,5,11.18,21.8,12
422298615#0,42427762,3976008171,4,11.18,9.08,11
422298615#1,3976008171,9971383725,4,11.18,64.71,11
422298615#2,9971383725,42432818,4,11.18,13.22,11
424094336#0,4235734223,4235734224,1,11.18,6.55,3
424094336#1,4235734224,4235734225,1,11.18,8.66,3
42435675,529798909,529799006,2,20.12,34.43,14
425335557,1061531429,42428570,1,13.89,18.28,3
42786502#0,42437749,11153640073,2,11.18,14.94,12
42786502#1,11153640073,5378294677,2,11.18,85.3,12
42786502#2,5378294677,42439813,2,11.18,8.63,12
42786502#3,42439813,5378294671,2,11.18,6.79,12
42786502#4,5378294671,7477081377,2,11.18,13.25,12
42786502#5,7477081377,8827539965,2,11.18,55.09,12
42786502#6,8827539965,9925342284,2,11.18,12.97,12
42786502#7,9925342284,4158807592,2,11.18,14.46,12
428569356,4276517126,4205565512,2,11.18,89.83,11
428569470#0,42429890,4234425056,1,11.18,9.07,3
428569470#1,4234425056,3903014639,1,11.18,93.87,3
428569470#2,3903014639,4122576552,1,11.18,38.66,3
428569470#3,4122576552,42429896,1,11.18,13.36,3
43203195#0,541467364,588455733,1,15.65,16.59,8
43203195#1,588455733,588455736,1,15.65,36.62,8
432550168,42431487,42423549,3,17.88,806.7599999999999,14
432550169,42423549,42423053,3,17.88,201.54,14
432550255,4158751332,4158752891,2,13.41,1053.32,13
432550257,486819531,7561173749,3,13.410000000000002,301.6,13
432550259#0,7561173748,588719108,2,13.41,102.81,13
432550259#1,588719108,4158753824,2,13.41,163.17,13
433124968#0,3891960758,3891969468,4,11.18,70.73,11
433124968#1,3891969468,42430205,4,11.18,10.81,11
433124968#10,8309478821,42430233,4,11.18,6.33,11
433124968#11,42430233,8309478820,4,11.18,7.36,11
433124968#12,8309478820,8231954052,4,11.18,63.74,11
433124968#13,8231954052,42430235,4,11.18,6.73,11
433124968#14,42430235,8231954051,4,11.18,7.65,11
433124968#15,8231954051,4320194279,4,11.18,75.28,11
433124968#16,4320194279,42430237,4,11.18,11.92,11
433124968#2,42430205,5151719389,4,11.18,6.35,11
433124968#3,5151719389,5151711951,4,11.18,50.87,11
433124968#4,5151711951,42430217,4,11.18,6.21,11
433124968#5,42430217,5151711953,4,11.18,8.44,11
433124968#6,5151711953,4375703337,4,11.18,65.12,11
433124968#7,4375703337,42430231,4,11.18,7.65,11
433124968#8,42430231,4375703342,4,11.18,7.93,11
433124968#9,4375703342,8309478821,4,11.18,63.01,11
433124996#0,42431773,3891969470,1,11.18,8.28,3
433124996#1,3891969470,3891960760,1,11.18,44.85,3
433124996#2,3891960760,42430187,1,11.18,16.96,3
433394637#0,4202908174,8821481437,2,11.18,23.86,7
433394637#1,8821481437,4321748235,2,11.18,9.36,7
433394637#2,4321748235,4321748237,2,11.18,12.5,7
433394647#0,3891963915,8821481438,3,11.18,15.089999999999998,12
433394647#1,8821481438,5866337888,3,11.18,6.400000000000001,12
433394647#2,5866337888,4321748238,3,11.18,8.53,12
433398367#0,42448549,5829880522,4,11.18,5.95,12
433398367#1,5829880522,4202908174,4,11.18,20.4,12
433442259,5151708184,3891963915,4,11.18,27.73,12
433442263,1919595923,5798966625,2,11.18,40.1,12
438362422#0,246909454,10660708381,3,13.410000000000002,75.78,13
438362422#1,10660708381,588593353,3,13.410000000000002,18.11,13
438362423#0,588593059,8821317922,4,13.41,17.4,13
438362423#1,8821317922,3767711210,4,13.41,7.22,13
438362423#2,3767711210,4149748671,4,13.41,11.6,13
438363728,42437396,246858431,1,13.89,26.1,3
438363729#0,4149748671,9181525951,4,13.41,7.22,13
438363729#1,9181525951,42446640,4,13.41,95.43,13
438363729#2,42446640,42452314,4,13.41,109.29,13
438366913#0,42433229,3898690193,2,27.78,9.52,12
438366913#1,3898690193,5446626916,2,27.78,46.16,12
438366913#2,5446626916,5362212156,2,27.78,56.82,12
438366913#3,5362212156,42444271,2,27.78,6.25,12
438367285,4207143418,246858445,1,11.18,19.88,3
438367286#0,246858445,246891414,3,13.410000000000002,13.839999999999998,13
438367286#1,246891414,373882872,3,13.410000000000002,115.95,13
438367286#2,373882872,373882982,3,13.410000000000002,26.39,13
438367286#3,373882982,10185281699,3,13.410000000000002,46.72,13
438368333,246647955,593816391,3,13.410000000000002,54.52,13
438370108,42442294,4207143436,4,13.41,246.94,13
438375431,42427358,1919595922,1,11.18,14.15,11
438381568#0,42440754,4161568819,1,11.18,9.71,11
438381568#1,4161568819,1989931109,1,11.18,34.8,11
438381568#2,1989931109,4161568803,1,11.18,34.02,11
438381568#3,4161568803,42431482,1,11.18,7.9,11
438381568#4,42431482,4161568807,1,11.18,7.39,11
438381568#5,4161568807,1989931117,1,11.18,49.81,11
438381568#6,1989931117,4161568865,1,11.18,16.7,11
438381568#7,4161568865,42437830,1,11.18,7.17,11
438382685#0,42446959,10168841826,2,11.18,10.53,12
438382685#1,10168841826,7234050796,2,11.18,99.42,12
438382685#2,7234050796,561042204,2,11.18,36.9,12
438383442#0,42439887,9150629545,1,11.18,11.82,10
438383442#1,9150629545,10743755873,1,11.18,126.01,10
438383442#2,10743755873,10187641084,1,11.18,116.47,10
438383442#3,10187641084,42435844,1,11.18,12.27,10
438383442#4,42435844,10187641087,1,11.18,12.86,10
438383442#5,10187641087,7784459432,1,11.18,111.9,10
438383442#6,7784459432,42439588,1,11.18,16.23,10
438383443#0,7541804761,9559433255,2,11.18,12.67,10
438383443#1,9559433255,2328595430,2,11.18,40.83,10
438383443#2,2328595430,9559444353,2,11.18,96.92,10
438383443#3,9559444353,42437801,2,11.18,11.53,10
438383443#4,42437801,9559444355,2,11.18,10.87,10
438383443#5,9559444355,5481922120,2,11.18,15.74,10
438383443#6,5481922120,9559444358,2,11.18,106.75,10
438383443#7,9559444358,42453258,2,11.18,7.66,10
438384692#0,42445916,3955360023,2,11.18,10.72,12
438384692#1,3955360023,3942050699,2,11.18,132.32,12
438384692#2,3942050699,42437358,2,11.18,11.69,12
438384693#0,42445917,3944708031,2,11.18,8.32,11
438384693#1,3944708031,3944708032,2,11.18,62.73,11
438384693#2,3944708032,42445920,2,11.18,7.13,11
438384693#3,42445920,3944708034,2,11.18,7.58,11
438384693#4,3944708034,4202958491,2,11.18,39.81,11
438384743,1632878994,9017126040,4,11.18,35.45,12
438385431#0,42432436,4625652083,5,11.18,6.5,11
438385431#1,4625652083,4625653591,5,11.18,62.970000000000006,11
438385431#10,9965135081,9965135079,5,11.18,61.010000000000005,11
438385431#11,9965135079,42443950,5,11.18,9.15,11
438385431#2,4625653591,42446488,5,11.18,8.0,11
438385431#3,42446488,9965135058,5,11.18,8.46,11
438385431#4,9965135058,10166333070,5,11.18,61.98,11
438385431#5,10166333070,42445649,5,11.18,8.61,11
438385431#6,42445649,10166333071,5,11.18,7.470000000000001,11
438385431#7,10166333071,10166333031,5,11.18,62.65,11
438385431#8,10166333031,42433604,5,11.18,9.19,11
438385431#9,42433604,9965135081,5,11.18,8.22,11
438388090#0,42440737,8309479680,1,11.18,12.38,11
438388090#1,8309479680,9907956902,1,11.18,163.55,11
438389785#0,42434140,3919359291,3,11.18,9.91,12
438389785#1,3919359291,42443296,3,11.18,38.18,12
438389786#0,42440729,3985008870,1,11.18,13.83,11
438389786#1,3985008870,9907956912,1,11.18,70.03,11
438390724,9971262463,9971262464,2,11.18,65.43,11
438397345#0,42432693,3942050709,4,27.78,7.67,11
438397345#1,3942050709,9965135056,4,27.78,63.62,11
438397345#2,9965135056,42443556,4,27.78,8.5,11
438899450,246858433,42422028,1,13.89,25.34,3
438900013#0,42453395,5813280738,4,13.41,12.73,13
438900013#1,5813280738,42453398,4,13.41,71.71,13
438901171#0,42435451,7641859734,3,11.18,5.919999999999999,13
438901171#1,7641859734,6123654602,3,11.18,23.23,13
438901427#0,3788379733,2151385506,3,11.18,25.51,13
438901427#1,2151385506,42439550,3,11.18,47.46,13
438901427#2,42439550,4778174560,3,11.18,32.58,13
438901427#3,4778174560,42440838,3,11.18,12.75,13
438901945,588455743,1773055865,2,27.78,15.0,12
439768850#0,42445926,10166333036,1,13.89,10.6,3
439768850#1,10166333036,10125233045,1,13.89,125.7,3
439768850#2,10125233045,596775882,1,13.89,10.23,3
439801896#0,42435736,9796881843,1,11.18,9.99,11
439801896#1,9796881843,7024230446,1,11.18,14.53,11
439801896#2,7024230446,10171241032,1,11.18,24.68,11
439801896#3,10171241032,42435743,1,11.18,7.03,11
439801897#0,42441926,6914116744,1,27.78,8.49,11
439801897#1,6914116744,42452276,1,27.78,114.83,11
439801898#0,9150529698,3248816551,1,27.78,23.51,11
439801898#1,3248816551,42435346,1,27.78,8.51,11
439801899#0,4557495130,9902164240,3,11.18,6.41,12
439801899#1,9902164240,9902164235,3,11.18,64.94,12
439801899#2,9902164235,3718672443,3,11.18,8.8,12
439801900#0,3718672443,5117991226,4,11.18,8.96,12
439801900#1,5117991226,5117963647,4,11.18,60.79,12
439801901#0,1825841693,8821677085,3,11.18,29.62,12
439801901#1,8821677085,1825841739,3,11.18,8.19,12
439801902,1825841704,1825841743,4,11.18,31.25,12
439801903,4347550071,4347550065,5,11.18,49.68,12
439801904#0,42435346,42424460,3,27.78,24.3,11
439801904#1,42424460,4016646214,3,27.78,24.850000000000005,11
439801905#0,42440138,10171087505,1,13.89,8.08,3
439801905#1,10171087505,7598970689,1,13.89,5.89,3
439801905#2,7598970689,6823995447,1,13.89,16.55,3
439801905#3,6823995447,42429825,1,13.89,9.56,3
439801905#4,42429825,10171087503,1,13.89,12.32,3
439801905#5,10171087503,10171087497,1,13.89,21.81,3
439801905#6,10171087497,42440144,1,13.89,11.47,3
439801906#0,42440104,10165997002,1,13.89,6.93,3
439801906#1,10165997002,42431210,1,13.89,79.56,3
439801907#0,42438867,2346800741,1,27.78,75.54,11
439801907#1,2346800741,42441668,1,27.78,7.22,11
439801907#10,5115922047,1329122504,1,27.78,64.63,11
439801907#11,1329122504,42424032,1,27.78,15.44,11
439801907#2,42441668,9168918189,1,27.78,7.38,11
439801907#3,9168918189,42441670,1,27.78,74.41,11
439801907#4,42441670,9895633503,1,27.78,75.12,11
439801907#5,9895633503,42441654,1,27.78,8.69,11
439801907#6,42441654,9895633504,1,27.78,6.81,11
439801907#7,9895633504,5115922042,1,27.78,66.48,11
439801907#8,5115922042,42432572,1,27.78,8.27,11
439801907#9,42432572,5115922047,1,27.78,8.31,11
439801908#0,42422592,10039612941,1,27.78,13.01,11
439801908#1,10039612941,10160791137,1,27.78,66.06,11
439801908#2,10160791137,42428072,1,27.78,8.94,11
439801909#0,7004393049,7004393052,1,22.22,48.68,7
439801909#1,7004393052,42431121,1,22.22,7.31,7
439805285#0,42442534,8687882779,3,11.18,13.660000000000002,12
439805285#1,8687882779,9457151139,3,11.18,54.88,12
439842751,1773082408,4202950103,3,11.18,64.33,12
439842754#0,1773076509,8231909722,2,11.18,6.22,12
439842754#1,8231909722,8231909717,2,11.18,66.35,12
439842754#2,8231909717,1773076778,2,11.18,5.54,12
439842757#0,1773084391,8309479087,2,11.18,6.53,12
439842757#1,8309479087,9543294811,2,11.18,26.15,12
439842757#2,9543294811,8309479094,2,11.18,5.73,12
439842757#3,8309479094,1773084407,2,11.18,7.15,12
439842761#0,1773082410,5829779518,2,11.18,8.85,12
439842761#1,5829779518,8309479082,2,11.18,62.98,12
439842761#2,8309479082,1773084410,2,11.18,5.89,12
439842799#0,42436129,8307641997,1,11.18,9.47,3
439842799#1,8307641997,8307641996,1,11.18,79.48,3
439842799#2,8307641996,42436894,1,11.18,6.59,3
439842805#0,42435556,5173624711,1,11.18,64.38,3
439842805#1,5173624711,42424641,1,11.18,5.63,3
439842812,42437618,1773084407,1,13.89,12.63,3
439842817,42454391,1775270666,2,11.18,13.09,12
439842823#0,42427324,8307641672,1,27.78,8.4,11
439842823#1,8307641672,8307641661,1,27.78,27.16,11
439842823#2,8307641661,42439207,1,27.78,6.9,11
439842831#0,42439207,8307641659,1,11.18,7.33,11
439842831#1,8307641659,8307641655,1,11.18,57.86,11
439842831#10,7641718023,5805243785,1,11.18,66.29,11
439842831#11,5805243785,42437589,1,11.18,13.06,11
439842831#2,8307641655,42435470,1,11.18,7.46,11
439842831#3,42435470,7641718016,1,11.18,5.82,11
439842831#4,7641718016,9939353598,1,11.18,63.93,11
439842831#5,9939353598,42432282,1,11.18,6.83,11
439842831#6,42432282,7641718005,1,11.18,5.43,11
439842831#7,7641718005,7641718010,1,11.18,60.99,11
439842831#8,7641718010,42452056,1,11.18,6.88,11
439842831#9,42452056,7641718023,1,11.18,5.89,11
439842834,1773076778,42437114,1,11.18,10.52,3
439842835#0,42428441,3573482109,1,11.18,8.79,3
439842835#1,3573482109,8231931818,1,11.18,65.72,3
439842835#2,8231931818,42442255,1,11.18,6.29,3
439842835#3,42442255,8231906915,1,11.18,5.51,3
439842835#4,8231906915,8231877115,1,11.18,66.05,3
439842835#5,8231877115,42442247,1,11.18,11.34,3
439842836#0,42433577,8231885404,1,11.18,5.65,3
439842836#1,8231885404,8231885403,1,11.18,64.33,3
439842836#2,8231885403,42442273,1,11.18,7.07,3
439842836#3,42442273,8231885400,1,11.18,5.66,3
439842836#4,8231885400,8231885399,1,11.18,64.36,3
439842836#5,8231885399,42442269,1,11.18,6.86,3
439842836#6,42442269,8231885396,1,11.18,5.67,3
439842836#7,8231885396,3573482111,1,11.18,65.36,3
439842836#8,3573482111,42428441,1,11.18,10.27,3
439842837#0,42439527,8231934384,1,11.18,6.32,3
439842837#1,8231934384,8231934383,1,11.18,63.2,3
439842837#2,8231934383,42436779,1,11.18,6.59,3
439842838#0,42429647,8307642263,1,13.89,6.6,3
439842838#1,8307642263,3314293704,1,13.89,55.23,3
439842838#2,3314293704,42432057,1,13.89,7.76,3
439842840,246866806,373880031,1,11.18,15.86,3
439933928#0,595407648,4234578193,3,11.18,33.7,12
439933928#1,4234578193,8309479624,3,11.18,0.82,12
439933928#2,8309479624,42430872,3,11.18,7.739999999999999,12
439933928#3,42430872,8309479623,3,11.18,7.44,12
439933928#4,8309479623,4234578190,3,11.18,1.31,12
439933928#5,4234578190,8309479651,3,11.18,61.32,12
439933928#6,8309479651,42453104,3,11.18,7.87,12
439933929#0,42437949,8309478852,1,11.18,6.78,3
439933929#1,8309478852,9717627758,1,11.18,33.47,3
439933931#0,42430122,4890623897,3,11.18,9.3,11
439933931#1,4890623897,2155551108,3,11.18,60.18,11
439933931#2,2155551108,42430126,3,11.18,19.2,11
439933932#0,42430298,42428244,4,11.18,6.83,11
439933932#1,42428244,4886228960,4,11.18,49.19,11
439933933#0,42431556,10084790531,5,27.78,9.38,11
439933933#1,10084790531,6210777831,5,27.78,61.9,11
439933934#0,42431497,6213315380,3,11.18,8.65,11
439933934#1,6213315380,42429388,3,11.18,39.94,11
439933935#0,42435578,8307463727,2,11.18,10.83,11
439933935#1,8307463727,5331842131,2,11.18,25.64,11
439933945#0,42436371,8429031596,2,11.18,7.74,11
439933945#1,8429031596,8214320085,2,11.18,65.82,11
439933945#2,8214320085,42436374,2,11.18,7.74,11
439933945#3,42436374,8214320084,2,11.18,7.66,11
439933945#4,8214320084,6210448866,2,11.18,52.64,11
439933946,4234425009,595407648,2,11.18,28.28,12
439933947#0,42445520,8309479057,2,11.18,8.66,12
439933947#1,8309479057,4202984496,2,11.18,53.17,12
439933948#0,1692433938,8309478940,1,11.18,6.79,4
439933948#1,8309478940,5829827216,1,11.18,124.72,4
439933948#2,5829827216,42448549,1,11.18,10.45,4
439933948#3,42448549,1919595928,1,11.18,14.94,4
439933948#4,1919595928,5829844674,1,11.18,8.88,4
439933948#5,5829844674,8307641958,1,11.18,35.65,4
439933948#6,8307641958,42450325,1,11.18,6.48,4
439933948#7,42450325,8231934396,1,11.18,87.44,4
439933948#8,8231934396,42439335,1,11.18,7.95,4
439933949#0,42436763,8231935501,1,11.18,8.01,3
439933949#1,8231935501,9910686162,1,11.18,34.75,3
439933949#2,9910686162,42436761,1,11.18,50.04,3
439933951#0,42431614,7410938055,2,11.18,7.55,11
439933951#1,7410938055,7410938046,2,11.18,58.38,11
439933951#2,7410938046,42449600,2,11.18,8.36,11
440122863#0,42440494,9561566543,2,27.78,7.17,12
440122863#1,9561566543,9563662424,2,27.78,61.51,12
440122863#2,9563662424,42431257,2,27.78,16.15,12
440122865#0,42456575,5306313703,2,11.18,8.23,11
440122865#1,5306313703,5306313711,2,11.18,63.4,11
440122865#2,5306313711,42444809,2,11.18,10.24,11
440122867#0,42444809,5306313715,2,11.18,8.13,11
440122867#1,5306313715,5306314444,2,11.18,63.91,11
440122867#10,7093980561,7093980559,2,11.18,66.34,11
440122867#11,7093980559,42429314,2,11.18,12.45,11
440122867#2,5306314444,42436537,2,11.18,6.56,11
440122867#3,42436537,5306314442,2,11.18,6.7,11
440122867#4,5306314442,5306314449,2,11.18,65.3,11
440122867#5,5306314449,42445731,2,11.18,8.18,11
440122867#6,42445731,5306314437,2,11.18,5.97,11
440122867#7,5306314437,7093980568,2,11.18,65.75,11
440122867#8,7093980568,42454189,2,11.18,7.39,11
440122867#9,42454189,7093980561,2,11.18,7.25,11
440122868#0,9417469211,10169532643,5,27.78,54.3,11
440122868#1,10169532643,42430329,5,27.78,7.17,11
440122875,8695926123,4207863949,3,11.18,30.53,12
440122876#0,42439927,8247830988,2,11.18,5.67,12
440122876#1,8247830988,8247830996,2,11.18,66.43,12
440122876#2,8247830996,42434306,2,11.18,6.99,12
440122876#3,42434306,10177607145,2,11.18,6.41,12
440122876#4,10177607145,9077012505,2,11.18,26.05,12
440122878#0,42442770,9566892701,1,27.78,9.97,11
440122878#1,9566892701,42442773,1,27.78,326.88,11
440122879#0,42429452,8723021872,2,27.78,9.82,11
440122879#1,8723021872,8723021867,2,27.78,64.31,11
440122879#10,42436806,8723021845,2,27.78,6.56,11
440122879#11,8723021845,8722881554,2,27.78,64.88,11
440122879#12,8722881554,42442728,2,27.78,8.85,11
440122879#13,42442728,8723021852,2,27.78,5.49,11
440122879#14,8723021852,9550751258,2,27.78,63.51,11
440122879#15,9550751258,42423116,2,27.78,8.92,11
440122879#2,8723021867,42442723,2,27.78,6.29,11
440122879#3,42442723,8723021864,2,27.78,9.37,11
440122879#4,8723021864,8341674803,2,27.78,31.42,11
440122879#5,8341674803,8723021841,2,27.78,31.91,11
440122879#6,8723021841,42423101,2,27.78,13.25,11
440122879#7,42423101,8723021839,2,27.78,12.31,11
440122879#8,8723021839,8723021843,2,27.78,65.04,11
440122879#9,8723021843,42436806,2,27.78,6.97,11
440122880#0,42429013,9550791718,2,27.78,6.44,12
440122880#1,9550791718,9550791742,2,27.78,63.5,12
440122880#2,9550791742,42429017,2,27.78,10.71,12
440122881#0,42429011,9550791717,2,27.78,8.2,12
440122881#1,9550791717,42429013,2,27.78,10.54,12
440122882#0,561035373,9703359687,2,27.78,9.98,12
440122882#1,9703359687,9935939375,2,27.78,62.18,12
440122882#2,9935939375,561035374,2,27.78,7.51,12
440122883#0,42427086,9935939379,3,27.78,8.55,12
440122883#1,9935939379,9703359688,3,27.78,61.54,12
440122883#2,9703359688,42428962,3,27.78,9.71,12
440122884#0,561035372,9703359678,2,27.78,7.97,12
440122884#1,9703359678,9703359685,2,27.78,63.86,12
440122884#2,9703359685,561035373,2,27.78,6.93,12
440122886,4378236668,60925991,1,13.89,7.26,3
440122887#0,42428114,9566938940,1,13.89,7.76,3
440122887#1,9566938940,4378236668,1,13.89,78.48,3
440122890,4515465265,4515465266,1,13.89,11.06,4
440122891#0,42432802,9561561628,1,8.94,5.54,11
440122891#1,9561561628,5490791423,1,8.94,15.91,11
440122891#2,5490791423,5490791421,1,8.94,40.56,11
440122891#3,5490791421,9561395269,1,8.94,12.33,11
440122891#4,9561395269,42432799,1,8.94,10.35,11
440122892,3552713327,42430491,1,13.89,28.08,3
440122893#0,42443824,7926756703,1,11.18,12.41,3
440122893#1,7926756703,7927125637,1,11.18,108.65,3
440122893#2,7927125637,7473604337,1,11.18,83.34,3
440122893#3,7473604337,42443826,1,11.18,11.75,3
440122894#0,4378236625,5163273899,1,11.18,74.42,3
440122894#1,5163273899,42436556,1,11.18,8.55,3
440122896#0,42427185,9563821105,1,8.94,9.55,11
440122896#1,9563821105,9563821079,1,8.94,89.82,11
440122896#2,9563821079,42427190,1,8.94,8.72,11
440122898#0,42435002,42449801,1,13.89,80.6,3
440122898#1,42449801,9550769897,1,13.89,74.43,3
440122898#2,9550769897,42447419,1,13.89,6.05,3
440122904#0,42429946,9561209104,1,8.94,75.37,10
440122904#1,9561209104,42454538,1,8.94,7.38,10
440122907,2141026498,42439849,1,27.78,15.75,11
440122908,42439851,2141026492,1,13.89,15.87,3
440122909,42427883,4205440429,1,13.89,49.29,3
440122910#0,42428962,9703359683,1,27.78,9.43,11
440122910#1,9703359683,9935939397,1,27.78,69.02,11
440122910#2,9935939397,2504882466,1,27.78,7.74,11
440122910#3,2504882466,2512378850,1,27.78,17.67,11
440122912#0,4378236618,4918486929,3,27.78,61.07,11
440122912#1,4918486929,42427972,3,27.78,7.14,11
440542775,42421951,42421965,1,11.18,23.08,12
440681436#0,42436957,8309479569,1,8.94,7.26,11
440681436#1,8309479569,5147744247,1,8.94,27.57,11
440681437#0,1919595922,3783144654,1,8.94,11.07,11
440681437#1,3783144654,4219836765,1,8.94,14.87,11
440681437#2,4219836765,42453610,1,8.94,6.96,11
440887371,764738949,4515465264,2,27.78,8.34,12
440947097#0,42428590,5117963649,3,27.78,10.51,12
440947097#1,5117963649,6547993891,3,27.78,20.59,12
440947097#2,6547993891,42428588,3,27.78,17.81,12
440947098#0,42428590,6469210551,1,27.78,14.93,11
440947098#1,6469210551,6173564360,1,27.78,10.48,11
441393113#0,42441310,6912871504,1,27.78,144.14,11
441393113#1,6912871504,2997576815,1,27.78,100.74,11
441393113#2,2997576815,2329798629,1,27.78,106.13,11
441393113#3,2329798629,6996574387,1,27.78,102.41,11
441405435,42445928,9436315334,4,11.18,57.99,11
441405436#0,42445928,8404061461,2,27.78,67.87,11
441405436#1,8404061461,3977886200,2,27.78,68.15,11
441405436#2,3977886200,596775870,2,27.78,10.3,11
441637777,2541754688,7985644735,1,27.78,16.02,11
44164412#0,42428980,9566927262,2,27.78,6.96,12
44164412#1,9566927262,2541754688,2,27.78,10.5,12
44164413#0,1061531757,5115916406,4,27.78,8.48,12
44164413#1,5115916406,8727756043,4,27.78,68.09,12
44164413#10,8727760417,8709392034,4,27.78,67.9,12
44164413#11,8709392034,1061531695,4,27.78,7.94,12
44164413#12,1061531695,2047267755,4,27.78,6.99,12
44164413#13,2047267755,8709392053,4,27.78,66.53,12
44164413#14,8709392053,1061531803,4,27.78,6.68,12
44164413#15,1061531803,8709392049,4,27.78,7.83,12
44164413#16,8709392049,8709392074,4,27.78,66.66,12
44164413#17,8709392074,1061531454,4,27.78,12.45,12
44164413#2,8727756043,1061531500,4,27.78,8.43,12
44164413#3,1061531500,8727756039,4,27.78,7.42,12
44164413#4,8727756039,8727756109,4,27.78,69.42,12
44164413#5,8727756109,1061531634,4,27.78,6.78,12
44164413#6,1061531634,8727756105,4,27.78,10.19,12
44164413#7,8727756105,8727760421,4,27.78,67.85,12
44164413#8,8727760421,1061531566,4,27.78,7.41,12
44164413#9,1061531566,8727760417,4,27.78,8.3,12
44164416#0,2141026499,7784826662,1,27.78,11.54,11
44164416#1,7784826662,1203883805,1,27.78,239.0,11
44164416#2,1203883805,3099327964,1,27.78,8.86,11
44164416#3,3099327964,42426374,1,27.78,12.96,11
44164416#4,42426374,2058920014,1,27.78,8.89,11
44164416#5,2058920014,595703226,1,27.78,251.94,11
44164419#0,42454893,7246038815,1,13.89,113.98,3
44164419#1,7246038815,302095403,1,13.89,51.28,3
44164429,42434559,374486503,1,13.89,33.79,4
44165026,3786901738,595142429,1,11.18,72.05,12
44165029#0,561042196,3786901750,1,11.18,60.35,12
44165029#1,3786901750,561042199,1,11.18,10.0,12
44165030#0,561042197,3786901751,1,11.18,3.53,12
44165030#1,3786901751,561042199,1,11.18,10.05,12
44165031,100522479,3639382766,1,11.18,6.32,12
44165033#0,3842775636,9673654629,1,11.18,92.88,12
44165033#1,9673654629,3786902260,1,11.18,94.82,12
44225575,373880031,42453395,1,11.18,22.24,3
444907552#0,3579426874,3271250957,1,13.89,5.58,3
444907552#1,3271250957,9518300227,1,13.89,56.44,3
444907552#10,10050024777,10049835182,1,13.89,150.63,3
444907552#11,10049835182,42443181,1,13.89,10.96,3
444907552#2,9518300227,470209122,1,13.89,12.37,3
444907552#3,470209122,9518300229,1,13.89,12.8,3
444907552#4,9518300229,10050039073,1,13.89,143.87,3
444907552#5,10050039073,1332860731,1,13.89,9.03,3
444907552#6,1332860731,10050039072,1,13.89,9.2,3
444907552#7,10050039072,10050024778,1,13.89,228.04,3
444907552#8,10050024778,42421865,1,13.89,7.52,3
444907552#9,42421865,10050024777,1,13.89,9.84,3
446193620#0,42444954,8262309053,1,11.18,12.6,4
446193620#1,8262309053,7396482976,1,11.18,44.86,4
446193620#2,7396482976,427845235,1,11.18,72.0,4
446864088#0,486867490,5296792749,3,11.18,6.41,12
446864088#1,5296792749,4215624276,3,11.18,39.6,12
446864089,486867490,42429766,1,11.18,17.14,3
446864090#0,42429769,3314293716,4,11.18,6.14,12
446864090#1,3314293716,4886282363,4,11.18,25.44,12
446864091#0,42429769,486867459,1,11.18,17.26,3
446864091#1,486867459,3314293720,1,11.18,11.47,3
446864091#10,42440682,8231942796,1,11.18,6.03,3
446864091#11,8231942796,8231954826,1,11.18,119.12,3
446864091#12,8231954826,42440679,1,11.18,9.1,3
446864091#13,42440679,8372982794,1,11.18,9.54,3
446864091#14,8372982794,42440677,1,11.18,12.6,3
446864091#2,3314293720,8231896470,1,11.18,80.88,3
446864091#3,8231896470,42432102,1,11.18,6.97,3
446864091#4,42432102,8231896471,1,11.18,6.22,3
446864091#5,8231896471,5041370333,1,11.18,94.26,3
446864091#6,5041370333,42440686,1,11.18,8.52,3
446864091#7,42440686,5041370329,1,11.18,8.93,3
446864091#8,5041370329,8231942795,1,11.18,126.03,3
446864091#9,8231942795,42440682,1,11.18,5.78,3
447001270#0,42456568,8119507320,3,11.18,7.31,12
447001270#1,8119507320,8119462485,3,11.18,63.72,12
447001270#2,8119462485,42449308,3,11.18,8.73,12
447001271#0,42456568,4597668044,1,11.18,11.76,10
447001271#1,4597668044,8119462507,1,11.18,8.85,10
447001271#2,8119462507,10168260257,1,11.18,133.8,10
447001271#3,10168260257,42445896,1,11.18,9.28,10
447001271#4,42445896,10168260254,1,11.18,10.31,10
447001271#5,10168260254,10168260246,1,11.18,132.44,10
447001271#6,10168260246,42451674,1,11.18,11.42,10
447001272#0,42436746,10166167623,3,11.18,6.849999999999999,11
447001272#1,10166167623,10168210225,3,11.18,63.99,11
447001272#2,10168210225,42445404,3,11.18,7.63,11
447001272#3,42445404,10168210221,3,11.18,6.07,11
447001272#4,10168210221,10168260259,3,11.18,64.48,11
447001272#5,10168260259,42445896,3,11.18,6.900000000000001,11
447001272#6,42445896,10168260255,3,11.18,8.46,11
447001272#7,10168260255,3252586222,3,11.18,58.24,11
447001272#8,3252586222,10169157394,3,11.18,4.17,11
447001272#9,10169157394,42445899,3,11.18,8.93,11
447018423#0,42448578,7097820971,1,11.18,6.05,3
447018423#1,7097820971,2824895141,1,11.18,69.16,3
447018423#2,2824895141,8276468666,1,11.18,80.59,3
447018423#3,8276468666,42444414,1,11.18,5.74,3
447018423#4,42444414,7139624476,1,11.18,6.24,3
447018423#5,7139624476,7139624399,1,11.18,42.64,3
447018423#6,7139624399,42453902,1,11.18,11.98,3
44763886#0,42429023,9550791773,2,27.78,9.54,12
44763886#1,9550791773,9550791784,2,27.78,68.26,12
44763886#2,9550791784,42428094,2,27.78,9.04,12
44763886#3,42428094,9550791783,2,27.78,7.29,12
44763886#4,9550791783,9550791840,2,27.78,73.45,12
44763886#5,9550791840,42429029,2,27.78,10.8,12
44763887#0,8385109021,595480989,1,8.94,29.82,3
44763887#1,595480989,595479032,1,8.94,66.51,3
44763888#0,42429023,9550791774,2,11.18,16.44,12
44763888#1,9550791774,9566938919,2,11.18,138.21,12
44763888#2,9566938919,60926076,2,11.18,10.44,12
44763889,42429017,595473330,2,27.78,10.89,12
44763890#0,9908570824,9550791743,3,11.18,48.47,12
44763890#1,9550791743,42429017,3,11.18,14.42,12
44763891,298792355,595464699,3,20.12,200.37,14
448686048#0,9417458967,8375523268,5,27.78,34.24,11
448686048#1,8375523268,42430333,5,27.78,10.42,11
450807242#0,4477147270,5159737091,1,11.18,8.48,11
450807242#1,5159737091,4506716195,1,11.18,29.04,11
450896752#0,42435928,8231945169,1,11.18,8.42,3
450896752#1,8231945169,8231954817,1,11.18,58.68,3
450896752#2,8231954817,42433551,1,11.18,9.21,3
451808492#0,42431459,3985008878,1,11.18,13.83,3
451808492#1,3985008878,5481911751,1,11.18,24.93,3
451808492#2,5481911751,8569048134,1,11.18,107.11,3
451808492#3,8569048134,42431453,1,11.18,8.45,3
451808492#4,42431453,8569048139,1,11.18,8.88,3
451808492#5,8569048139,3670742442,1,11.18,136.18,3
451808492#6,3670742442,42431452,1,11.18,7.16,3
451808493#0,4376122113,42431464,1,11.18,10.45,3
451808493#1,42431464,4191922367,1,11.18,11.75,3
451808493#2,4191922367,42431461,1,11.18,65.66,3
451808493#3,42431461,8310246171,1,11.18,6.38,3
451808493#4,8310246171,3985008876,1,11.18,120.24,3
451808493#5,3985008876,42431459,1,11.18,13.66,3
451808494#0,42431470,4298757059,1,11.18,15.28,3
451808494#1,4298757059,8310246163,1,11.18,132.25,3
451808494#2,8310246163,42431467,1,11.18,5.59,3
451808494#3,42431467,8310246164,1,11.18,6.57,3
451808494#4,8310246164,4191926877,1,11.18,58.92,3
451808494#5,4191926877,4376122113,1,11.18,3.66,3
451904646#0,42445543,3919350764,2,11.18,8.37,3
451904646#1,3919350764,3919350754,2,11.18,20.81,3
451904646#2,3919350754,42439249,2,11.18,8.46,3
451905565#0,42421889,4320194262,4,11.18,11.44,11
451905565#1,4320194262,8309479735,4,11.18,63.31,11
451905565#2,8309479735,42430241,4,11.18,8.58,11
451905565#3,42430241,8309479734,4,11.18,8.56,11
451905565#4,8309479734,9090318786,4,11.18,32.27,11
451954038#0,4487582555,8310246626,1,11.18,10.77,3
451954038#1,8310246626,6330018927,1,11.18,58.64,3
451954038#2,6330018927,4487582557,1,11.18,12.07,3
451954038#3,4487582557,6330018963,1,11.18,4.77,3
451954038#4,6330018963,6330018929,1,11.18,11.57,3
451954038#5,6330018929,8310246636,1,11.18,52.48,3
451954038#6,8310246636,4487582556,1,11.18,10.72,3
451954039#0,4487582556,6330018925,1,11.18,59.9,3
451954039#1,6330018925,6330018967,1,11.18,13.82,3
451954039#2,6330018967,6330018935,1,11.18,12.02,3
451954039#3,6330018935,8231945186,1,11.18,23.4,3
451954039#4,8231945186,42437768,1,11.18,7.56,3
451954039#5,42437768,8231945184,1,11.18,8.07,3
451954039#6,8231945184,6330018933,1,11.18,57.26,3
451954039#7,6330018933,8231945180,1,11.18,57.48,3
451954039#8,8231945180,42437770,1,11.18,6.87,3
451954041#0,42437763,8310246639,1,11.18,9.39,3
451954041#1,8310246639,8310246644,1,11.18,65.31,3
451954041#2,8310246644,42435923,1,11.18,6.5,3
451954041#3,42435923,8310246645,1,11.18,8.31,3
451954041#4,8310246645,8231942804,1,11.18,56.95,3
451954041#5,8231942804,7480301986,1,11.18,9.86,3
451954042#0,42437763,8310246637,1,11.18,6.53,3
451954042#1,8310246637,4487582556,1,11.18,6.25,3
451954043,482807376,4487582557,1,13.89,12.92,3
451954060#0,42429762,5296795757,3,11.18,9.15,12
451954060#1,5296795757,8231896490,3,11.18,30.100000000000005,12
451954060#2,8231896490,486867490,3,11.18,6.07,12
451954843,42446424,42425100,1,11.18,61.25,3
452098020#0,42443928,8310246657,1,11.18,8.24,3
452098020#1,8310246657,8372982779,1,11.18,104.33,3
452098020#2,8372982779,42436563,1,11.18,10.05,3
452319915,4491359481,9807801426,1,27.78,5.8,11
452322366#0,1061531685,5117963656,1,13.89,13.92,3
452322366#1,5117963656,8110535998,1,13.89,117.16,3
452322366#2,8110535998,7837178993,1,13.89,92.32,3
452322366#3,7837178993,42435257,1,13.89,10.89,3
452322756#0,42428303,10228962357,1,11.18,6.63,3
452322756#1,10228962357,8250892563,1,11.18,178.22,3
452322756#2,8250892563,10168088490,1,11.18,27.58,3
452322756#3,10168088490,42435677,1,11.18,12.45,3
452322756#4,42435677,10168088493,1,11.18,13.7,3
452322756#5,10168088493,8646554909,1,11.18,247.27,3
452322756#6,8646554909,42445020,1,11.18,13.17,3
452322757#0,42439994,10228962331,2,11.18,11.71,3
452322757#1,10228962331,2435108448,2,11.18,21.97,3
452322757#2,2435108448,42428303,2,11.18,16.15,3
452339695#0,42457821,8307641631,1,11.18,10.06,11
452339695#1,8307641631,42433543,1,11.18,10.15,11
452339696,7480301987,42437988,1,11.18,19.01,11
452339697,4491534951,11038072189,1,11.18,28.96,3
452339698#0,588455700,11038072242,1,11.18,5.6,3
452339698#1,11038072242,42435931,1,11.18,10.74,3
452339699#0,4321748237,3891963909,4,11.18,7.55,11
452339699#1,3891963909,3891960759,4,11.18,126.84,11
452339699#2,3891960759,42430187,4,11.18,18.0,11
452339699#3,42430187,3891960758,4,11.18,15.19,11
452487048,1775270666,370893397,2,11.18,16.65,12
452487050,4492779804,42457401,3,11.18,11.07,12
452492203#0,4492821528,6211332476,2,11.18,27.04,11
452492203#1,6211332476,42431497,2,11.18,8.51,11
452493797#0,42438090,7472058110,1,13.89,14.32,3
452493797#1,7472058110,42438095,1,13.89,72.56,3
452493798,42438084,42438153,5,11.18,32.7,12
452512076#0,42443105,4980851556,1,13.89,12.36,3
452512076#1,4980851556,7081737067,1,13.89,99.89,3
452512076#10,4980798182,42452330,1,13.89,6.3,3
452512076#11,42452330,596776659,1,13.89,24.56,3
452512076#12,596776659,4980798183,1,13.89,8.62,3
452512076#13,4980798183,7471678533,1,13.89,27.85,3
452512076#14,7471678533,10170656863,1,13.89,99.94,3
452512076#15,10170656863,42446171,1,13.89,8.61,3
452512076#2,7081737067,10169411241,1,13.89,91.04,3
452512076#3,10169411241,42450083,1,13.89,12.79,3
452512076#4,42450083,10169411237,1,13.89,13.89,3
452512076#5,10169411237,5482291259,1,13.89,60.71,3
452512076#6,5482291259,10122952972,1,13.89,72.0,3
452512076#7,10122952972,42447207,1,13.89,8.67,3
452512076#8,42447207,10122952973,1,13.89,9.5,3
452512076#9,10122952973,4980798182,1,13.89,127.11,3
453143511#0,530286753,4158796735,2,11.18,12.44,3
453143511#1,4158796735,8827539959,2,11.18,30.15,3
453143511#2,8827539959,11153640063,2,11.18,6.84,3
453143511#3,11153640063,588455743,2,11.18,15.76,3
453323025#0,588455694,9505936176,2,11.18,3.36,11
453323025#1,9505936176,1775260897,2,11.18,33.28,11
453367786#0,42442931,7640871320,2,11.18,14.72,3
453367786#1,7640871320,9987259789,2,11.18,60.41,3
453367786#2,9987259789,42454006,2,11.18,10.45,3
453367786#3,42454006,9987259788,2,11.18,10.48,3
453367786#4,9987259788,5129153006,2,11.18,7.39,3
453367786#5,5129153006,5129150834,2,11.18,20.45,3
453367786#6,5129150834,1577321467,2,11.18,61.15,3
453367786#7,1577321467,3569749095,2,11.18,37.42,3
453367786#8,3569749095,42454010,2,11.18,14.04,3
454031476#0,42452067,6369613050,1,11.18,8.05,11
454031476#1,6369613050,42432085,1,11.18,100.38,11
454031476#2,42432085,8307641649,1,11.18,7.45,11
454031476#3,8307641649,5159452349,1,11.18,81.28,11
454031476#4,5159452349,42429754,1,11.18,11.47,11
45443072#0,42441077,10049857026,1,13.89,12.12,3
45443072#1,10049857026,42441080,1,13.89,221.22,3
454963832#0,42432083,8231896512,2,11.18,7.53,11
454963832#1,8231896512,6906849816,2,11.18,24.62,11
454963832#2,6906849816,10596183146,2,11.18,53.62,11
455098896,42432970,4205440427,1,11.18,52.2,11
455098897#0,42427883,42427888,1,22.22,79.27,10
455098897#1,42427888,42427891,1,22.22,80.64,10
455098897#2,42427891,10079540194,1,22.22,123.15,10
455098897#3,10079540194,10079540192,1,22.22,17.73,10
455098899#0,4515465266,5608275788,1,13.89,32.68,4
455098899#1,5608275788,374451674,1,13.89,7.67,4
455122830#0,42442959,10168544047,1,13.89,12.39,3
455122830#1,10168544047,10006361877,1,13.89,71.52,3
455122830#2,10006361877,10006361871,1,13.89,11.72,3
455122830#3,10006361871,10006361878,1,13.89,7.95,3
455122830#4,10006361878,9075938182,1,13.89,40.11,3
455122830#5,9075938182,10125255949,1,13.89,57.64,3
455122830#6,10125255949,42448379,1,13.89,14.6,3
455125048#0,42442960,9216586544,5,11.18,8.9,12
455125048#1,9216586544,10168544045,5,11.18,64.17,12
455125048#2,10168544045,42442959,5,11.18,6.12,12
455501315,42443844,2821304143,1,11.18,14.35,3
455501322#0,588545728,9364517375,2,11.18,74.97,11
455501322#1,9364517375,42443844,2,11.18,11.88,11
455501328#0,2821304145,3942249552,3,11.18,9.26,11
455501328#1,3942249552,2821304144,3,11.18,68.73,11
455501328#2,2821304144,2821304143,3,11.18,11.26,11
455674352,42428782,3579432156,1,27.78,18.97,11
455675302,1504153604,1506591536,1,13.89,19.49,3
455675581#0,42428711,8687882721,3,27.78,7.23,11
455675581#1,8687882721,8687882720,3,27.78,11.67,11
455675581#2,8687882720,1061531593,3,27.78,7.27,11
455678353#0,4288677093,8133385394,3,11.18,13.75,11
455678353#1,8133385394,6488698202,3,11.18,152.42,11
455684726,9682921006,561035370,3,27.78,147.34,12
455684727,561035368,42442642,1,13.89,265.94,3
455684728,42441777,42428951,1,13.89,184.53,3
455684729#0,9263279180,42428953,2,27.78,125.0,12
455684729#1,42428953,42428951,2,27.78,79.74,12
455685737#0,42442651,9775435992,2,27.78,235.63,12
455685737#1,9775435992,561035370,2,27.78,32.28,12
455687907#0,42438836,8835729527,1,27.78,9.79,11
455687907#1,8835729527,10170977577,1,27.78,63.76,11
455687907#10,10181632172,10181632166,1,27.78,63.99,11
455687907#11,10181632166,42433797,1,27.78,6.7,11
455687907#12,42433797,10181632167,1,27.78,8.43,11
455687907#13,10181632167,10172767660,1,27.78,63.65,11
455687907#14,10172767660,42442613,1,27.78,7.4,11
455687907#15,42442613,10172767659,1,27.78,8.64,11
455687907#16,10172767659,10172767667,1,27.78,64.58,11
455687907#17,10172767667,42438292,1,27.78,7.24,11
455687907#18,42438292,10172767668,1,27.78,7.14,11
455687907#19,10172767668,10743755749,1,27.78,65.11,11
455687907#2,10170977577,42442604,1,27.78,7.73,11
455687907#20,10743755749,42442618,1,27.78,7.68,11
455687907#21,42442618,10743755751,1,27.78,6.03,11
455687907#22,10743755751,42442621,1,27.78,70.71,11
455687907#3,42442604,10170977575,1,27.78,8.88,11
455687907#4,10170977575,10170703041,1,27.78,143.3,11
455687907#5,10170703041,42435940,1,27.78,7.26,11
455687907#6,42435940,10170703044,1,27.78,6.4,11
455687907#7,10170703044,10181632173,1,27.78,65.49,11
455687907#8,10181632173,42442609,1,27.78,6.4,11
455687907#9,42442609,10181632172,1,27.78,8.25,11
455688156#0,42428892,10168100426,1,22.22,8.99,10
455688156#1,10168100426,10055013017,1,22.22,205.5,10
455688156#2,10055013017,7620631148,1,22.22,11.45,10
455688829,371196888,371197670,3,17.88,166.59,14
455688830,3785451338,42425246,3,17.88,170.1,14
455688831,371198305,3785454979,3,17.88,174.31000000000003,14
455688832,42451295,42424145,3,17.88,94.01,14
455688835,3785454979,371198785,3,17.88,265.98,14
455688838,42451280,42451295,3,17.88,270.59,14
455689184#0,3579432161,7004347455,1,27.78,8.31,11
455689184#1,7004347455,7198971058,1,27.78,62.45,11
455689184#2,7198971058,3579432162,1,27.78,9.27,11
456308943#0,42428198,3857400409,1,11.18,16.9,3
456308943#1,3857400409,10177726903,1,11.18,32.13,3
456308943#2,10177726903,10166167550,1,11.18,187.04,3
456308943#3,10166167550,4597668040,1,11.18,9.25,3
456308943#4,4597668040,42440323,1,11.18,10.55,3
456308944#0,5307048043,10166167546,2,11.18,36.77,12
456308944#1,10166167546,42440323,2,11.18,6.7,12
456308945#0,42440323,10166167548,3,11.18,7.57,12
456308945#1,10166167548,10166167541,3,11.18,65.16,12
456308945#2,10166167541,42448693,3,11.18,12.839999999999998,12
456313635,3783071109,4215580880,2,11.18,47.26,12
456313638#0,1919595912,3783146159,2,11.18,7.93,12
456313638#1,3783146159,1919595923,2,11.18,69.0,12
456315007,9166033062,9166033061,2,11.18,14.58,12
456409016#0,42436710,10168544040,2,27.78,12.17,11
456409016#1,10168544040,7852760827,2,27.78,109.73,11
456409016#2,7852760827,4207124945,2,27.78,57.69,11
456409017#0,42442955,10168544022,6,11.18,8.0,12
456409017#1,10168544022,6746980153,6,11.18,64.77,12
456409017#2,6746980153,42440465,6,11.18,7.87,12
456447349#0,427845236,8261122521,1,11.18,72.41,4
456447349#1,8261122521,42446668,1,11.18,13.19,4
457937084#0,1918039877,5798966627,2,11.18,14.28,12
457937084#1,5798966627,8821475421,2,11.18,40.09,12
457937084#2,8821475421,5783028385,2,11.18,4.54,12
457937084#3,5783028385,1918039896,2,11.18,11.42,12
457948936,42442918,4540059459,4,11.18,8.14,12
458106344#0,5849918502,10171509278,1,11.18,13.52,3
458106344#1,10171509278,10168486343,1,11.18,248.16,3
458106344#2,10168486343,42443674,1,11.18,16.2,3
458106345#0,42435610,10171509287,1,11.18,13.17,4
458106345#1,10171509287,10168486404,1,11.18,247.78,4
458106345#2,10168486404,42444916,1,11.18,17.37,4
458106345#3,42444916,10168486407,1,11.18,9.05,4
458106345#4,10168486407,4555501893,1,11.18,54.47,4
458106345#5,4555501893,4555501898,1,11.18,21.38,4
458106345#6,4555501898,4555542101,1,11.18,26.81,4
458106345#7,4555542101,4555501902,1,11.18,4.78,4
458106345#8,4555501902,10168486367,1,11.18,142.32,4
458106345#9,10168486367,42454381,1,11.18,12.13,4
458106346#0,42435603,9774113889,1,11.18,7.56,3
458106346#1,9774113889,8262308805,1,11.18,5.49,3
458106346#2,8262308805,8262308811,1,11.18,248.48,3
458106346#3,8262308811,42439280,1,11.18,16.06,3
458106346#4,42439280,8262308816,1,11.18,10.69,3
458106346#5,8262308816,5103334974,1,11.18,163.8,3
458106346#6,5103334974,8261123438,1,11.18,85.1,3
458106346#7,8261123438,42439286,1,11.18,12.2,3
458106347#0,42435598,8262308761,1,11.18,15.93,3
458106347#1,8262308761,8262308746,1,11.18,248.03,3
458106347#2,8262308746,387180916,1,11.18,9.74,3
458106348#0,42435596,8310246336,1,11.18,16.03,3
458106348#1,8310246336,8431296950,1,11.18,43.96,3
458106348#2,8431296950,4634753634,1,11.18,185.47,3
458106348#3,4634753634,42436439,1,11.18,10.31,3
458166892#0,42452973,9856196746,5,11.18,8.21,11
458166892#1,9856196746,9965135062,5,11.18,63.279999999999994,11
458166892#2,9965135062,42434946,5,11.18,8.88,11
458166892#3,42434946,9965135064,5,11.18,8.89,11
458166892#4,9965135064,8133342837,5,11.18,66.3,11
458166892#5,8133342837,42437644,5,11.18,12.03,11
458166893#0,42445908,10169157343,2,11.18,10.45,11
458166893#1,10169157343,10173014683,2,11.18,127.77,11
458166893#2,10173014683,561042193,2,11.18,10.46,11
458166893#3,561042193,42458333,2,11.18,17.73,11
458166893#4,42458333,10173014678,2,11.18,9.06,11
458166893#5,10173014678,5057315765,2,11.18,86.07,11
458166894#0,42445908,10169157341,4,27.78,7.63,11
458166894#1,10169157341,4903169922,4,27.78,63.23,11
458166894#2,4903169922,42445909,4,27.78,8.64,11
458166895#0,42446941,10168825888,3,11.18,10.44,11
458166895#1,10168825888,42445855,3,11.18,83.95,11
458166895#2,42445855,10125260562,3,11.18,46.23,11
458166895#3,10125260562,42449932,3,11.18,13.770000000000001,11
458166896#0,42445374,8119462506,4,11.18,11.94,11
458166896#1,8119462506,8996587919,4,11.18,38.95,11
458166896#2,8996587919,8133342846,4,11.18,27.16,11
458166896#3,8133342846,42446935,4,11.18,6.97,11
458166896#4,42446935,8133342867,4,11.18,6.9,11
458166896#5,8133342867,8119462480,4,11.18,64.63,11
458166896#6,8119462480,42446934,4,11.18,8.96,11
458166896#7,42446934,8119462472,4,11.18,8.98,11
458166896#8,8119462472,8119462458,4,11.18,64.58,11
458166896#9,8119462458,42446933,4,11.18,6.68,11
458166897#0,42449945,10125260544,5,11.18,13.289999999999997,12
458166897#1,10125260544,10125260543,5,11.18,65.42,12
458166897#10,10125260522,10125260521,5,11.18,65.07,12
458166897#11,10125260521,42434087,5,11.18,8.01,12
458166897#12,42434087,10125260520,5,11.18,7.220000000000001,12
458166897#13,10125260520,10125260519,5,11.18,64.7,12
458166897#14,10125260519,42449954,5,11.18,7.55,12
458166897#15,42449954,10125260517,5,11.18,7.2,12
458166897#16,10125260517,10125260531,5,11.18,64.67,12
458166897#17,10125260531,42448813,5,11.18,7.3,12
458166897#18,42448813,10125255971,5,11.18,8.12,12
458166897#19,10125255971,10125255970,5,11.18,64.32,12
458166897#2,10125260543,42449947,5,11.18,8.88,12
458166897#20,10125255970,42438891,5,11.18,8.87,12
458166897#21,42438891,10125255969,5,11.18,8.91,12
458166897#22,10125255969,10125255968,5,11.18,65.7,12
458166897#23,10125255968,42449956,5,11.18,7.25,12
458166897#24,42449956,10125255967,5,11.18,7.92,12
458166897#25,10125255967,10125255964,5,11.18,62.57000000000001,12
458166897#26,10125255964,42440463,5,11.18,8.61,12
458166897#27,42440463,3977886192,5,11.18,23.18,12
458166897#28,3977886192,10125255962,5,11.18,49.62,12
458166897#29,10125255962,42449961,5,11.18,8.79,12
458166897#3,42449947,10125260535,5,11.18,6.15,12
458166897#30,42449961,10125255961,5,11.18,5.92,12
458166897#31,10125255961,10125255958,5,11.18,64.46,12
458166897#32,10125255958,42436707,5,11.18,7.230000000000001,12
458166897#33,42436707,10125255957,5,11.18,7.779999999999999,12
458166897#34,10125255957,10125255954,5,11.18,63.73,12
458166897#35,10125255954,42449963,5,11.18,8.79,12
458166897#36,42449963,10125255951,5,11.18,7.43,12
458166897#37,10125255951,9140929852,5,11.18,63.42999999999999,12
458166897#38,9140929852,42448379,5,11.18,9.4,12
458166897#4,10125260535,10125260538,5,11.18,63.779999999999994,12
458166897#5,10125260538,42449948,5,11.18,8.01,12
458166897#6,42449948,10125260534,5,11.18,7.44,12
458166897#7,10125260534,10125260523,5,11.18,64.4,12
458166897#8,10125260523,42444051,5,11.18,8.08,12
458166897#9,42444051,10125260522,5,11.18,6.95,12
458177128#0,42446942,10170983213,3,11.18,11.17,11
458177128#1,10170983213,10169157361,3,11.18,128.42,11
458177128#2,10169157361,42449683,3,11.18,8.86,11
458177128#3,42449683,561042192,3,11.18,17.72,11
458177128#4,561042192,10169157357,3,11.18,9.08,11
458177128#5,10169157357,4903169925,3,11.18,129.45,11
458177128#6,4903169925,42445909,3,11.18,10.3,11
458177129#0,42446942,10170983212,4,27.78,8.85,11
458177129#1,10170983212,8842216739,4,27.78,47.78,11
458177130#0,42444043,3944708036,1,27.78,11.91,11
458177130#1,3944708036,3942050710,1,27.78,132.98,11
458177130#2,3942050710,42432693,1,27.78,12.02,11
458177131#0,42444049,10168841853,1,27.78,8.74,11
458177131#1,10168841853,42444047,1,27.78,89.93,11
458177131#2,42444047,6819525295,1,27.78,5.08,11
458177133#0,42446949,10168825907,3,27.78,7.489999999999999,11
458177133#1,10168825907,10170983194,3,27.78,64.17,11
458177133#2,10170983194,42445656,3,27.78,7.2,11
458177133#3,42445656,10170983195,3,27.78,7.29,11
458177133#4,10170983195,10170983202,3,27.78,63.89000000000001,11
458177133#5,10170983202,42446945,3,27.78,7.25,11
458180181#0,8536656980,10125247888,2,11.18,33.6,11
458180181#1,10125247888,10165986936,2,11.18,1.7,11
458180181#2,10165986936,42434077,2,11.18,7.66,11
458180182#0,42434074,3944708041,4,11.18,5.63,11
458180182#1,3944708041,4207952790,4,11.18,39.28,11
458180183#0,42434072,3944708042,5,27.78,8.16,11
458180183#1,3944708042,3942050712,5,27.78,64.73,11
458180183#2,3942050712,42432693,5,27.78,6.8,11
458180184#0,4737669349,3955372900,3,27.78,94.24,11
458180184#1,3955372900,42432580,3,27.78,12.050000000000002,11
458180185#0,42438881,7788529741,4,11.18,7.54,11
458180185#1,7788529741,42445928,4,11.18,71.53,11
458180186#0,42438889,10165986986,2,27.78,10.45,11
458180186#1,10165986986,1745991209,2,27.78,71.31,11
458180186#2,1745991209,10165922714,2,27.78,56.95,11
458180186#3,10165922714,42438886,2,27.78,10.58,11
458180186#4,42438886,596775867,2,27.78,16.66,11
458180186#5,596775867,10165986917,2,27.78,10.82,11
458180186#6,10165986917,7788529751,2,27.78,125.32,11
458180186#7,7788529751,42438881,2,27.78,10.42,11
458180187#0,42438889,10165986985,3,27.78,7.18,11
458180187#1,10165986985,10170640110,3,27.78,65.1,11
458180187#2,10170640110,42446987,3,27.78,9.12,11
458180187#3,42446987,10170640114,3,27.78,5.8,11
458180187#4,10170640114,10165986967,3,27.78,64.96,11
458180187#5,10165986967,42446986,3,27.78,8.3,11
458180187#6,42446986,10165986968,3,27.78,5.919999999999999,11
458180187#7,10165986968,10165986959,3,27.78,65.63,11
458180187#8,10165986959,42434085,3,27.78,7.19,11
458180188#0,42446991,3977886188,2,27.78,10.45,11
458180188#1,3977886188,10125255965,2,27.78,131.34,11
458180188#2,10125255965,42449956,2,27.78,12.91,11
458180189#0,42446991,3977886187,4,27.78,7.53,11
458180189#1,3977886187,10165986984,4,27.78,65.13,11
458180189#2,10165986984,42438889,4,27.78,7.58,11
458180190#0,42440153,3977886222,4,27.78,7.07,11
458180190#1,3977886222,6814895832,4,27.78,28.01,11
458180190#2,6814895832,6814895829,4,27.78,11.4,11
458180190#3,6814895829,3955372902,4,27.78,26.59,11
458180190#4,3955372902,42432580,4,27.78,8.84,11
458180191#0,42436700,3977886247,4,11.18,7.56,11
458180191#1,3977886247,3977886244,4,11.18,65.78,11
458180191#2,3977886244,42446353,4,11.18,7.51,11
458180191#3,42446353,9140940646,4,11.18,7.91,11
458180191#4,9140940646,3977886238,4,11.18,64.62,11
458180191#5,3977886238,42440452,4,11.18,6.9,11
458180191#6,42440452,3977886232,4,11.18,8.65,11
458180191#7,3977886232,3977886226,4,11.18,65.18,11
458180191#8,3977886226,42440153,4,11.18,7.38,11
458180192#0,596775900,10125228016,2,27.78,10.89,11
458180192#1,10125228016,10170605878,2,27.78,125.24,11
458180192#2,10170605878,42436701,2,27.78,12.05,11
458180193#0,42436705,4019254385,4,27.78,7.47,11
458180193#1,4019254385,11070055770,4,27.78,64.28,11
458180193#2,11070055770,42446994,4,27.78,7.07,11
458180193#3,42446994,3977886214,4,27.78,8.29,11
458180193#4,3977886214,3977886198,4,27.78,65.48,11
458180193#5,3977886198,42440459,4,27.78,6.67,11
458180193#6,42440459,3977886193,4,27.78,6.68,11
458180193#7,3977886193,3977886191,4,27.78,64.88,11
458180193#8,3977886191,42446991,4,27.78,7.9,11
458180194#0,42446998,10165922664,2,27.78,10.6,11
458180194#1,10165922664,10125255952,2,27.78,131.84,11
458180194#2,10125255952,42449963,2,27.78,12.25,11
458180195#0,42446998,10165922666,4,27.78,7.84,11
458180195#1,10165922666,4019254386,4,27.78,62.82,11
458180195#2,4019254386,42436705,4,27.78,8.64,11
458180196#0,42445936,10165986952,5,11.18,7.389999999999999,11
458180196#1,10165986952,3977886253,5,11.18,65.44,11
458180197#0,42450426,3977886254,4,11.18,7.3,11
458180197#1,3977886254,3977886251,4,11.18,65.62,11
458180197#2,3977886251,42436700,4,11.18,8.44,11
458180198#0,42445953,10125174402,2,11.18,12.13,11
458180198#1,10125174402,8254176965,2,11.18,96.61,11
458180199#0,42445953,10125174400,3,11.18,7.330000000000001,11
458180199#1,10125174400,10171007675,3,11.18,64.81,11
458180199#10,42429971,2792781459,3,11.18,7.36,11
458180199#11,2792781459,2792783182,3,11.18,64.5,11
458180199#12,2792783182,10171134791,3,11.18,1.71,11
458180199#13,10171134791,42431650,3,11.18,6.080000000000001,11
458180199#14,42431650,2792783180,3,11.18,7.52,11
458180199#15,2792783180,2792783184,3,11.18,65.02,11
458180199#16,2792783184,42445972,3,11.18,8.51,11
458180199#2,10171007675,42436511,3,11.18,6.71,11
458180199#3,42436511,2792781447,3,11.18,8.07,11
458180199#4,2792781447,2792781461,3,11.18,63.85999999999999,11
458180199#5,2792781461,10171134783,3,11.18,1.03,11
458180199#6,10171134783,42445961,3,11.18,6.23,11
458180199#7,42445961,10171134782,3,11.18,7.849999999999999,11
458180199#8,10171134782,2792781454,3,11.18,64.64,11
458180199#9,2792781454,42429971,3,11.18,6.900000000000001,11
458180200#0,42447020,9178272152,4,27.78,9.02,11
458180200#1,9178272152,5475605296,4,27.78,31.62,11
458784333#0,2075596384,9569882299,1,13.89,10.62,3
458784333#1,9569882299,2075596386,1,13.89,12.92,3
460065820,1825841743,1825841693,3,11.18,4.58,12
460065821#0,1825841742,8821677087,1,11.18,12.67,12
460065821#1,8821677087,42449707,1,11.18,3.48,12
460065821#2,42449707,1825841715,1,11.18,3.17,12
460065821#3,1825841715,1825841655,1,11.18,23.74,12
460065822#0,9446375827,4347733129,4,11.18,34.86,12
460065822#1,4347733129,1825841704,4,11.18,15.16,12
460067515#0,1241742627,10046254761,4,27.78,11.0,12
460067515#1,10046254761,7515977393,4,27.78,60.61,12
460067515#2,7515977393,42440934,4,27.78,6.89,12
460069727#0,4557517549,8262309046,1,11.18,10.34,10
460069727#1,8262309046,593973909,1,11.18,56.46,10
460585328#0,42437371,10168212450,4,11.18,13.99,12
460585328#1,10168212450,10171169058,4,11.18,64.75,12
460585328#10,10168047548,10168047554,4,11.18,65.25,12
460585328#11,10168047554,42455761,4,11.18,7.72,12
460585328#12,42455761,10168047558,4,11.18,7.26,12
460585328#13,10168047558,8646577748,4,11.18,65.13,12
460585328#14,8646577748,42452365,4,11.18,6.38,12
460585328#15,42452365,10168029010,4,11.18,8.15,12
460585328#16,10168029010,10168029007,4,11.18,63.97,12
460585328#17,10168029007,42443534,4,11.18,8.87,12
460585328#18,42443534,10168029003,4,11.18,8.9,12
460585328#19,10168029003,10168028998,4,11.18,64.0,12
460585328#2,10171169058,42454433,4,11.18,8.33,12
460585328#20,10168028998,42432598,4,11.18,7.62,12
460585328#21,42432598,10168028994,4,11.18,7.93,12
460585328#22,10168028994,10168028980,4,11.18,64.37,12
460585328#23,10168028980,42440170,4,11.18,7.43,12
460585328#24,42440170,10168028984,4,11.18,8.03,12
460585328#25,10168028984,10090668394,4,11.18,64.76,12
460585328#26,10090668394,42454042,4,11.18,6.28,12
460585328#3,42454433,10171169062,4,11.18,7.32,12
460585328#4,10171169062,10168047543,4,11.18,63.83,12
460585328#5,10168047543,42443563,4,11.18,6.93,12
460585328#6,42443563,10168047539,4,11.18,8.89,12
460585328#7,10168047539,10168047552,4,11.18,63.61,12
460585328#8,10168047552,42432706,4,11.18,7.07,12
460585328#9,42432706,10168047548,4,11.18,7.43,12
460585329#0,42446668,5165666209,1,11.18,14.0,4
460585329#1,5165666209,11141800591,1,11.18,116.83,4
460585329#2,11141800591,6636032331,1,11.18,7.6,4
460589632#0,42430646,8261122904,3,11.18,7.16,12
460589632#1,8261122904,593915255,3,11.18,21.11,12
460596360#0,42440104,10165996999,1,13.89,9.4,3
460596360#1,10165996999,1774036559,1,13.89,17.68,3
460596360#2,1774036559,7732243546,1,13.89,65.29,3
460596360#3,7732243546,1775693483,1,13.89,89.3,3
460596360#4,1775693483,42437196,1,13.89,12.42,3
460604907#0,42453087,6672749653,1,13.89,7.29,3
460604907#1,6672749653,6672749649,1,13.89,65.74,3
460604907#2,6672749649,42440472,1,13.89,7.29,3
460606347#0,42430295,3833309813,4,11.18,6.66,11
460606347#1,3833309813,10261412966,4,11.18,64.24,11
460606347#2,10261412966,42430298,4,11.18,7.49,11
460606348#0,42430295,3833309820,1,11.18,10.39,4
460606348#1,3833309820,4769084859,1,11.18,20.66,4
460624363#0,10299850024,5083818849,1,11.18,92.83,4
460624363#1,5083818849,42422042,1,11.18,8.55,4
460624365#0,9674242346,10299849935,3,11.18,49.41,11
460624365#1,10299849935,8262936497,3,11.18,6.48,11
460624365#2,8262936497,42438155,3,11.18,6.56,11
460657164#0,42428022,6691104519,2,27.78,8.16,11
460657164#1,6691104519,7834024299,2,27.78,65.68,11
460657164#10,7834024305,7834030796,2,27.78,66.51,11
460657164#11,7834030796,42428032,2,27.78,7.1,11
460657164#12,42428032,7834025580,2,27.78,7.64,11
460657164#13,7834025580,7834025515,2,27.78,65.94,11
460657164#14,7834025515,42428034,2,27.78,6.48,11
460657164#15,42428034,7834025525,2,27.78,7.98,11
460657164#16,7834025525,7834025567,2,27.78,67.33,11
460657164#17,7834025567,42428037,2,27.78,11.92,11
460657164#2,7834024299,42428024,2,27.78,6.54,11
460657164#3,42428024,7834024288,2,27.78,7.44,11
460657164#4,7834024288,7834024290,2,27.78,66.49,11
460657164#5,7834024290,42428027,2,27.78,6.59,11
460657164#6,42428027,7834024334,2,27.78,7.31,11
460657164#7,7834024334,7834024318,2,27.78,66.89,11
460657164#8,7834024318,42428029,2,27.78,6.04,11
460657164#9,42428029,7834024305,2,27.78,7.52,11
460657165#0,42428015,6689923794,2,27.78,6.83,11
460657165#1,6689923794,6689923793,2,27.78,66.13,11
460657165#2,6689923793,42428016,2,27.78,7.1,11
460657166#0,4562863353,9906887420,1,11.18,95.99,3
460657166#1,9906887420,6689923790,1,11.18,34.27,3
460657166#2,6689923790,42428016,1,11.18,13.27,3
460660844#0,4562897759,4633483775,2,11.18,21.29,10
460660844#1,4633483775,3786876210,2,11.18,4.21,10
460660844#2,3786876210,9906953431,2,11.18,34.4,10
46110588,7910052385,8916714761,2,22.22,33.24,9
46110589,587812578,9168918373,1,22.22,113.53,9
46110590,587812665,2029349959,2,22.22,288.33,9
46111601,595352936,42441805,1,27.78,11.95,11
46111604#0,587934073,8344675607,1,27.78,136.14,11
46111604#1,8344675607,8344675600,1,27.78,26.9,11
46111604#2,8344675600,9935939382,1,27.78,156.3,11
46111604#3,9935939382,2512378850,1,27.78,14.59,11
46111605#0,2797042974,60927822,1,27.78,41.35,11
46111605#1,60927822,60927823,1,27.78,55.51,11
46111607#0,595314125,42441535,1,27.78,15.29,11
46111607#1,42441535,10060800061,1,27.78,6.97,11
46111607#10,2967753945,10039795803,1,27.78,38.27,11
46111607#11,10039795803,42434161,1,27.78,7.46,11
46111607#12,42434161,10039795798,1,27.78,7.38,11
46111607#13,10039795798,10039645591,1,27.78,66.19,11
46111607#14,10039645591,42441564,1,27.78,11.8,11
46111607#15,42441564,10039645584,1,27.78,11.91,11
46111607#16,10039645584,10039645579,1,27.78,67.36,11
46111607#17,10039645579,42441569,1,27.78,8.06,11
46111607#18,42441569,10039741698,1,27.78,7.7,11
46111607#19,10039741698,10039741678,1,27.78,72.36,11
46111607#2,10060800061,42437058,1,27.78,72.2,11
46111607#20,10039741678,42421820,1,27.78,7.87,11
46111607#21,42421820,10039741672,1,27.78,7.69,11
46111607#22,10039741672,10039656211,1,27.78,72.84,11
46111607#23,10039656211,42437312,1,27.78,8.78,11
46111607#24,42437312,10039693563,1,27.78,7.16,11
46111607#25,10039693563,10039653305,1,27.78,71.14,11
46111607#26,10039653305,42433569,1,27.78,9.84,11
46111607#27,42433569,10039653300,1,27.78,7.19,11
46111607#28,10039653300,9168918194,1,27.78,65.82,11
46111607#29,9168918194,42441587,1,27.78,7.22,11
46111607#3,42437058,10039861888,1,27.78,80.86,11
46111607#30,42441587,9168918193,1,27.78,7.53,11
46111607#31,9168918193,42421778,1,27.78,74.63,11
46111607#32,42421778,4906056159,1,27.78,75.29,11
46111607#4,10039861888,42422018,1,27.78,9.74,11
46111607#5,42422018,10039861883,1,27.78,9.76,11
46111607#6,10039861883,10039776315,1,27.78,72.13,11
46111607#7,10039776315,42438052,1,27.78,8.49,11
46111607#8,42438052,9168918208,1,27.78,8.14,11
46111607#9,9168918208,2967753945,1,27.78,25.99,11
46111610#0,595314119,6996574443,1,13.89,61.45,3
46111610#1,6996574443,595314120,1,13.89,7.34,3
46111610#10,6887003293,42441895,1,13.89,6.62,3
46111610#11,42441895,42441899,1,13.89,80.79,3
46111610#12,42441899,42441903,1,13.89,80.05,3
46111610#13,42441903,6883897082,1,13.89,6.92,3
46111610#14,6883897082,7785881388,1,13.89,64.84,3
46111610#15,7785881388,42441907,1,13.89,7.74,3
46111610#16,42441907,7785881441,1,13.89,8.63,3
46111610#17,7785881441,42437920,1,13.89,71.25,3
46111610#2,595314120,6996564358,1,13.89,8.18,3
46111610#3,6996564358,42433256,1,13.89,73.07,3
46111610#4,42433256,6996574440,1,13.89,77.05,3
46111610#5,6996574440,42441889,1,13.89,6.88,3
46111610#6,42441889,10169443468,1,13.89,75.45,3
46111610#7,10169443468,42429557,1,13.89,6.24,3
46111610#8,42429557,10169443469,1,13.89,6.73,3
46111610#9,10169443469,6887003293,1,13.89,67.78,3
46111614#0,6868145384,42441104,2,27.78,125.02,11
46111614#1,42441104,1332860726,2,27.78,28.71,11
46111614#2,1332860726,3269867944,2,27.78,114.68,11
46111615#0,6868145381,3269867926,1,27.78,16.63,11
46111615#1,3269867926,9518268102,1,27.78,57.23,11
46111615#2,9518268102,42441254,1,27.78,6.85,11
46111619,42441191,595314033,1,27.78,11.87,11
46111626#0,7616688918,10049860712,1,13.89,7.14,3
46111626#1,10049860712,10049953223,1,13.89,37.14,3
46111626#2,10049953223,6867580414,1,13.89,12.42,3
46111627#0,42424703,10049926004,2,27.78,9.09,11
46111627#1,10049926004,764744759,2,27.78,20.88,11
46111627#2,764744759,3874689569,2,27.78,54.89,11
46111627#3,3874689569,42424706,2,27.78,13.72,11
46111629#0,42424706,3570003194,1,27.78,5.47,11
46111629#1,3570003194,10049860705,1,27.78,63.37,11
46111629#2,10049860705,42425088,1,27.78,7.37,11
46111631#0,42428782,10170704057,1,27.78,10.45,11
46111631#1,10170704057,7785929610,1,27.78,99.77,11
46111631#2,7785929610,42441926,1,27.78,6.71,11
46114474,60927827,60927832,2,27.78,183.01,11
46114478#0,2504882469,9935939398,1,13.89,1.16,3
46114478#1,9935939398,9935939355,1,13.89,263.57,3
46114478#2,9935939355,587933945,1,13.89,12.6,3
46114478#3,587933945,9935939356,1,13.89,6.99,3
46114478#4,9935939356,42441695,1,13.89,79.35,3
46114483#0,587934172,9935939179,1,27.78,6.06,11
46114483#1,9935939179,595352911,1,27.78,17.03,11
46114485#0,587934172,9935939180,1,22.22,13.39,9
46114485#1,9935939180,595352915,1,22.22,138.83,9
46114489#0,587934311,595436395,1,22.22,369.65,6
46114489#1,595436395,595352910,1,22.22,66.45,6
46114491,587934347,595436395,1,22.22,196.06,9
46114492,9801962062,42428956,1,13.89,55.59,3
46114494,7907957252,587934311,1,22.22,62.65,9
46114496#0,587934311,9566822912,1,22.22,30.44,9
46114496#1,9566822912,587934436,1,22.22,67.45,9
46116170#0,587987721,11013388755,1,22.22,35.27,7
46116170#1,11013388755,42451375,1,22.22,11.29,7
46116177,246909446,5209071190,3,11.18,19.72,14
46116180,3574648567,4149947889,2,11.18,21.14,14
46116181,588593353,587987721,2,13.41,142.58,12
46116183#0,587988061,1541937888,4,11.18,55.88,11
46116183#1,1541937888,3884569931,4,11.18,12.1,11
46116314#0,9121386338,4878838760,2,11.18,8.54,11
46116314#1,4878838760,4878838733,2,11.18,49.2,11
46116314#2,4878838733,4878831008,2,11.18,10.72,11
46116316,4158753824,486819535,2,13.41,118.66,13
46116326#0,42428391,11051616164,2,11.18,16.85,11
46116326#1,11051616164,4143875739,2,11.18,6.29,11
46116326#2,4143875739,8262936588,2,11.18,9.46,11
46116326#3,8262936588,8262936586,2,11.18,11.02,11
46116329#0,272195270,4143875743,1,11.18,11.06,11
46116329#1,4143875743,8279851457,1,11.18,131.58,11
46116329#2,8279851457,42453952,1,11.18,9.68,11
46116332#0,1773055865,11153640064,1,11.18,14.38,3
46116332#1,11153640064,4499408167,1,11.18,171.39,3
46116332#2,4499408167,7476968855,1,11.18,7.0,3
46116390#0,42426060,10099294650,1,11.18,6.8,3
46116390#1,10099294650,4602410644,1,11.18,14.84,3
46116390#2,4602410644,4602410642,1,11.18,37.08,3
46116390#3,4602410642,4139510041,1,11.18,26.18,3
46116390#4,4139510041,4890633719,1,11.18,25.4,3
46116390#5,4890633719,4602414021,1,11.18,10.46,3
46116435#0,42424610,8304498057,2,11.18,11.34,3
46116435#1,8304498057,42434863,2,11.18,59.62,3
46116435#2,42434863,8304498439,2,11.18,52.66,3
46116435#3,8304498439,42434871,2,11.18,7.64,3
46116441,42424354,8834352022,1,11.18,37.41,9
46116442,42424258,9086113814,1,11.18,52.26,9
46130040#0,589928035,9178585628,1,11.18,6.59,3
46130040#1,9178585628,371337145,1,11.18,131.97,3
46130044#0,589928029,589928041,1,13.89,24.53,3
46130044#1,589928041,10172922915,1,13.89,8.18,3
46130044#2,10172922915,10171956577,1,13.89,125.18,3
46130044#3,10171956577,42446177,1,13.89,10.09,3
46130044#4,42446177,10171956580,1,13.89,10.11,3
46130044#5,10171956580,4970616806,1,13.89,135.63,3
46130044#6,4970616806,42436724,1,13.89,9.2,3
46130049,4215812467,3786728751,2,11.18,64.16,12
46130053,371337140,42424758,3,22.22,41.86,7
46130054#0,42424758,10122952961,3,11.18,51.31,12
46130054#1,10122952961,42424757,3,11.18,7.830000000000001,12
46139020#0,42449689,10172824633,3,22.22,10.26,9
46139020#1,10172824633,588166430,3,22.22,4.33,9
46139021#0,42445666,9987259784,1,11.18,8.39,4
46139021#1,9987259784,9987259787,1,11.18,62.71,4
46139021#2,9987259787,42454006,1,11.18,9.11,4
46139023#0,42445387,3932847293,2,11.18,13.03,12
46139023#1,3932847293,4259278559,2,11.18,64.89,12
46139023#2,4259278559,42434969,2,11.18,7.89,12
46139027#0,42430673,5542715075,3,11.18,14.31,12
46139027#1,5542715075,10168212475,3,11.18,63.52,12
46139027#2,10168212475,42430669,3,11.18,8.55,12
46139029,4207942159,593920865,2,11.18,75.98,12
46139033#0,42424864,4890333653,2,11.18,12.25,12
46139033#1,4890333653,4890633720,2,11.18,50.3,12
46139033#2,4890633720,42423456,2,11.18,12.6,12
46139034#0,9259617996,8307641865,4,11.18,58.02,12
46139034#1,8307641865,42455200,4,11.18,7.89,12
46139034#2,42455200,8307641866,4,11.18,6.89,12
46139034#3,8307641866,8307641873,4,11.18,66.63,12
46139034#4,8307641873,42439345,4,11.18,7.43,12
46139034#5,42439345,8307641874,4,11.18,7.15,12
46139034#6,8307641874,3252582134,4,11.18,64.87,12
46139034#7,3252582134,8307641850,4,11.18,1.21,12
46139035#0,42434837,2155551109,3,11.18,27.52,12
46139035#1,2155551109,42430126,3,11.18,18.72,12
46139036#0,42430126,4890621095,1,11.18,21.09,11
46139036#1,4890621095,2151385487,1,11.18,59.81,11
46139036#2,2151385487,42440829,1,11.18,14.49,11
46139037#0,42445543,5784518545,2,11.18,8.48,12
46139037#1,5784518545,3919359299,2,11.18,59.62,12
46139037#2,3919359299,42445548,2,11.18,6.96,12
46139038#0,42445489,8231927330,2,11.18,9.42,12
46139038#1,8231927330,8231931836,2,11.18,100.34,12
46139038#2,8231931836,42439580,2,11.18,7.16,12
46139039#0,5706569898,8307641787,2,11.18,11.0,11
46139039#1,8307641787,8307641745,2,11.18,49.69,11
46139039#10,7132560113,7132560149,2,11.18,60.63,11
46139039#11,7132560149,42445474,2,11.18,7.37,11
46139039#12,42445474,7132560115,2,11.18,9.51,11
46139039#13,7132560115,42445469,2,11.18,30.03,11
46139039#14,42445469,7132560114,2,11.18,29.62,11
46139039#15,7132560114,42445466,2,11.18,10.76,11
46139039#2,8307641745,42445484,2,11.18,6.41,11
46139039#3,42445484,8307641746,2,11.18,5.72,11
46139039#4,8307641746,8307641737,2,11.18,73.5,11
46139039#5,8307641737,42445481,2,11.18,6.18,11
46139039#6,42445481,8307641738,2,11.18,5.92,11
46139039#7,8307641738,4878781664,2,11.18,64.14,11
46139039#8,4878781664,42445479,2,11.18,6.57,11
46139039#9,42445479,7132560113,2,11.18,5.65,11
46139040#0,42436340,8304498373,5,11.18,7.409999999999999,13
46139040#1,8304498373,42436014,5,11.18,64.32,13
46139041#0,42424619,4602429319,2,11.18,14.01,11
46139041#1,4602429319,4602429329,2,11.18,10.94,11
46139041#2,4602429329,42432116,2,11.18,69.76,11
46139042#0,42424610,8304498055,5,11.18,13.830000000000002,11
46139042#1,8304498055,1104165608,5,11.18,47.9,11
46139043,42429754,486869282,1,11.18,16.65,11
46139045,4321748238,4321748237,3,11.18,11.33,11
46139046#0,42430126,42430131,3,11.18,42.94,12
46139046#1,42430131,4890418814,3,11.18,65.21,12
46139046#2,4890418814,4143859865,3,11.18,11.57,12
46139047,42429762,486868830,2,11.18,16.87,12
46139048#0,42437996,5043084245,2,11.18,9.08,12
46139048#1,5043084245,6695729258,2,11.18,65.87,12
46139048#2,6695729258,5863593975,2,11.18,59.29,12
46139048#3,5863593975,3212472963,2,11.18,6.52,12
46139048#4,3212472963,5863593965,2,11.18,5.99,12
46139048#5,5863593965,9505971550,2,11.18,20.08,12
46154281#0,42435931,11038072245,1,11.18,8.73,3
46154281#1,11038072245,5804425627,1,11.18,4.02,3
46154281#2,5804425627,42431999,1,11.18,77.62,3
46154281#3,42431999,7153367759,1,11.18,51.35,3
46154281#4,7153367759,7499128116,1,11.18,69.81,3
46154281#5,7499128116,7499128125,1,11.18,28.39,3
46154281#6,7499128125,9297513852,1,11.18,83.49,3
46154281#7,9297513852,7499263656,1,11.18,8.46,3
46154285#0,9584768447,8746789253,3,11.18,59.06,12
46154285#1,8746789253,4625620212,3,11.18,3.8699999999999997,12
46154285#2,4625620212,42437564,3,11.18,7.18,12
46154286#0,588455697,6411125199,1,11.18,40.13,12
46154286#1,6411125199,588455698,1,11.18,14.37,12
46154287,588455698,42438531,1,11.18,27.01,11
46154291#0,42440785,8231942806,1,11.18,13.82,11
46154291#1,8231942806,6129309605,1,11.18,26.26,11
46154291#2,6129309605,9941087939,1,11.18,36.54,11
46154291#3,9941087939,42440679,1,11.18,5.88,11
46154296#0,5706568658,3212472625,1,11.18,10.83,3
46154296#1,3212472625,42435922,1,11.18,11.18,3
46154296#10,8231945171,42435928,1,11.18,6.44,3
46154296#11,42435928,8231945168,1,11.18,10.4,3
46154296#12,8231945168,7755083985,1,11.18,22.22,3
46154296#13,7755083985,5804425631,1,11.18,118.64,3
46154296#14,5804425631,588455700,1,11.18,6.39,3
46154296#2,42435922,8279851231,1,11.18,9.01,3
46154296#3,8279851231,8310246646,1,11.18,175.88,3
46154296#4,8310246646,42435923,1,11.18,7.32,3
46154296#5,42435923,8310246643,1,11.18,7.04,3
46154296#6,8310246643,8231945164,1,11.18,114.96,3
46154296#7,8231945164,42435925,1,11.18,7.7,3
46154296#8,42435925,8231945161,1,11.18,7.29,3
46154296#9,8231945161,8231945171,1,11.18,115.24,3
46154300#0,42457292,8279851768,1,11.18,7.55,3
46154300#1,8279851768,8279851809,1,11.18,94.16,3
46154300#2,8279851809,42433205,1,11.18,5.94,3
46154300#3,42433205,8279851810,1,11.18,5.61,3
46154300#4,8279851810,42433231,1,11.18,9.64,3
46154300#5,42433231,8279851805,1,11.18,8.6,3
46154300#6,8279851805,8279851811,1,11.18,93.37,3
46154300#7,8279851811,5378284711,1,11.18,5.3,3
46154324#0,588455857,4382842401,1,11.18,7.79,3
46154324#1,4382842401,7830788157,1,11.18,46.55,3
46154324#2,7830788157,588455858,1,11.18,9.84,3
46154327#0,42448583,7138157349,1,11.18,4.94,3
46154327#1,7138157349,8281922211,1,11.18,129.7,3
46154327#2,8281922211,42454795,1,11.18,5.11,3
46154327#3,42454795,8281922213,1,11.18,5.31,3
46154327#4,8281922213,42454792,1,11.18,28.72,3
46154327#5,42454792,8281922228,1,11.18,86.73,3
46154327#6,8281922228,11051616113,1,11.18,2.05,3
46154327#7,11051616113,42428376,1,11.18,7.63,3
46154330#0,42440270,4985377333,1,11.18,16.1,3
46154330#1,4985377333,4015192929,1,11.18,33.27,3
46154330#2,4015192929,673008453,1,11.18,73.67,3
46154330#3,673008453,673008457,1,11.18,57.65,3
46154330#4,673008457,42440278,1,11.18,13.45,3
46154330#5,42440278,4985377329,1,11.18,17.89,3
46154330#6,4985377329,42440280,1,11.18,8.6,3
46154332#0,42438471,8279851789,1,11.18,5.55,3
46154332#1,8279851789,8279851779,1,11.18,86.75,3
46154332#2,8279851779,42433237,1,11.18,6.91,3
46154337#0,42444230,4156798789,1,11.18,6.81,12
46154337#1,4156798789,4156798797,1,11.18,71.45,12
46154337#2,4156798797,42444223,1,11.18,5.75,12
46154337#3,42444223,9181607983,1,11.18,5.72,12
46154337#4,9181607983,11047466410,1,11.18,15.08,12
46154337#5,11047466410,6129324449,1,11.18,4.02,12
46154337#6,6129324449,11030812457,1,11.18,30.35,12
46154337#7,11030812457,4145794845,1,11.18,16.9,12
46154337#8,4145794845,42421951,1,11.18,7.35,12
46154338#0,42429844,8276468602,1,11.18,11.41,3
46154338#1,8276468602,8276468632,1,11.18,59.06,3
46154338#2,8276468632,42429842,1,11.18,5.85,3
46156708,42424382,4778174564,2,11.18,80.63,14
461593093#0,42429693,8851347589,4,11.18,6.36,12
461593093#1,8851347589,8855629731,4,11.18,65.36,12
461593093#2,8855629731,42443000,4,11.18,7.51,12
461593095#0,42443000,8855629728,4,11.18,7.04,12
461593095#1,8855629728,9496052475,4,11.18,51.65,12
461593096#0,42431681,6670244880,3,11.18,7.099999999999999,12
461593096#1,6670244880,9772198972,3,11.18,64.72,12
461593096#2,9772198972,42437445,3,11.18,8.2,12
461593096#3,42437445,9772198969,3,11.18,7.23,12
461593096#4,9772198969,5542680292,3,11.18,65.06,12
461593096#5,5542680292,42442983,3,11.18,7.25,12
46160083,4143875757,588545728,1,11.18,71.69,6
46160098,2821304145,1272562931,1,11.18,13.59,3
46160106,246858435,246866810,1,11.18,12.95,3
46160153#0,42456492,8281922069,1,11.18,5.8,3
46160153#1,8281922069,3658821414,1,11.18,33.36,3
46160153#2,3658821414,4878831016,1,11.18,18.43,3
46160153#3,4878831016,42443844,1,11.18,9.73,3
46160225#0,42440280,4985377328,1,11.18,9.86,3
46160225#1,4985377328,8281922088,1,11.18,81.65,3
46160225#2,8281922088,42440282,1,11.18,5.79,3
46160225#3,42440282,8281922090,1,11.18,5.84,3
46160225#4,8281922090,42440284,1,11.18,57.07,3
46160225#5,42440284,5008036416,1,11.18,62.68,3
46160225#6,5008036416,8281922127,1,11.18,4.19,3
46160225#7,8281922127,42440287,1,11.18,5.92,3
46160244#0,42448469,4878934393,1,11.18,7.2,3
46160244#1,4878934393,9988073561,1,11.18,34.13,3
46160244#2,9988073561,42459820,1,11.18,12.29,3
46160330#0,42422050,8281922198,1,11.18,6.18,3
46160330#1,8281922198,7138157353,1,11.18,124.83,3
46160330#2,7138157353,42422053,1,11.18,6.71,3
46160330#3,42422053,7138157359,1,11.18,5.68,3
46160330#4,7138157359,9753289200,1,11.18,43.93,3
46160330#5,9753289200,6262915548,1,11.18,37.3,3
46160365#0,42440335,8281922136,1,11.18,5.99,3
46160365#1,8281922136,8281922128,1,11.18,85.79,3
46160365#2,8281922128,42440287,1,11.18,5.74,3
46160365#3,42440287,8281922126,1,11.18,7.17,3
46160365#4,8281922126,8281922101,1,11.18,38.05,3
46160365#5,8281922101,1538237434,1,11.18,5.34,3
46160365#6,1538237434,8281922099,1,11.18,5.81,3
46160365#7,8281922099,5008036548,1,11.18,31.51,3
46160365#8,5008036548,10585438628,1,11.18,13.79,3
46160386#0,42432679,8276468885,1,11.18,6.01,3
46160386#1,8276468885,10703318306,1,11.18,64.74,3
46160386#2,10703318306,42429507,1,11.18,5.06,3
46160403#0,42421960,6904109938,1,11.18,11.03,3
46160403#1,6904109938,8276468675,1,11.18,47.14,3
46160403#2,8276468675,42427956,1,11.18,8.75,3
46160404#0,246858654,246866793,1,11.18,10.29,3
46160404#1,246866793,4876394048,1,11.18,14.61,3
46160404#2,4876394048,8821315486,1,11.18,7.09,3
46160404#3,8821315486,246901366,1,11.18,5.33,3
46160406#0,42428524,11050054100,1,11.18,8.98,3
46160406#1,11050054100,42444480,1,11.18,43.86,3
46160406#2,42444480,7335430609,1,11.18,45.96,3
46160406#3,7335430609,42444355,1,11.18,7.58,3
46165807,9805151008,5815643310,1,11.18,77.99,3
46165810#0,42429595,5815643350,2,11.18,12.11,3
46165810#1,5815643350,3588508439,2,11.18,65.51,3
46165812#0,42429565,5812734102,1,11.18,13.48,11
46165812#1,5812734102,8404113359,1,11.18,58.69,11
46165812#2,8404113359,4143838198,1,11.18,31.04,11
46165812#3,4143838198,4872753358,1,11.18,46.33,11
46165812#4,4872753358,42429570,1,11.18,13.9,11
46165813,246866830,246858449,1,11.18,13.04,3
46165814,246858448,246866828,1,11.18,15.13,3
46165815#0,42429595,5815643273,1,11.18,8.48,3
46165815#1,5815643273,42446849,1,11.18,51.99,3
46165816,246858431,246866798,1,13.89,14.44,3
46165818,3574612293,4149752689,3,11.18,39.98,9
46165819#0,42433715,4876394047,1,11.18,8.88,3
46165819#1,4876394047,279152444,1,11.18,26.45,3
46165821#0,42433718,4876394052,1,11.18,9.32,3
46165821#1,4876394052,42437819,1,11.18,23.38,3
46166212#0,42436181,4206997186,1,11.18,5.47,3
46166212#1,4206997186,4149936245,1,11.18,91.91,3
46166213,246909446,42436178,1,11.18,105.92,9
46171876#0,11148599484,8307641939,1,11.18,37.13,3
46171876#1,8307641939,42436088,1,11.18,9.12,3
46171878#0,42434855,2155551105,2,11.18,7.66,11
46171878#1,2155551105,42445700,2,11.18,41.15,11
46171878#2,42445700,8312344414,2,11.18,24.7,11
46171878#3,8312344414,42453773,2,11.18,5.89,11
46171878#4,42453773,8312344415,2,11.18,5.85,11
46171878#5,8312344415,4616536355,2,11.18,44.76,11
46171878#6,4616536355,8312361630,2,11.18,21.07,11
46171878#7,8312361630,42453059,2,11.18,5.6,11
46171879#0,42429563,8279851479,2,11.18,7.51,3
46171879#1,8279851479,8279851471,2,11.18,54.87,3
46171879#2,8279851471,42430007,2,11.18,7.03,3
46171880#0,42429563,8279851480,1,11.18,10.74,11
46171880#1,8279851480,8304497700,1,11.18,95.89,11
46171880#2,8304497700,42429565,1,11.18,11.32,11
46171883#0,42448162,8312361645,2,11.18,6.46,11
46171883#1,8312361645,5490721611,2,11.18,48.09,11
46171883#2,5490721611,8312361693,2,11.18,17.54,11
46171883#3,8312361693,42452816,2,11.18,7.39,11
46171884#0,42429565,4143763632,1,11.18,9.57,3
46171884#1,4143763632,8304497722,1,11.18,55.2,3
46171884#2,8304497722,42430009,1,11.18,4.9,3
46171884#3,42430009,8304497723,1,11.18,11.2,3
46171884#4,8304497723,8279851498,1,11.18,52.64,3
46171884#5,8279851498,272194254,1,11.18,12.97,3
46171887#0,42449600,7410938047,2,11.18,6.91,11
46171887#1,7410938047,7536025163,2,11.18,6.21,11
46171887#2,7536025163,8279851478,2,11.18,51.89,11
46171887#3,8279851478,42429563,2,11.18,8.55,11
46171888#0,8262936616,8262936678,2,11.18,81.06,4
46171888#1,8262936678,42422035,2,11.18,9.0,4
46171889#0,42452310,8262936706,1,11.18,6.08,3
46171889#1,8262936706,8279851849,1,11.18,89.12,3
46171889#2,8279851849,42446632,1,11.18,5.51,3
46171889#3,42446632,4207000395,1,11.18,5.32,3
46171889#4,4207000395,4206997172,1,11.18,75.3,3
46171889#5,4206997172,4149750390,1,11.18,4.38,3
46171907#0,42456888,10299850211,1,11.18,9.59,4
46171907#1,10299850211,8262936653,1,11.18,5.92,4
46171907#2,8262936653,7335430596,1,11.18,89.19,4
46171907#3,7335430596,42428373,1,11.18,7.66,4
46177152,4158752889,4158751333,3,13.410000000000002,1053.34,13
46177164,278642480,486819531,2,22.22,137.61,9
46177171,278646362,42453792,1,13.41,55.29,9
46177182,278608641,42451465,2,22.22,212.08,9
46177184,205018129,278608420,1,17.88,188.04,9
46179210,451028274,7561173777,2,15.65,1811.85,13
46179212,7561173777,588455863,2,15.65,66.43,13
46179217,4160368848,541467351,2,15.65,1811.34,13
46189288,4844627299,4477147271,3,15.65,56.91,13
46189291,588938282,4844627300,3,15.65,104.96,13
46189305,588938289,588938282,2,15.65,1766.0,13
46201630#0,248708582,3569749104,2,11.18,12.79,12
46201630#1,3569749104,9140864935,2,11.18,7.25,12
46201630#2,9140864935,9140864931,2,11.18,60.17,12
46201630#3,9140864931,42450809,2,11.18,20.05,12
46201632,5779545445,42426851,1,22.22,91.88,9
46201642#0,42449689,4699874256,3,11.18,10.6,11
46201642#1,4699874256,4259278548,3,11.18,57.98,11
46201642#2,4259278548,42442918,3,11.18,14.13,11
46201643,3831856757,248708366,2,11.18,82.82,12
46201644,42422509,42457925,2,11.18,140.61,12
46201645#0,589099734,6176628863,1,22.22,88.11,9
46201645#1,6176628863,6304589764,1,22.22,1.96,9
46201645#2,6304589764,370915061,1,22.22,228.82,9
46201646,370913784,370914027,3,17.88,410.12000000000006,14
46201647#0,4412043541,5131026405,1,13.89,260.41,3
46201647#1,5131026405,10170983098,1,13.89,50.2,3
46201647#2,10170983098,4274141356,1,13.89,8.28,3
46201649,589100164,5863965880,1,11.18,115.43,3
46201650#0,42426875,589100228,2,11.18,121.53,12
46201650#1,589100228,3360772889,2,11.18,36.42,12
46201650#2,3360772889,42448714,2,11.18,14.12,12
46201651,589100267,1728266963,1,11.18,85.89,3
46201652,589100267,589100228,1,11.18,31.74,4
46201653,42450910,42450977,3,17.88,662.67,14
46201655#0,9140927083,3686061872,1,11.18,50.4,10
46201655#1,3686061872,42438362,1,11.18,7.13,10
46201655#2,42438362,3686061900,1,11.18,7.21,10
46201655#3,3686061900,4298764922,1,11.18,49.9,10
46201655#4,4298764922,4298764923,1,11.18,137.72,10
46201665#0,4205946599,3783073281,3,11.18,26.67,12
46201665#1,3783073281,3783071232,3,11.18,4.33,12
46201665#2,3783071232,42449874,3,11.18,10.5,12
46201666#0,42430973,10617892232,1,11.18,15.31,3
46201666#1,10617892232,4300994888,1,11.18,41.43,3
46201666#2,4300994888,10168307451,1,11.18,49.11,3
46201666#3,10168307451,10168307459,1,11.18,30.7,3
46201666#4,10168307459,4300940097,1,11.18,96.41,3
46201666#5,4300940097,42452936,1,11.18,62.27,3
46201667,42451712,9907942880,2,11.18,83.87,12
46201668#0,4215596089,9408434731,2,11.18,30.58,12
46201668#1,9408434731,9408434729,2,11.18,4.96,12
46201668#10,9166033064,4598752847,2,11.18,4.91,12
46201668#11,4598752847,9166033061,2,11.18,9.87,12
46201668#2,9408434729,8231900996,2,11.18,54.93,12
46201668#3,8231900996,42437084,2,11.18,5.74,12
46201668#4,42437084,8231900995,2,11.18,6.51,12
46201668#5,8231900995,8231900992,2,11.18,125.39,12
46201668#6,8231900992,42432068,2,11.18,6.02,12
46201668#7,42432068,4561657054,2,11.18,6.2,12
46201668#8,4561657054,10168325603,2,11.18,55.63,12
46201668#9,10168325603,9166033064,2,11.18,63.86,12
46201677#0,42429782,8231896486,1,11.18,11.59,3
46201677#1,8231896486,8231900982,1,11.18,127.17,3
46201677#10,1919595924,42451604,1,11.18,13.75,3
46201677#2,8231900982,42437082,1,11.18,5.64,3
46201677#3,42437082,8231900981,1,11.18,6.5,3
46201677#4,8231900981,4561657049,1,11.18,125.71,3
46201677#5,4561657049,42432071,1,11.18,5.75,3
46201677#6,42432071,4561657051,1,11.18,6.41,3
46201677#7,4561657051,8821475425,1,11.18,118.04,3
46201677#8,8821475425,4598752862,1,11.18,7.24,3
46201677#9,4598752862,1919595924,1,11.18,8.44,3
46201679#0,42451593,5804835279,2,11.18,7.25,12
46201679#1,5804835279,5804832252,2,11.18,64.99,12
46201679#2,5804832252,42447428,2,11.18,5.58,12
46211822#0,42424142,7103815235,1,22.22,5.53,9
46211822#1,7103815235,42424145,1,22.22,97.31,9
46211823,42427030,371315823,1,22.22,9.73,9
46211827,42427036,42427030,1,11.18,169.61,10
46211828#0,42423752,9375594839,2,22.22,8.92,10
46211828#1,9375594839,4942649697,2,22.22,113.12,10
46211828#2,4942649697,42456049,2,22.22,13.94,10
46211829,6176483595,4798293326,3,11.18,26.790000000000003,4
46211831#0,42424672,4918486761,1,11.18,13.54,3
46211831#1,4918486761,371190620,1,11.18,49.4,3
46211832#0,42427970,4918486973,2,11.18,17.42,10
46211832#1,4918486973,4886250352,2,11.18,60.1,10
46211834#0,42448329,4918486743,1,11.18,13.67,4
46211834#1,4918486743,3551756586,1,11.18,54.51,4
46211835#0,4215909069,9375594176,1,11.18,4.05,11
46211835#1,9375594176,4918486787,1,11.18,32.47,11
46211835#2,4918486787,42448326,1,11.18,13.75,11
46211836#0,42423565,7792415882,3,11.18,7.77,3
46211836#1,7792415882,10121802240,3,11.18,79.13,3
46211838#0,3785575833,8586570516,4,11.18,32.26,11
46211838#1,8586570516,5690549035,4,11.18,17.39,11
46211838#2,5690549035,42427965,4,11.18,12.44,11
46211840#0,42427985,7837088611,3,27.78,6.84,11
46211840#1,7837088611,4999169390,3,27.78,63.68,11
46211840#2,4999169390,42427979,3,27.78,8.44,11
46211840#3,42427979,4999169386,3,27.78,7.89,11
46211840#4,4999169386,4918486807,3,27.78,64.93,11
46211840#5,4918486807,42427975,3,27.78,6.830000000000001,11
46211840#6,42427975,4918486804,3,27.78,6.96,11
46211840#7,4918486804,4918486092,3,27.78,64.77,11
46211840#8,4918486092,42427972,3,27.78,8.12,11
46211841#0,42432871,7248638328,1,11.18,13.81,3
46211841#1,7248638328,42432875,1,11.18,27.0,3
46211842,406006380,589298625,1,22.22,45.13,9
46211843,589298625,406006393,1,22.22,52.62,9
46211846,4886250352,406010307,1,11.18,22.89,3
46211847#0,371188918,406006393,3,17.88,50.93,14
46211847#1,406006393,42450645,3,17.88,164.8,14
46211848,589298725,3785575813,3,17.88,64.64,14
46211849,3785575813,371188918,3,17.88,34.73,14
46211850,406006377,406006380,1,22.22,23.64,9
46211851#0,42437830,4161568868,1,11.18,7.64,11
46211851#1,4161568868,1989931107,1,11.18,21.73,11
46211851#2,1989931107,5145329326,1,11.18,40.81,11
46211851#3,5145329326,370896902,1,11.18,25.48,11
46224832#0,4121409402,4382842415,1,11.18,8.59,3
46224832#1,4382842415,5639814879,1,11.18,39.38,3
46224832#2,5639814879,42433324,1,11.18,5.6,3
46224832#3,42433324,4382842407,1,11.18,6.35,3
46224832#4,4382842407,4382842398,1,11.18,45.15,3
46224832#5,4382842398,42437135,1,11.18,10.46,3
46224850,278608420,278646362,1,13.41,44.67,9
46224855,278608718,278608641,2,22.22,361.75,9
46226325#0,42434386,7924346871,4,11.18,5.82,12
46226325#1,7924346871,7777321733,4,11.18,65.16,12
46226325#2,7777321733,42443072,4,11.18,8.45,12
46226326,7641820943,6515269079,1,11.18,142.93,11
46226327,42423189,42434134,1,13.89,14.65,3
46226328,42424679,42425242,1,27.78,15.55,11
46226329#0,7732571917,10128660289,1,13.89,72.07,3
46226329#1,10128660289,42438228,1,13.89,9.76,3
46226330,42423203,371239962,2,27.78,187.08,12
46226331,246650510,42437699,2,11.18,21.08,12
46226332#0,11153346568,10792226610,2,11.18,75.87,12
46226332#1,10792226610,42434465,2,11.18,56.83,12
46226335#0,427841073,10171326398,2,11.18,26.03,12
46226335#1,10171326398,427840998,2,11.18,6.99,12
46240000,42424531,589927878,1,22.22,145.9,10
46240001,42434935,373850902,2,27.78,12.23,11
46240036,589927901,589927903,1,22.22,42.57,9
46240038,42426810,5009645111,1,11.18,353.27,11
46240040#0,589927878,9155906283,1,11.18,27.28,10
46240040#1,9155906283,6407228005,1,11.18,81.85,10
46240040#2,6407228005,9153608660,1,11.18,134.58,10
46240053#0,589927915,42439802,2,27.78,11.86,12
46240053#1,42439802,764738949,2,27.78,44.76,12
46240063,371337230,373769319,2,11.18,24.8,12
46240065,373769319,589927921,2,11.18,55.51,12
46240067#0,373769330,371337237,2,27.78,22.59,12
46240067#1,371337237,371337239,2,27.78,19.1,12
46240076,2141002595,5916527828,2,27.78,10.48,12
46240079#0,371337226,2141002596,1,11.18,87.84,12
46240079#1,2141002596,2141002590,1,11.18,15.15,12
46240091,589927932,589927933,3,22.350000000000005,786.41,14
46240093,589927935,8862591092,3,22.350000000000005,234.43999999999997,14
46240112,589927953,589927935,3,22.350000000000005,786.69,14
46240115,42426971,42425484,3,39.44,392.29,14
46240121#0,373761421,589927965,1,11.18,27.24,3
46240121#1,589927965,8236461958,1,11.18,229.14,3
46240121#2,8236461958,2481877071,1,11.18,13.89,3
46240138#0,371337175,9557110439,1,27.78,11.53,11
46240138#1,9557110439,371337199,1,27.78,47.88,11
46240138#2,371337199,42456831,1,27.78,10.13,11
46240142,42425425,42425423,1,11.18,121.45,3
46240146#0,589927996,9557110429,1,22.22,48.77,6
46240146#1,9557110429,589927993,1,22.22,6.97,6
46240148#0,7541804761,9559433254,2,11.18,12.2,11
46240148#1,9559433254,7448934385,2,11.18,94.61,11
46240148#2,7448934385,7616585444,2,11.18,25.58,11
46240148#3,7616585444,7448934386,2,11.18,10.15,11
46240148#4,7448934386,8962620263,2,11.18,31.05,11
46240152#0,5378686574,9557110441,1,13.89,9.55,3
46240152#1,9557110441,589928003,1,13.89,47.97,3
46240154#0,42432956,7784459456,1,13.89,12.04,3
46240154#1,7784459456,10166154764,1,13.89,27.31,3
46240154#10,9150629549,42435967,1,13.89,10.45,3
46240154#2,10166154764,42435981,1,13.89,9.67,3
46240154#3,42435981,10166154762,1,13.89,7.52,3
46240154#4,10166154762,7069015234,1,13.89,86.42,3
46240154#5,7069015234,10166154756,1,13.89,26.01,3
46240154#6,10166154756,42435856,1,13.89,13.25,3
46240154#7,42435856,10166154754,1,13.89,11.58,3
46240154#8,10166154754,6823179315,1,13.89,72.45,3
46240154#9,6823179315,9150629549,1,13.89,171.55,3
46240188#0,42429530,9902223903,1,13.89,10.81,3
46240188#1,9902223903,5481922057,1,13.89,28.73,3
46240188#2,5481922057,10168169637,1,13.89,105.57,3
46240188#3,10168169637,42446190,1,13.89,10.8,3
46240204#0,42432834,10125227996,3,11.18,12.86,12
46240204#1,10125227996,10166509650,3,11.18,65.53,12
46240204#2,10166509650,42456598,3,11.18,8.83,12
46240205#0,589927991,10168169572,1,11.18,10.52,12
46240205#1,10168169572,5482250750,1,11.18,47.57,12
46240205#10,589928039,10169411223,1,11.18,6.17,12
46240205#11,10169411223,10168169517,1,11.18,65.43,12
46240205#12,10168169517,589928040,1,11.18,8.72,12
46240205#13,589928040,10168169523,1,11.18,5.65,12
46240205#14,10168169523,10172922916,1,11.18,64.04,12
46240205#15,10172922916,589928041,1,11.18,8.38,12
46240205#16,589928041,10186193917,1,11.18,5.87,12
46240205#17,10186193917,10169411285,1,11.18,65.16,12
46240205#18,10169411285,589928042,1,11.18,8.3,12
46240205#19,589928042,10169411289,1,11.18,7.06,12
46240205#2,5482250750,10168169560,1,11.18,17.3,12
46240205#20,10169411289,10169411296,1,11.18,65.15,12
46240205#21,10169411296,596776654,1,11.18,12.94,12
46240205#3,10168169560,589928037,1,11.18,7.21,12
46240205#4,589928037,10168169565,1,11.18,7.98,12
46240205#5,10168169565,10168169555,1,11.18,63.64,12
46240205#6,10168169555,589928038,1,11.18,7.6,12
46240205#7,589928038,10168169551,1,11.18,6.76,12
46240205#8,10168169551,10169411219,1,11.18,65.41,12
46240205#9,10169411219,589928039,1,11.18,7.45,12
46240246,5871779254,589928166,4,17.88,305.9,14
46240250,589928166,42426799,4,17.88,135.95,14
46240259,5920675990,6511274595,3,17.88,126.15000000000002,14
46240260#0,6137509877,5959765085,2,17.88,252.81,14
46240260#1,5959765085,5920675990,2,17.88,69.8,14
46240261,371231340,3960274083,2,22.22,91.55,9
46240262,371231726,371225132,1,22.22,105.03,9
46240263#0,42425689,7612920636,2,13.41,184.42,9
46240263#1,7612920636,42437043,2,13.41,79.6,9
46240264,589928196,42422449,1,22.22,204.39,9
46240265,371231224,42422463,2,22.22,115.49,9
46240266,277482762,371231340,2,22.22,236.51,9
46240267,371231343,371225116,2,22.22,31.73,9
46240268,589928201,42422449,1,22.22,39.73,9
46240269,3960274083,371231343,2,22.22,68.08,9
46240270,589928253,589928201,1,22.22,68.12,9
46240274#0,42432324,7925258889,1,11.18,116.06,3
46240274#1,7925258889,42443826,1,11.18,12.72,3
46240372#0,42435240,7925258621,1,11.18,11.64,3
46240372#1,7925258621,7589801929,1,11.18,149.84,3
46240372#2,7589801929,5482291278,1,11.18,26.53,3
46240372#3,5482291278,8796935301,1,11.18,16.4,3
46240372#4,8796935301,42435237,1,11.18,12.41,3
46240373#0,42443088,10170834280,1,13.89,12.89,3
46240373#1,10170834280,10166326167,1,13.89,192.1,3
46240373#10,42449833,596776474,1,13.89,24.41,3
46240373#11,596776474,10173037244,1,13.89,7.75,3
46240373#12,10173037244,10167086811,1,13.89,125.41,3
46240373#13,10167086811,42446164,1,13.89,12.2,3
46240373#14,42446164,10167086814,1,13.89,12.19,3
46240373#15,10167086814,5481977583,1,13.89,32.61,3
46240373#16,5481977583,8002880951,1,13.89,67.19,3
46240373#17,8002880951,10167137540,1,13.89,31.9,3
46240373#18,10167137540,42449828,1,13.89,12.5,3
46240373#2,10166326167,42449840,1,13.89,12.2,3
46240373#3,42449840,10166326171,1,13.89,13.84,3
46240373#4,10166326171,10122952997,1,13.89,0.59,3
46240373#5,10122952997,10122952998,1,13.89,132.45,3
46240373#6,10122952998,42447201,1,13.89,8.97,3
46240373#7,42447201,10122952999,1,13.89,8.9,3
46240373#8,10122952999,10173037239,1,13.89,126.96,3
46240373#9,10173037239,42449833,1,13.89,7.15,3
46240374,6257070519,42439514,1,13.89,101.58,3
46240375#0,371216381,42433516,1,11.18,17.62,3
46240375#1,42433516,42433513,1,11.18,86.16,3
46240376#0,4779073677,4779073680,2,11.18,13.66,11
46240376#1,4779073680,3785522888,2,11.18,8.97,11
46240376#2,3785522888,6289180295,2,11.18,73.13,11
46240376#3,6289180295,589929417,2,11.18,190.5,11
46240377#0,5749215967,3785522931,1,11.18,136.7,4
46240377#1,3785522931,42433377,1,11.18,91.02,4
46240377#2,42433377,3631837585,1,11.18,89.36,4
46240379#0,42424025,3785522910,1,22.22,15.95,9
46240379#1,3785522910,371209940,1,22.22,173.2,9
462421592#0,272194254,8262936488,1,11.18,9.98,4
462421592#1,8262936488,4143765783,1,11.18,63.53,4
463033873#0,247123612,2710239365,1,13.89,9.2,3
463033873#1,2710239365,4904792748,1,13.89,6.52,3
463033874#0,247123612,4872443906,1,11.18,73.61,12
463033874#1,4872443906,7443621689,1,11.18,20.68,12
463034243#0,42438898,3814476679,2,11.18,29.97,11
463034243#1,3814476679,9732870948,2,11.18,69.52,11
463035747,42426060,42424630,1,11.18,65.99,9
463035843#0,486868138,5296792755,4,11.18,6.79,12
463035843#1,5296792755,42429782,4,11.18,69.77,12
46332295#0,42452026,8231935506,1,11.18,8.06,3
46332295#1,8231935506,4676469047,1,11.18,63.64,3
46332295#10,42454423,8231934406,1,11.18,6.51,3
46332295#11,8231934406,5829844672,1,11.18,130.56,3
46332295#12,5829844672,5799117240,1,11.18,9.53,3
46332295#13,5799117240,42448558,1,11.18,15.13,3
46332295#2,4676469047,8231885411,1,11.18,41.23,3
46332295#3,8231885411,42432142,1,11.18,12.23,3
46332295#4,42432142,8231885410,1,11.18,10.66,3
46332295#5,8231885410,8231938429,1,11.18,146.25,3
46332295#6,8231938429,42442276,1,11.18,6.42,3
46332295#7,42442276,8231938428,1,11.18,8.16,3
46332295#8,8231938428,8231934407,1,11.18,147.66,3
46332295#9,8231934407,42454423,1,11.18,5.78,3
46332299#0,42436055,8304498459,1,11.18,8.05,3
46332299#1,8304498459,8304498539,1,11.18,112.76,3
46332299#2,8304498539,42436335,1,11.18,10.29,3
46332299#3,42436335,8304498536,1,11.18,9.21,3
46332299#4,8304498536,8312361626,1,11.18,130.05,3
46332299#5,8312361626,42453038,1,11.18,11.06,3
46332300#0,5812723035,8304498468,2,11.18,8.5,3
46332300#1,8304498468,42437463,2,11.18,78.72,3
46332300#2,42437463,10696246426,2,11.18,33.95,3
46332300#3,10696246426,42436330,2,11.18,9.57,3
46332301#0,42427305,7132560121,1,11.18,9.56,3
46332301#1,7132560121,7132560120,1,11.18,67.87,3
46332301#10,42448171,8312361651,1,11.18,10.24,3
46332301#11,8312361651,8312361642,1,11.18,105.29,3
46332301#12,8312361642,42448162,1,11.18,9.18,3
46332301#2,7132560120,42445474,1,11.18,9.6,3
46332301#3,42445474,7132560107,1,11.18,12.39,3
46332301#4,7132560107,42437933,1,11.18,61.57,3
46332301#5,42437933,8307641681,1,11.18,64.05,3
46332301#6,8307641681,5706569905,1,11.18,8.44,3
46332301#7,5706569905,8307641684,1,11.18,10.66,3
46332301#8,8307641684,8312361648,1,11.18,150.83,3
46332301#9,8312361648,42448171,1,11.18,12.81,3
46332307#0,42430535,1253070385,1,11.18,17.52,11
46332307#1,1253070385,4561384853,1,11.18,18.08,11
46332308#0,42430535,4625583183,1,11.18,9.32,4
46332308#1,4625583183,8372950521,1,11.18,52.72,4
46332308#2,8372950521,42430540,1,11.18,7.84,4
46332309#0,42443588,7182561634,1,11.18,8.09,4
46332309#1,7182561634,7335430594,1,11.18,54.36,4
46332309#2,7335430594,42430540,1,11.18,9.32,4
46334563#0,42444097,9563821099,1,8.94,78.05,12
46334563#1,9563821099,42428124,1,8.94,8.53,12
46334565#0,42454553,9563662422,1,22.22,15.12,10
46334565#1,9563662422,9561208957,1,22.22,39.55,10
46334565#2,9561208957,42429242,1,22.22,11.56,10
46334566#0,42442128,10170875108,1,13.89,10.4,3
46334566#1,10170875108,7680219837,1,13.89,34.2,3
46334566#2,7680219837,7680219840,1,13.89,47.72,3
46334566#3,7680219840,10170875053,1,13.89,53.21,3
46334566#4,10170875053,42453241,1,13.89,7.39,3
46334578#0,42433385,7083039988,1,11.18,7.26,3
46334578#1,7083039988,6181478357,1,11.18,48.19,3
46334578#2,6181478357,42449010,1,11.18,12.55,3
46334579#0,42428716,8687882748,1,11.18,8.55,3
46334579#1,8687882748,8687882765,1,11.18,106.16,3
46334579#2,8687882765,42431102,1,11.18,11.7,3
46334580#0,42435499,2238282226,1,11.18,10.45,3
46334580#1,2238282226,10125180299,1,11.18,124.71,3
46334580#10,42435514,10156669109,1,11.18,12.88,3
46334580#11,10156669109,8250715791,1,11.18,190.13,3
46334580#12,8250715791,42435516,1,11.18,12.95,3
46334580#2,10125180299,596776120,1,11.18,10.89,3
46334580#3,596776120,42435504,1,11.18,17.38,3
46334580#4,42435504,10125180300,1,11.18,11.2,3
46334580#5,10125180300,10125087284,1,11.18,126.8,3
46334580#6,10125087284,42435509,1,11.18,9.63,3
46334580#7,42435509,10125087283,1,11.18,10.05,3
46334580#8,10125087283,10156669112,1,11.18,131.28,3
46334580#9,10156669112,42435514,1,11.18,13.96,3
46334582#0,1061531634,42428643,1,13.89,19.36,3
46334582#1,42428643,8727756113,1,13.89,9.56,3
46334582#2,8727756113,9492556604,1,13.89,136.63,3
46334582#3,9492556604,42431008,1,13.89,12.22,3
46334582#4,42431008,9492556591,1,13.89,12.27,3
46334582#5,9492556591,10039919283,1,13.89,143.42,3
46334582#6,10039919283,42441670,1,13.89,10.18,3
46334583#0,42442451,9897616161,1,27.78,12.87,11
46334583#1,9897616161,8727756107,1,27.78,73.61,11
46334583#2,8727756107,1061531634,1,27.78,10.65,11
46334584#0,4205805391,4689234439,2,11.18,43.62,11
46334584#1,4689234439,42443280,2,11.18,10.94,11
46334585#0,42433569,9168918172,1,13.89,9.21,3
46334585#1,9168918172,8727756078,1,13.89,120.4,3
46334585#2,8727756078,42431027,1,13.89,11.76,3
46334585#3,42431027,8727756074,1,13.89,13.11,3
46334585#4,8727756074,8709397321,1,13.89,84.07,3
46334585#5,8709397321,42428661,1,13.89,10.49,3
46334586#0,7802856352,3809536792,1,11.18,11.87,11
46334586#1,3809536792,9602428100,1,11.18,200.39,11
46334588#0,7595763588,5481869414,3,11.18,78.84,10
46334588#1,5481869414,7050687051,3,11.18,169.15,10
46334591#0,42442977,8851344400,1,11.18,12.26,10
46334591#1,8851344400,7837088636,1,11.18,203.67,10
46334591#2,7837088636,42455675,1,11.18,13.08,10
46334591#3,42455675,7837088632,1,11.18,13.09,10
46334591#4,7837088632,4918486809,1,11.18,191.64,10
46334591#5,4918486809,42427975,1,11.18,13.66,10
46334593#0,42445001,5851709102,4,27.78,13.29,11
46334593#1,5851709102,5851709103,4,27.78,100.87,11
46334593#2,5851709103,42434434,4,27.78,12.77,11
46334594#0,42447020,10125147539,2,11.18,10.43,11
46334594#1,10125147539,10125227989,2,11.18,126.95,11
46334594#2,10125227989,6177439750,2,11.18,11.4,11
46334594#3,6177439750,6177439752,2,11.18,17.44,11
46334594#4,6177439752,10125174398,2,11.18,10.04,11
46334594#5,10125174398,10125174399,2,11.18,125.7,11
46334594#6,10125174399,42445953,2,11.18,11.94,11
46334595#0,42423020,9987259802,2,11.18,9.41,11
46334595#1,9987259802,4259278549,2,11.18,6.83,11
46334595#2,4259278549,42454495,2,11.18,48.91,11
46334597#0,42428227,8265964370,1,11.18,11.68,10
46334597#1,8265964370,6231480916,1,11.18,87.23,10
46334597#2,6231480916,10167162613,1,11.18,90.01,10
46334597#3,10167162613,42437686,1,11.18,11.83,10
46334598#0,42449926,4234425025,1,11.18,12.98,10
46334598#1,4234425025,3789563970,1,11.18,72.62,10
46334598#2,3789563970,6371048752,1,11.18,20.39,10
46334598#3,6371048752,8119462478,1,11.18,38.9,10
46334598#4,8119462478,42446933,1,11.18,10.48,10
46334599#0,42440323,10166167547,1,11.18,8.99,3
46334599#1,10166167547,10172843067,1,11.18,133.65,3
46334599#10,4132971841,4296710225,1,11.18,203.9,3
46334599#11,4296710225,387184869,1,11.18,14.13,3
46334599#2,10172843067,42440325,1,11.18,8.14,3
46334599#3,42440325,8835579643,1,11.18,9.69,3
46334599#4,8835579643,4132605268,1,11.18,133.98,3
46334599#5,4132605268,42440326,1,11.18,13.64,3
46334599#6,42440326,4132605266,1,11.18,13.68,3
46334599#7,4132605266,4132971872,1,11.18,193.35,3
46334599#8,4132971872,42440330,1,11.18,10.83,3
46334599#9,42440330,4132971841,1,11.18,12.07,3
46334600,42428216,7369969947,1,11.18,4.22,10
46334602#0,387180916,4557517550,1,11.18,9.37,11
46334602#1,4557517550,8262308751,1,11.18,7.0,11
46334602#2,8262308751,8214302535,1,11.18,249.82,11
46334602#3,8214302535,42445766,1,11.18,12.06,11
46334603#0,4133206254,246648218,2,11.18,37.37,7
46334603#1,246648218,246648219,2,11.18,11.37,7
46334605#0,42444129,8279851269,1,11.18,8.16,12
46334605#1,8279851269,8310246658,1,11.18,158.22,12
46334605#10,11037590233,5458544539,1,11.18,18.69,12
46334605#11,5458544539,11037590232,1,11.18,4.69,12
46334605#12,11037590232,8310246582,1,11.18,45.62,12
46334605#13,8310246582,11037590268,1,11.18,4.92,12
46334605#14,11037590268,42440449,1,11.18,10.42,12
46334605#15,42440449,8310246578,1,11.18,8.87,12
46334605#16,8310246578,3683163348,1,11.18,53.83,12
46334605#17,3683163348,588455697,1,11.18,50.7,12
46334605#2,8310246658,42443928,1,11.18,5.4,12
46334605#3,42443928,8310246656,1,11.18,5.92,12
46334605#4,8310246656,42443937,1,11.18,28.82,12
46334605#5,42443937,4581870335,1,11.18,91.73,12
46334605#6,4581870335,11037590240,1,11.18,3.57,12
46334605#7,11037590240,475485738,1,11.18,14.2,12
46334605#8,475485738,5458544542,1,11.18,11.5,12
46334605#9,5458544542,11037590233,1,11.18,34.4,12
46334608#0,4207641231,9561420823,2,27.78,62.89,12
46334608#1,9561420823,42429222,2,27.78,12.75,12
46334658,595473291,60925950,1,27.78,9.31,11
46334660#0,60925950,9566938922,1,11.18,8.89,11
46334660#1,9566938922,9566938944,1,11.18,81.13,11
46334660#2,9566938944,42427168,1,11.18,7.61,11
46334663#0,42451650,6369613304,1,11.18,7.65,3
46334663#1,6369613304,8279851202,1,11.18,42.77,3
46334663#2,8279851202,42433542,1,11.18,10.94,3
46334664#0,42427915,9170771795,2,11.18,13.32,11
46334664#1,9170771795,7784867915,2,11.18,66.94,11
46334664#2,7784867915,42433564,2,11.18,5.99,11
46334665#0,7123525299,42431447,2,11.18,8.04,11
46334665#1,42431447,7123525303,2,11.18,8.28,11
46334665#2,7123525303,7123525313,2,11.18,63.18,11
46334665#3,7123525313,42435316,2,11.18,7.87,11
46334665#4,42435316,7123525330,2,11.18,6.18,11
46334665#5,7123525330,7123525287,2,11.18,66.05,11
46334665#6,7123525287,42435317,2,11.18,6.87,11
46334665#7,42435317,7123525290,2,11.18,6.54,11
46334665#8,7123525290,7123525292,2,11.18,64.91,11
46334665#9,7123525292,42435319,2,11.18,7.8,11
46340034#0,42428049,5904383031,1,11.18,13.44,3
46340034#1,5904383031,6214889058,1,11.18,192.53,3
46340034#2,6214889058,42456076,1,11.18,12.12,3
46348767#0,42432165,8231927650,4,11.18,10.91,12
46348767#1,8231927650,8231906911,4,11.18,64.24,12
46348767#2,8231906911,42432161,4,11.18,6.17,12
46348767#3,42432161,8231906914,4,11.18,6.38,12
46348767#4,8231906914,7741546980,4,11.18,64.75,12
46348767#5,7741546980,42428438,4,11.18,9.61,12
46348768#0,42451660,6369613054,1,11.18,10.43,3
46348768#1,6369613054,6330061737,1,11.18,125.62,3
46348768#2,6330061737,42445627,1,11.18,5.46,3
46348787#0,7476469426,6411125188,1,11.18,7.24,3
46348787#1,6411125188,7499128090,1,11.18,59.53,3
46348787#2,7499128090,5721705549,1,11.18,11.58,3
46348787#3,5721705549,5804425623,1,11.18,62.74,3
46348787#4,5804425623,42427744,1,11.18,8.65,3
46348790,42427750,42423303,1,11.18,51.29,3
46349386#0,42429812,4300994838,1,11.18,13.64,3
46349386#1,4300994838,8310245795,1,11.18,110.56,3
46349386#2,8310245795,42437118,1,11.18,7.34,3
46349386#3,42437118,8310245793,1,11.18,9.72,3
46349386#4,8310245793,7013873967,1,11.18,90.38,3
46349386#5,7013873967,4300994818,1,11.18,26.34,3
46349386#6,4300994818,3783073202,1,11.18,135.5,3
46349386#7,3783073202,3783073271,1,11.18,5.98,3
46349386#8,3783073271,42449874,1,11.18,9.41,3
46349390#0,486867548,7476387566,1,11.18,10.55,3
46349390#1,7476387566,5296792752,1,11.18,3.05,3
46349390#2,5296792752,7476387568,1,11.18,9.88,3
46349390#3,7476387568,7476387569,1,11.18,1.74,3
46349390#4,7476387569,10050207094,1,11.18,62.95,3
46349390#5,10050207094,42432095,1,11.18,7.66,3
46349393#0,42435550,4300994803,1,11.18,54.31,3
46349393#1,4300994803,42429814,1,11.18,10.48,3
46350693#0,42430160,8307641856,1,11.18,13.84,3
46350693#1,8307641856,3252582132,1,11.18,138.52,3
46350693#2,3252582132,8307641848,1,11.18,0.88,3
46350693#3,8307641848,42445574,1,11.18,10.88,3
46350694#0,42436100,8307641917,1,11.18,8.96,3
46350694#1,8307641917,8307641915,1,11.18,108.82,3
46350694#2,8307641915,42436369,1,11.18,11.68,3
46350695#0,42427352,8310245648,1,11.18,7.41,3
46350695#1,8310245648,592484214,1,11.18,72.03,3
46350695#2,592484214,7552138519,1,11.18,59.63,3
46350707#0,42442291,8307641941,1,11.18,8.04,3
46350707#1,8307641941,8307641940,1,11.18,52.6,3
46350707#2,8307641940,42436088,1,11.18,8.3,3
46350710#0,592484776,4890320320,1,11.18,6.48,3
46350710#1,4890320320,4890320290,1,11.18,55.78,3
46350710#2,4890320290,42430108,1,11.18,9.89,3
46351263#0,42442791,4300945412,1,11.18,72.94,3
46351263#1,4300945412,42442794,1,11.18,4.0,3
46359922,486849239,5079840928,2,15.65,1155.75,14
46361719,3630249566,4727104610,4,15.65,142.4,14
46419221#0,42423752,10121802229,3,27.78,7.080000000000001,13
46419221#1,10121802229,8112585814,3,27.78,65.53,13
46419221#2,8112585814,6744466013,3,27.78,8.92,13
46419222#0,42423565,3785586748,2,11.18,26.12,13
46419222#1,3785586748,371034153,2,11.18,41.89,13
46420287#0,1775201764,7792410662,1,11.18,7.14,11
46420287#1,7792410662,10170756503,1,11.18,63.81,11
46420287#2,10170756503,593300940,1,11.18,7.84,11
46422586#0,246858431,5815243833,4,13.41,10.87,13
46422586#1,5815243833,5815234915,4,13.41,34.38,13
46431821,593816275,3884622511,1,11.18,44.56,11
46431822#0,42436400,8307642113,1,11.18,12.85,3
46431822#1,8307642113,10166176730,1,11.18,64.72,3
46431822#2,10166176730,42436135,1,11.18,8.45,3
46431822#3,42436135,10166176728,1,11.18,8.63,3
46431822#4,10166176728,10166176727,1,11.18,97.34,3
46431822#5,10166176727,42452610,1,11.18,8.48,3
46431822#6,42452610,8307642131,1,11.18,7.76,3
46431822#7,8307642131,3874650195,1,11.18,119.64,3
46431822#8,3874650195,42452613,1,11.18,11.12,3
46431823#0,42453468,4872761059,1,11.18,11.88,3
46431823#1,4872761059,8307642161,1,11.18,118.46,3
46431823#2,8307642161,42457426,1,11.18,7.65,3
46431823#3,42457426,8307642158,1,11.18,7.67,3
46431823#4,8307642158,10168907022,1,11.18,108.29,3
46431823#5,10168907022,42436139,1,11.18,9.2,3
46431825#0,42436894,8307641995,1,11.18,9.48,3
46431825#1,8307641995,10919435177,1,11.18,29.52,3
46431825#2,10919435177,10168907027,1,11.18,64.09,3
46431825#3,10168907027,42436899,1,11.18,6.63,3
46431825#4,42436899,10168907025,1,11.18,5.4,3
46431825#5,10168907025,4872777172,1,11.18,14.12,3
46431825#6,4872777172,42436903,1,11.18,12.07,3
46431828,591454081,4629488490,1,11.18,11.31,3
46431829#0,42436384,8288270296,1,11.18,12.84,3
46431829#1,8288270296,8288270261,1,11.18,81.23,3
46431829#2,8288270261,42436126,1,11.18,8.31,3
46431829#3,42436126,8288270264,1,11.18,9.18,3
46431829#4,8288270264,8288270266,1,11.18,67.95,3
46431829#5,8288270266,42452006,1,11.18,5.97,3
46432183,593977713,8834806807,1,13.89,45.11,3
46432187#0,42437699,4872498726,2,11.18,11.16,12
46432187#1,4872498726,9423683546,2,11.18,30.57,12
46432187#2,9423683546,7116915289,2,11.18,32.37,12
46432187#3,7116915289,7116910484,2,11.18,86.17,12
46432187#4,7116910484,8261122121,2,11.18,32.3,12
46432187#5,8261122121,5523065801,2,11.18,65.78,12
46432187#6,5523065801,42430607,2,11.18,13.75,12
46435596#0,42430685,10166505414,3,11.18,15.69,11
46435596#1,10166505414,5458524665,3,11.18,57.169999999999995,11
46435596#2,5458524665,5458524664,3,11.18,51.330000000000005,11
46435596#3,5458524664,4872429937,3,11.18,66.69,11
46435596#4,4872429937,62915527,3,11.18,11.03,11
46435602,42453555,11017187937,3,11.18,20.68,11
46435657,42423836,593920879,1,11.18,17.4,4
46443582#0,7443621689,4872443907,3,27.78,34.13,12
46443582#1,4872443907,61271722,3,27.78,15.089999999999998,12
46443588#0,61273001,247128812,4,13.41,78.94,13
46443588#1,247128812,9140924713,4,13.41,12.17,13
46443597#0,61272887,4872443915,1,11.18,7.3,12
46443597#1,4872443915,7787939264,1,11.18,77.18,12
46443597#2,7787939264,7818397385,1,11.18,80.01,12
46443597#3,7818397385,247124101,1,11.18,58.78,12
46443597#4,247124101,247128811,1,11.18,112.4,12
46443597#5,247128811,247120348,1,11.18,8.08,12
46443598#0,7787939273,11017186433,1,11.18,18.71,12
46443598#1,11017186433,2348991703,1,11.18,19.48,12
46443624,61271722,61273008,4,22.35,78.52,14
46443637,11017186444,3308681118,1,11.18,12.29,11
46443649#0,42440472,6747000422,1,13.89,117.5,3
46443649#1,6747000422,42440469,1,13.89,13.84,3
46443656#0,42432585,4782363331,1,11.18,13.71,11
46443656#1,4782363331,2435108449,1,11.18,49.57,11
46443656#10,2682336481,10171089660,1,11.18,114.64,11
46443656#11,10171089660,42432594,1,11.18,11.8,11
46443656#12,42432594,10171089662,1,11.18,13.68,11
46443656#13,10171089662,10168028996,1,11.18,248.44,11
46443656#14,10168028996,42432598,1,11.18,11.89,11
46443656#15,42432598,10168028992,1,11.18,12.44,11
46443656#16,10168028992,10698841379,1,11.18,220.58,11
46443656#17,10698841379,10166521658,1,11.18,28.65,11
46443656#18,10166521658,42430698,1,11.18,11.01,11
46443656#19,42430698,10166521654,1,11.18,15.32,11
46443656#2,2435108449,42428307,1,11.18,15.19,11
46443656#20,10166521654,4872429939,1,11.18,172.3,11
46443656#21,4872429939,62915536,1,11.18,11.08,11
46443656#3,42428307,1758380528,1,11.18,41.99,11
46443656#4,1758380528,8704367786,1,11.18,44.88,11
46443656#5,8704367786,10168088510,1,11.18,97.07,11
46443656#6,10168088510,42432589,1,11.18,13.56,11
46443656#7,42432589,10168088513,1,11.18,13.68,11
46443656#8,10168088513,2682336471,1,11.18,100.68,11
46443656#9,2682336471,2682336481,1,11.18,33.05,11
46443684,42440253,11017186437,1,27.78,20.19,11
464515259#0,42430292,10168911584,1,11.18,15.61,10
464515259#1,10168911584,8567327073,1,11.18,34.28,10
464515259#10,9414461045,7699762580,1,11.18,137.29,10
464515259#11,7699762580,4443775465,1,11.18,13.29,10
464515259#2,8567327073,4493840519,1,11.18,59.88,10
464515259#3,4493840519,8130211161,1,11.18,124.33,10
464515259#4,8130211161,9414480636,1,11.18,27.65,10
464515259#5,9414480636,42435422,1,11.18,13.52,10
464515259#6,42435422,9414480628,1,11.18,13.92,10
464515259#7,9414480628,3799572066,1,11.18,91.89,10
464515259#8,3799572066,8567304864,1,11.18,11.82,10
464515259#9,8567304864,9414461045,1,11.18,5.62,10
464515614#0,42451674,10168260252,1,11.18,6.93,11
464515614#1,10168260252,10167162611,1,11.18,64.04,11
464515614#10,10167162597,10167162582,1,11.18,64.52,11
464515614#11,10167162582,42434800,1,11.18,7.24,11
464515614#2,10167162611,42437686,1,11.18,6.58,11
464515614#3,42437686,10167162612,1,11.18,7.65,11
464515614#4,10167162612,10167162604,1,11.18,64.01,11
464515614#5,10167162604,42427786,1,11.18,7.2,11
464515614#6,42427786,9910668354,1,11.18,7.3,11
464515614#7,9910668354,10167162598,1,11.18,63.64,11
464515614#8,10167162598,42438544,1,11.18,8.14,11
464515614#9,42438544,10167162597,1,11.18,6.17,11
464515890#0,42430342,3944708045,1,13.89,12.54,3
464515890#1,3944708045,9666047678,1,13.89,248.87,3
464515891#0,42443556,3942050706,4,27.78,7.02,11
464515891#1,3942050706,3942050705,4,27.78,64.25,11
464515891#2,3942050705,42454428,4,27.78,7.05,11
464516471#0,42430342,10173121975,3,27.78,8.33,11
464516471#1,10173121975,10164937730,3,27.78,63.64000000000001,11
464516471#10,10166333086,42430350,3,27.78,6.739999999999999,11
464516471#11,42430350,10166333087,3,27.78,8.01,11
464516471#12,10166333087,3971196607,3,27.78,17.5,11
464516471#13,3971196607,3971196618,3,27.78,46.93,11
464516471#14,3971196618,42430352,3,27.78,7.28,11
464516471#15,42430352,10172901896,3,27.78,7.86,11
464516471#16,10172901896,3971196622,3,27.78,64.84,11
464516471#17,3971196622,42430356,3,27.78,7.18,11
464516471#18,42430356,9674241493,3,27.78,31.49,11
464516471#19,9674241493,3971196625,3,27.78,40.97,11
464516471#2,10164937730,42430344,3,27.78,7.72,11
464516471#20,3971196625,42430358,3,27.78,8.36,11
464516471#21,42430358,9501912442,3,27.78,18.05,11
464516471#22,9501912442,3971196628,3,27.78,6.04,11
464516471#23,3971196628,42430361,3,27.78,53.78,11
464516471#3,42430344,10164937728,3,27.78,7.28,11
464516471#4,10164937728,10166333059,3,27.78,62.919999999999995,11
464516471#5,10166333059,3944708054,3,27.78,1.15,11
464516471#6,3944708054,42430347,3,27.78,7.5,11
464516471#7,42430347,10166333058,3,27.78,8.15,11
464516471#8,10166333058,3944708059,3,27.78,1.14,11
464516471#9,3944708059,10166333086,3,27.78,63.43,11
464522037#0,42428473,8309479165,2,11.18,7.65,12
464522037#1,8309479165,8309479158,2,11.18,48.42,12
464522037#10,8309479143,8309479127,2,11.18,63.98,12
464522037#11,8309479127,42428460,2,11.18,7.41,12
464522037#12,42428460,8309479128,2,11.18,6.16,12
464522037#13,8309479128,8309479040,2,11.18,64.82,12
464522037#14,8309479040,42428458,2,11.18,6.41,12
464522037#15,42428458,8309479041,2,11.18,8.15,12
464522037#16,8309479041,8309479032,2,11.18,65.32,12
464522037#17,8309479032,42428454,2,11.18,7.78,12
464522037#18,42428454,8309479029,2,11.18,7.22,12
464522037#19,8309479029,8309479025,2,11.18,76.07,12
464522037#2,8309479158,42428471,2,11.18,13.21,12
464522037#20,8309479025,1692433919,2,11.18,6.92,12
464522037#3,42428471,8309479159,2,11.18,8.59,12
464522037#4,8309479159,8309479148,2,11.18,50.18,12
464522037#5,8309479148,42428468,2,11.18,7.06,12
464522037#6,42428468,8309479149,2,11.18,6.96,12
464522037#7,8309479149,8309479142,2,11.18,60.32,12
464522037#8,8309479142,42428464,2,11.18,8.28,12
464522037#9,42428464,8309479143,2,11.18,7.33,12
464543614#0,42439960,10169532518,2,11.18,12.93,11
464543614#1,10169532518,10308251046,2,11.18,213.98,11
464543615#0,42439955,10169532574,4,11.18,8.09,11
464543615#1,10169532574,10169532547,4,11.18,63.49,11
464543615#2,10169532547,42439952,4,11.18,7.84,11
464683313,42448693,4597668041,2,11.18,10.33,11
464683314#0,42437280,9679181075,2,11.18,7.29,12
464683314#1,9679181075,4205565503,2,11.18,27.98,12
464683315,4597668026,42437280,1,13.89,10.8,3
464683316#0,42429657,7761301139,1,11.18,12.05,3
464683316#1,7761301139,8569045607,1,11.18,140.74,3
464683316#2,8569045607,42428174,1,11.18,8.33,3
464683316#3,42428174,8569045569,1,11.18,10.51,3
464683316#4,8569045569,9625662426,1,11.18,79.96,3
464683317#0,4597668026,9679181063,2,11.18,8.85,12
464683317#1,9679181063,4597668027,2,11.18,60.74,12
464683317#2,4597668027,4597668036,2,11.18,8.67,12
464683318#0,42456555,10166167563,2,11.18,9.03,12
464683318#1,10166167563,10166167574,2,11.18,63.19,12
464683318#2,10166167574,42429888,2,11.18,7.15,12
464683319#0,4597668032,10166167576,3,11.18,6.89,12
464683319#1,10166167576,10166167565,3,11.18,63.44,12
464683319#2,10166167565,4597668042,3,11.18,9.11,12
464683320,4597668032,42429888,1,11.18,10.29,3
464683321#0,42429876,10168260239,1,11.18,9.46,3
464683321#1,10168260239,10166167577,1,11.18,132.58,3
464683321#2,10166167577,4597668032,1,11.18,9.36,3
464683322#0,4597668042,10166167567,1,11.18,9.53,3
464683322#1,10166167567,10168260236,1,11.18,132.83,3
464683322#2,10168260236,42445879,1,11.18,9.01,3
464683323#0,4597668036,3252590543,1,11.18,10.09,3
464683323#1,3252590543,3875000763,1,11.18,102.08,3
464683323#2,3875000763,42428170,1,11.18,11.63,3
464683324,4597668020,42449308,3,11.18,10.34,3
464683327#0,4597668036,4597668025,2,11.18,5.55,12
464683327#1,4597668025,595403438,2,11.18,17.0,12
464683328#0,4597668038,10172843114,2,11.18,6.48,12
464683328#1,10172843114,9679181078,2,11.18,60.25,12
464683328#2,9679181078,4597668026,2,11.18,8.85,12
464683329#0,4597668041,10166167542,2,11.18,13.65,12
464683329#1,10166167542,10166167549,2,11.18,65.13,12
464683329#10,10172843094,10172843108,2,11.18,60.18,12
464683329#11,10172843108,4597668038,2,11.18,7.77,12
464683329#2,10166167549,4597668040,2,11.18,7.67,12
464683329#3,4597668040,10166167545,2,11.18,6.67,12
464683329#4,10166167545,10172843076,2,11.18,63.25,12
464683329#5,10172843076,4597668039,2,11.18,9.14,12
464683329#6,4597668039,10172843082,2,11.18,5.96,12
464683329#7,10172843082,10172843088,2,11.18,59.5,12
464683329#8,10172843088,4597668028,2,11.18,8.11,12
464683329#9,4597668028,10172843094,2,11.18,6.37,12
464683336#0,4597668042,10166167566,3,11.18,6.21,12
464683336#1,10166167566,10166167527,3,11.18,62.63,12
464683336#2,10166167527,4597668029,3,11.18,8.94,12
464683339#0,4597668043,10166167634,2,11.18,7.67,12
464683339#1,10166167634,10167162566,2,11.18,64.17,12
464683339#2,10167162566,4597668030,2,11.18,7.73,12
464683339#3,4597668030,10167162567,2,11.18,6.75,12
464683339#4,10167162567,10166167616,2,11.18,63.71,12
464683339#5,10166167616,4597668031,2,11.18,7.8,12
464683339#6,4597668031,10166167617,2,11.18,6.84,12
464683339#7,10166167617,10166167575,2,11.18,63.06,12
464683339#8,10166167575,4597668032,2,11.18,8.66,12
464683341#0,4597668044,8119462435,2,11.18,6.87,12
464683341#1,8119462435,8119462467,2,11.18,65.05,12
464683341#2,8119462467,4597668033,2,11.18,5.91,12
464683341#3,4597668033,8119462459,2,11.18,7.48,12
464683341#4,8119462459,10166167633,2,11.18,64.0,12
464683341#5,10166167633,4597668043,2,11.18,6.76,12
464683344#0,4597668020,8119462511,3,11.18,9.07,12
464683344#1,8119462511,8119462516,3,11.18,63.85,12
464683344#2,8119462516,4597668044,3,11.18,7.53,12
46469718,593886214,4215926836,4,11.18,43.58,11
46469719,593886220,593886214,4,11.18,16.62,11
46469720#0,42449685,10171137633,2,11.18,12.49,11
46469720#1,10171137633,5340982007,2,11.18,35.97,11
46469720#2,5340982007,10170983210,2,11.18,95.96,11
46469720#3,10170983210,42446942,2,11.18,10.43,11
46469721,42426816,1701844605,1,11.18,21.48,11
46469722#0,42449932,9987259811,4,11.18,13.7,11
46469722#1,9987259811,593886220,4,11.18,64.27,11
46469723#0,42432464,9509151987,3,11.18,14.32,3
46469723#1,9509151987,9509176060,3,11.18,146.52,3
46469723#2,9509176060,42432540,3,11.18,10.86,3
46469724#0,1701844664,1701844812,1,13.89,8.2,4
46469724#1,1701844812,8270907189,1,13.89,25.69,4
46469724#2,8270907189,8270907188,1,13.89,33.02,4
46469724#3,8270907188,3670414976,1,13.89,62.59,4
46469724#4,3670414976,595105538,1,13.89,9.14,4
46469725,42432540,593886226,1,13.89,20.85,3
46469726#0,42432540,9509176059,1,13.89,8.85,3
46469726#1,9509176059,248707601,1,13.89,62.52,3
46469727#0,42445804,9509176091,1,13.89,9.44,3
46469727#1,9509176091,3569749115,1,13.89,148.14,3
46469727#2,3569749115,42442939,1,13.89,13.57,3
46469727#3,42442939,3569749117,1,13.89,14.35,3
46469727#4,3569749117,10017163240,1,13.89,72.83,3
46469727#5,10017163240,10125260542,1,13.89,116.93,3
46469727#6,10125260542,42449947,1,13.89,13.19,3
46469729,4540059459,593886227,4,11.18,29.09,12
46469730,106706938,6166426227,1,39.44,46.31,14
46469731#0,42434948,10173357075,3,13.89,10.6,3
46469731#1,10173357075,9965135063,3,13.89,133.85,3
46469731#2,9965135063,42434946,3,13.89,12.07,3
46469732#0,42434965,4259278550,1,11.18,13.76,11
46469732#1,4259278550,4207683805,1,11.18,24.44,11
46469736,588166430,1701844603,3,22.22,20.03,9
46481095#0,593909446,11153346394,6,11.18,39.49,11
46481095#1,11153346394,42430607,6,11.18,7.38,11
46481095#10,8261123019,8261123024,6,11.18,62.67000000000001,11
46481095#11,8261123024,42430600,6,11.18,8.14,11
46481095#2,42430607,8261122836,6,11.18,8.39,11
46481095#3,8261122836,10168324136,6,11.18,53.62,11
46481095#4,10168324136,8261122841,6,11.18,10.03,11
46481095#5,8261122841,42427824,6,11.18,7.71,11
46481095#6,42427824,8261122842,6,11.18,7.5,11
46481095#7,8261122842,8261123018,6,11.18,63.199999999999996,11
46481095#8,8261123018,42430603,6,11.18,7.3999999999999995,11
46481095#9,42430603,8261123019,6,11.18,8.76,11
46481738#0,427842134,4601240939,2,11.18,23.84,11
46481738#1,4601240939,8261122939,2,11.18,100.92,11
46481738#2,8261122939,42443975,2,11.18,12.3,11
46481738#3,42443975,8261122942,2,11.18,14.22,11
46481738#4,8261122942,8592620027,2,11.18,97.65,11
46481738#5,8592620027,9421943093,2,11.18,45.31,11
46481738#6,9421943093,8261122902,2,11.18,103.8,11
46481738#7,8261122902,42430646,2,11.18,13.66,11
46481740,593915211,593915213,1,13.89,33.84,3
46481741#0,42430651,8261122945,1,13.89,13.67,3
46481741#1,8261122945,5481847153,1,13.89,66.31,3
46481741#2,5481847153,593915211,1,13.89,41.38,3
46481744#0,593915255,8261122915,3,11.18,41.56,12
46481744#1,8261122915,42430643,3,11.18,8.69,12
46481744#2,42430643,8261122916,3,11.18,7.45,12
46481744#3,8261122916,8261122888,3,11.18,62.53,12
46481744#4,8261122888,42430639,3,11.18,8.1,12
46481747#0,42435646,8660596952,2,27.78,12.93,11
46481747#1,8660596952,10169532575,2,27.78,248.69,11
46481747#2,10169532575,42439955,2,27.78,11.89,11
46481748#0,593915274,8261122891,1,13.89,53.83,4
46481748#1,8261122891,42430639,1,13.89,13.59,4
46481752#0,593915295,8261044803,1,11.18,83.43,4
46481752#1,8261044803,4599130020,1,11.18,66.0,4
46481752#2,4599130020,42446678,1,11.18,12.07,4
46481754#0,593915303,4696815195,2,11.18,150.7,12
46481754#1,4696815195,8261122869,2,11.18,7.46,12
46481754#2,8261122869,8261122874,2,11.18,14.95,12
46481754#3,8261122874,8261122872,2,11.18,21.58,12
46481755#0,42430633,5165644096,2,11.18,13.92,12
46481755#1,5165644096,9971314389,2,11.18,36.96,12
46482536,427804196,427804211,1,13.89,53.27,3
46482537#0,6905716426,6905716429,3,11.18,44.38,3
46482537#1,6905716429,8288270425,3,11.18,17.91,3
46482537#2,8288270425,42446504,3,11.18,14.199999999999998,3
46482538#0,42446506,9143220944,3,11.18,9.94,3
46482538#1,9143220944,593920840,3,11.18,16.29,3
46482539#0,593920879,10168212478,2,11.18,145.49,4
46482539#1,10168212478,9019680389,2,11.18,8.95,4
46482540,593920893,42423836,1,27.78,10.01,11
46482541#0,427804211,5890772452,1,13.89,48.66,3
46482541#1,5890772452,8288270548,1,13.89,62.64,3
46482541#2,8288270548,593839894,1,13.89,11.79,3
46482592#0,42430691,10166521636,1,11.18,15.48,3
46482592#1,10166521636,4599130022,1,11.18,171.58,3
46482592#2,4599130022,62915531,1,11.18,11.68,3
46482600,593921856,593921857,3,27.78,27.0,11
46482602#0,593921858,10168047560,2,27.78,41.61,11
46482602#1,10168047560,42455761,2,27.78,12.68,11
46482602#2,42455761,10168047556,2,27.78,10.97,11
46482602#3,10168047556,10168047571,2,27.78,249.44,11
46482602#4,10168047571,42445018,2,27.78,13.76,11
46482603,593921859,593921858,1,27.78,25.09,11
46482604,593921860,593921845,1,13.89,21.72,3
46482609#0,42443563,10168047541,1,13.89,11.65,3
46482609#1,10168047541,10168047519,1,13.89,249.04,3
46482609#2,10168047519,42443561,1,13.89,13.55,3
46482611#0,42430680,10166505406,1,13.89,11.32,4
46482611#1,10166505406,593921869,1,13.89,173.51,4
46482819#0,593926743,427804166,1,39.44,44.27,14
46482819#1,427804166,42423847,1,39.44,36.33,14
46482820,427804200,427804166,1,22.22,42.88,9
46482821,2050767462,427804205,1,39.44,3.92,14
46482823,593926823,42423832,1,22.22,39.52,9
464847780,246579597,246580736,3,13.410000000000002,25.49,13
464847783,42443570,62915509,1,13.89,19.5,4
464847784,42443549,11017187936,1,13.89,20.65,3
46490537#0,427840998,427841062,1,11.18,7.66,10
46490537#1,427841062,10171326396,1,11.18,7.3,10
46490537#2,10171326396,8261122516,1,11.18,84.94,10
46490537#3,8261122516,42451695,1,11.18,12.2,10
46490538#0,42451674,10168260250,1,11.18,12.06,10
46490538#1,10168260250,6321287405,1,11.18,51.93,10
46490538#2,6321287405,6321287404,1,11.18,24.31,10
46490538#3,6321287404,6223969252,1,11.18,130.48,10
46490538#4,6223969252,42428232,1,11.18,12.25,10
46490538#5,42428232,6223969259,1,11.18,8.4,10
46490538#6,6223969259,10168911587,1,11.18,59.77,10
46490538#7,10168911587,42430292,1,11.18,12.2,10
46490540#0,42434285,10168486328,5,11.18,8.16,12
46490540#1,10168486328,9971263902,5,11.18,65.92,12
46490540#2,9971263902,42437914,5,11.18,11.96,12
46491168,427845228,427840984,1,22.22,109.24,9
46491169,593976795,9423683656,1,22.22,17.16,9
46492007,427841023,427841034,2,39.44,93.12,14
46492008,427840965,427841023,1,39.44,22.99,14
46492009,427840965,427840957,1,11.18,61.62,14
46492010,42423685,8835121396,5,11.18,47.35,12
46492012,593984752,427850840,1,22.22,99.36,9
46492015,427841017,427841020,2,39.44,29.8,14
46492016,427841020,427841023,2,39.44,30.94,14
46492017,427841011,593988920,1,22.22,120.97,9
46492034,427840957,427840949,1,39.44,189.07,14
46492638#0,42424789,8288270428,5,27.78,9.22,12
46492638#1,8288270428,9307956353,5,27.78,53.9,12
46492638#2,9307956353,7903850299,5,27.78,12.7,12
46492638#3,7903850299,42434434,5,27.78,12.41,12
46492639#0,42434429,8261123408,3,11.18,7.66,12
46492639#1,8261123408,8261123399,3,11.18,64.18,12
46492639#2,8261123399,1533280147,3,11.18,6.7,12
464963297#0,5161246301,10606723135,2,11.18,11.96,12
464963297#1,10606723135,4625620216,2,11.18,25.93,12
464963297#2,4625620216,5161246307,2,11.18,11.63,12
464964299#0,42445603,6369613318,2,11.18,7.82,11
464964299#1,6369613318,6369613031,2,11.18,123.38,11
464964299#2,6369613031,42452067,2,11.18,10.76,11
464988509#0,5708001199,5708001202,3,27.78,11.089999999999998,12
464988509#1,5708001202,1061531491,3,27.78,22.17,12
464988510#0,1996323622,5708001198,1,11.18,10.58,3
464988510#1,5708001198,9177424868,1,11.18,7.25,3
465000799#0,42443615,9140903901,3,11.18,7.25,12
465000799#1,9140903901,10125255941,3,11.18,66.34,12
465000799#2,10125255941,42432856,3,11.18,12.479999999999999,12
465066386,595105571,6133333100,2,27.78,27.79,12
465067248#0,42428790,10171187070,1,13.89,10.75,3
465067248#1,10171187070,7785880653,1,13.89,120.29,3
465067248#2,7785880653,7785782284,1,13.89,5.59,3
465067249#0,42441926,42441932,1,13.89,10.26,3
465067249#1,42441932,42441941,1,13.89,69.81,3
465067249#10,7785881385,5004570630,1,13.89,11.46,3
465067249#2,42441941,7785782284,1,13.89,6.99,3
465067249#3,7785782284,7785929603,1,13.89,7.7,3
465067249#4,7785929603,42437223,1,13.89,72.01,3
465067249#5,42437223,10168673735,1,13.89,5.34,3
465067249#6,10168673735,7785881422,1,13.89,70.75,3
465067249#7,7785881422,42431193,1,13.89,8.86,3
465067249#8,42431193,7785881436,1,13.89,8.23,3
465067249#9,7785881436,7785881385,1,13.89,65.42,3
465098271#0,42429662,10172816363,3,11.18,7.5,11
465098271#1,10172816363,4205565518,3,11.18,18.43,11
465098276#0,42435599,8262308793,3,11.18,8.75,11
465098276#1,8262308793,4205565514,3,11.18,35.27,11
465098285#0,42427381,10171337727,3,11.18,7.98,11
465098285#1,10171337727,4205565523,3,11.18,20.12,11
465098290#0,42434271,10171509275,3,11.18,7.68,11
465098290#1,10171509275,4205565533,3,11.18,36.5,11
465098295#0,42432214,8310246334,4,11.18,41.57,11
465098295#1,8310246334,42435596,4,11.18,10.55,11
465101198#0,9971262471,3859048179,2,11.18,82.44,11
465101198#1,3859048179,9971262468,2,11.18,108.59,11
46518731#0,595105472,42455931,4,11.18,23.19,12
46518731#1,42455931,3569749109,4,11.18,12.87,12
46518731#2,3569749109,3569749110,4,11.18,58.55,12
46518731#3,3569749110,42453000,4,11.18,8.02,12
46518731#4,42453000,3569749112,4,11.18,8.31,12
46518731#5,3569749112,9432876280,4,11.18,47.51,12
46518732,595105531,1701844698,3,27.78,20.75,12
46518734#0,42434092,6271127159,3,11.18,18.04,12
46518734#1,6271127159,3569749129,3,11.18,39.87,12
46518739#0,3829675223,3569749141,1,13.89,27.89,4
46518739#1,3569749141,370925141,1,13.89,126.99,4
46518740,42453087,42459579,1,13.89,37.34,3
46520833#0,561042188,8119462477,1,11.18,9.78,3
46520833#1,8119462477,10168210239,1,11.18,127.89,3
46520833#2,10168210239,42445903,1,11.18,10.82,3
46520833#3,42445903,10168210235,1,11.18,10.61,3
46520833#4,10168210235,4493840514,1,11.18,87.6,3
46520833#5,4493840514,10169157387,1,11.18,46.36,3
46520833#6,10169157387,42446701,1,11.18,10.6,3
46520834,595142429,561042196,1,11.18,424.52,12
46520921#0,42443807,10125247894,1,11.18,72.99,4
46520921#1,10125247894,42443810,1,11.18,7.37,4
46520921#2,42443810,10125247892,1,11.18,7.72,4
46520921#3,10125247892,10125247890,1,11.18,64.88,4
46520921#4,10125247890,42434077,1,11.18,8.17,4
46520921#5,42434077,10125247889,1,11.18,7.22,4
46520921#6,10125247889,10125247886,1,11.18,64.86,4
46520921#7,10125247886,42443811,1,11.18,6.65,4
46521465,3639381191,3639381192,2,11.18,80.14,12
46521736#0,42455934,8224618705,1,13.89,12.0,3
46521736#1,8224618705,8224618701,1,13.89,110.03,3
46521736#2,8224618701,42453087,1,13.89,7.03,3
46521993#0,42430371,3971302312,2,27.78,12.27,11
46521993#1,3971302312,4544486780,2,27.78,26.91,11
46521993#2,4544486780,3977886858,2,27.78,260.04,11
46521993#3,3977886858,42450426,2,27.78,11.87,11
46521994#0,42449963,10125255953,2,27.78,13.38,11
46521994#1,10125255953,10006361869,2,27.78,53.22,11
46521994#2,10006361869,10006361870,2,27.78,53.59,11
46521994#3,10006361870,10006361874,2,27.78,11.71,11
46521994#4,10006361874,10168544055,2,27.78,71.54,11
46521994#5,10168544055,42442957,2,27.78,13.34,11
46521995#0,6177439759,6177439756,2,11.18,12.05,11
46521995#1,6177439756,8941697842,2,11.18,37.16,11
46521995#2,8941697842,8915549080,2,11.18,37.6,11
46521998#0,42436707,10125255955,2,11.18,13.95,11
46521998#1,10125255955,8872058239,2,11.18,50.78,11
46521998#2,8872058239,11070055772,2,11.18,78.6,11
46521998#3,11070055772,42436705,2,11.18,10.38,11
46522000#0,42430347,3944708055,1,27.78,12.58,11
46522000#1,3944708055,2176936535,1,27.78,81.72,11
46522000#2,2176936535,3944708044,1,27.78,204.8,11
46522000#3,3944708044,42434072,1,27.78,12.27,11
46522001#0,42434090,4917049630,1,27.78,13.66,11
46522001#1,4917049630,3569749127,1,27.78,202.75,11
46522001#2,3569749127,11003445524,1,27.78,4.41,11
46522001#3,11003445524,42434092,1,27.78,10.75,11
46522002#0,42438891,10125260532,1,27.78,15.35,11
46522002#1,10125260532,10165986983,1,27.78,128.6,11
46522002#2,10165986983,42438889,1,27.78,10.45,11
46522003#0,42449956,10125255966,2,27.78,13.46,11
46522003#1,10125255966,10168544030,2,27.78,189.03,11
46522003#2,10168544030,42442952,2,27.78,14.72,11
46522005#0,42430314,10169532559,1,11.18,13.39,11
46522005#1,10169532559,10169532523,1,11.18,78.9,11
46522005#2,10169532523,42428264,1,11.18,16.78,11
46522006#0,42430311,9856196755,2,27.78,9.52,11
46522006#1,9856196755,6350462397,2,27.78,218.39,11
46522006#2,6350462397,9965135067,2,27.78,68.74,11
46522006#3,9965135067,42452973,2,27.78,13.33,11
46522007#0,42444051,10125260524,1,27.78,13.14,11
46522007#1,10125260524,10168841857,1,27.78,131.37,11
46522007#2,10168841857,42444049,1,27.78,9.53,11
46522008#0,6597464445,5522182777,1,27.78,47.71,11
46522008#1,5522182777,42432697,1,27.78,48.27,11
46522008#2,42432697,6598535204,1,27.78,147.7,11
46522008#3,6598535204,42432700,1,27.78,12.22,11
46522160#0,42429981,8112585812,1,13.89,13.15,3
46522160#1,8112585812,10166171499,1,13.89,190.44,3
46522160#10,596775998,10125227977,1,13.89,9.46,3
46522160#11,10125227977,2792781450,1,13.89,126.77,3
46522160#12,2792781450,42429971,1,13.89,9.48,3
46522160#13,42429971,2792781456,1,13.89,10.61,3
46522160#14,2792781456,10171007683,1,13.89,1.21,3
46522160#15,10171007683,7797632759,1,13.89,133.13,3
46522160#16,7797632759,42429970,1,13.89,9.85,3
46522160#2,10166171499,42429980,1,13.89,12.64,3
46522160#3,42429980,10166171500,1,13.89,13.84,3
46522160#4,10166171500,10125147528,1,13.89,131.17,3
46522160#5,10125147528,42429976,1,13.89,10.59,3
46522160#6,42429976,10125147527,1,13.89,10.42,3
46522160#7,10125147527,10125227978,1,13.89,124.77,3
46522160#8,10125227978,42429974,1,13.89,12.38,3
46522160#9,42429974,596775998,1,13.89,17.51,3
46524947#0,42438832,9170766761,1,11.18,8.42,3
46524947#1,9170766761,6858150183,1,11.18,49.72,3
46524947#2,6858150183,6858150177,1,11.18,52.4,3
46524947#3,6858150177,9177400756,1,11.18,36.64,3
46524947#4,9177400756,42431000,1,11.18,13.74,3
46524959#0,42438306,2346800736,1,11.18,10.43,3
46524959#1,2346800736,595245836,1,11.18,67.57,3
46524969#0,595245859,9900513528,1,11.18,9.05,3
46524969#1,9900513528,9915469769,1,11.18,16.97,3
46524975#0,42430989,5117745456,2,11.18,13.22,3
46524975#1,5117745456,10742000967,2,11.18,23.86,3
46524975#2,10742000967,10742000968,2,11.18,37.49,3
46524975#3,10742000968,42438819,2,11.18,36.84,3
46524983#0,42431002,9492556556,1,11.18,12.91,3
46524983#1,9492556556,595245883,1,11.18,162.5,3
46524998,595245889,5619144360,1,11.18,48.29,3
46525011#0,42421985,7591060180,1,22.22,12.32,10
46525011#1,7591060180,3371304373,1,22.22,49.21,10
46525011#2,3371304373,3371304370,1,22.22,142.65,10
46525011#3,3371304370,9122683604,1,22.22,56.36,10
46525011#4,9122683604,42421982,1,22.22,15.56,10
46525019#0,595245918,10046485491,1,11.18,7.24,3
46525019#1,10046485491,10098681464,1,11.18,63.92,3
46525019#2,10098681464,595245920,1,11.18,7.92,3
46525029#0,42430984,7595748174,1,11.18,13.83,3
46525029#1,7595748174,595245918,1,11.18,85.19,3
46525058#0,42430680,10166505404,4,11.18,8.06,11
46525058#1,10166505404,8855911559,4,11.18,4.04,11
46525065#0,42430747,10082554034,2,22.22,12.77,10
46525065#1,10082554034,3998699941,2,22.22,248.46,10
46525065#10,7597291064,7597291076,2,22.22,13.11,10
46525065#11,7597291076,7597291073,2,22.22,11.23,10
46525065#12,7597291073,10674102218,2,22.22,48.01,10
46525065#13,10674102218,8314977757,2,22.22,6.67,10
46525065#14,8314977757,7597291079,2,22.22,138.03,10
46525065#15,7597291079,42435716,2,22.22,15.21,10
46525065#2,3998699941,42450341,2,22.22,14.28,10
46525065#3,42450341,3998699939,2,22.22,10.08,10
46525065#4,3998699939,7246154631,2,22.22,28.71,10
46525065#5,7246154631,10082615953,2,22.22,221.3,10
46525065#6,10082615953,42445039,2,22.22,13.2,10
46525065#7,42445039,2351534216,2,22.22,9.01,10
46525065#8,2351534216,10082615959,2,22.22,4.15,10
46525065#9,10082615959,7597291064,2,22.22,31.2,10
465255350,42424334,42424347,2,11.18,21.81,14
465256868,427841050,427841052,2,39.44,20.34,14
465256869,427841034,427842125,2,11.18,94.7,14
46526948#0,42438825,9899950371,1,11.18,7.72,3
46526948#1,9899950371,9899950366,1,11.18,68.67,3
46526948#2,9899950366,595245836,1,11.18,9.23,3
46526965#0,3533937800,8575682946,1,11.18,8.83,3
46526965#1,8575682946,7591060179,1,11.18,76.21,3
46526965#2,7591060179,42421985,1,11.18,14.19,3
46529270#0,595254571,2294828183,1,11.18,9.04,3
46529270#1,2294828183,7659477360,1,11.18,75.7,3
46529270#2,7659477360,1672106385,1,11.18,29.08,3
46529274#0,3533937800,7333509693,1,11.18,57.13,3
46529274#1,7333509693,595254573,1,11.18,90.45,3
46538335#0,42440452,3977886237,1,13.89,11.7,3
46538335#1,3977886237,4549080330,1,13.89,110.19,3
46538335#2,4549080330,5475605301,1,13.89,141.85,3
46538371#0,42440012,3977886877,2,27.78,12.78,11
46538371#1,3977886877,8785244246,2,27.78,68.0,11
46538371#2,8785244246,42428313,2,27.78,15.95,11
46538375,42446386,11017186435,1,11.18,19.85,3
46538382,61273001,61273004,2,13.89,24.68,3
46538396#0,595269619,7591060183,1,27.78,25.58,11
46538396#1,7591060183,2061592973,1,27.78,7.87,11
46538405#0,595269639,7637834796,3,27.78,29.53,11
46538405#1,7637834796,42430747,3,27.78,7.900000000000001,11
46538429#0,42440935,9441141807,1,22.22,14.74,10
46538429#1,9441141807,10064959234,1,22.22,248.65,10
46538429#2,10064959234,42430749,1,22.22,12.53,10
46546728,595295436,595295438,3,22.350000000000005,20.71,14
46546732,10873903275,61269413,3,17.88,259.18,14
46546737#0,42422592,595295501,1,11.18,11.96,11
46546737#1,595295501,7912855687,1,11.18,6.85,11
46546739,61269400,2837768961,1,22.22,175.69,9
46546758,595295538,595295542,3,22.350000000000005,20.71,14
46546766#0,595295542,42423331,3,22.350000000000005,34.66,14
46546766#1,42423331,42422399,3,22.350000000000005,215.98,14
46546766#2,42422399,595314118,3,22.350000000000005,823.17,14
46562939#0,3269867944,6868145369,1,13.89,21.31,3
46562939#1,6868145369,42441080,1,13.89,50.2,3
46562966#0,42441080,7326861795,1,22.22,31.32,6
46562966#1,7326861795,7732571885,1,22.22,9.9,6
46562972#0,595314036,10165984408,1,13.89,51.81,3
46562972#1,10165984408,595314040,1,13.89,14.89,3
46563041#0,42421749,9177516871,1,13.89,9.75,3
46563041#1,9177516871,7785782268,1,13.89,127.76,3
46563041#2,7785782268,42421751,1,13.89,5.8,3
46563061#0,42431121,6900903327,1,11.18,7.37,10
46563061#1,6900903327,6900903305,1,11.18,68.45,10
46563061#2,6900903305,42421749,1,11.18,10.74,10
46563135,42458466,61257626,3,22.350000000000005,1238.35,14
46563137,595314111,42458466,3,22.350000000000005,49.59,14
46563139,595314021,595314112,3,22.350000000000005,48.27,14
46563143,595314112,3917286380,3,22.350000000000005,209.19999999999996,14
46563166,595314114,595314119,1,27.78,51.84,11
46563171,61261108,595314116,3,22.350000000000005,36.33,14
46563174,595314116,61269400,3,22.350000000000005,903.7400000000001,14
46563178,595314117,42458435,3,22.350000000000005,220.17999999999998,14
46563181,595314118,595314117,3,22.350000000000005,36.59,14
46568293,595338023,8882666913,3,22.350000000000005,775.84,14
46568300,595338043,2830276527,3,22.350000000000005,78.98,14
46568312#0,2383895311,10128931543,1,13.89,90.88,3
46568312#1,10128931543,10128878992,1,13.89,71.29,3
46568312#2,10128878992,42434105,1,13.89,7.23,3
46568321#0,595314033,595320307,1,27.78,466.43,11
46568321#1,595320307,4954151929,1,27.78,79.4,11
46568326,595338100,10055059296,1,27.78,59.17,11
46568332,595338090,595338100,1,27.78,16.97,11
46568339,595338029,254484074,3,22.350000000000005,148.76,14
46568349,595338165,42424698,1,22.22,231.41,9
46568381#0,595314041,42424698,3,22.350000000000005,684.07,14
46568381#1,42424698,595338043,3,22.350000000000005,757.91,14
46577943,587933855,42437324,1,22.22,39.89,6
46577945,60927819,60928596,1,22.22,333.29,9
46577946,60928596,60929894,3,22.22,97.28000000000002,9
46577947,561035374,42427086,1,27.78,18.33,11
46577948#0,587934079,587934076,1,27.78,9.41,11
46577948#1,587934076,587934073,1,27.78,15.43,11
46577949,587934073,595352897,1,27.78,37.2,11
46577951#0,595352902,9935928812,1,27.78,62.06,11
46577951#1,9935928812,587934079,1,27.78,9.58,11
46577952#0,42452130,9703359682,1,22.22,12.35,10
46577952#1,9703359682,9935939195,1,22.22,116.09,10
46577952#2,9935939195,587934268,1,22.22,19.94,10
46577953#0,42452130,2504882457,1,27.78,8.32,11
46577953#1,2504882457,595352904,1,27.78,48.47,11
46577954#0,561035372,42428961,1,27.78,19.18,11
46577954#1,42428961,9703359676,1,27.78,10.31,11
46577954#2,9703359676,9703359677,1,27.78,16.68,11
46577954#3,9703359677,42452130,1,27.78,12.6,11
46577955,42428962,561035373,1,27.78,18.14,11
46577960,595352910,587934172,1,22.22,167.14,6
46577961#0,595352911,5354421380,1,27.78,52.35,11
46577961#1,5354421380,5354421383,1,27.78,44.94,11
46577961#2,5354421383,5354421378,1,27.78,28.56,11
46577961#3,5354421378,2512378852,1,27.78,139.03,11
46577961#4,2512378852,2512378850,1,27.78,26.69,11
46577962,595352913,595352915,3,22.350000000000005,518.0,14
46577963,595352916,9039624678,3,22.350000000000005,120.71,14
46577964,595352917,595352916,3,22.350000000000005,558.6,14
46577965,595352915,60928425,3,22.350000000000005,204.56000000000003,14
46577966,595352927,42441805,1,13.89,9.37,3
46577970#0,6885524030,42433811,1,13.89,65.82,4
46577970#1,42433811,42441951,1,13.89,79.31,4
46577970#2,42441951,6979088363,1,13.89,76.14,4
46577970#3,6979088363,6885524021,1,13.89,7.2,4
46579213#0,42442557,10165989498,1,13.89,8.86,3
46579213#1,10165989498,7571410095,1,13.89,16.41,3
46579213#2,7571410095,7571410096,1,13.89,66.74,3
46579213#3,7571410096,7571410098,1,13.89,8.68,3
46579213#4,7571410098,7571274525,1,13.89,10.35,3
46579213#5,7571274525,7571410130,1,13.89,10.45,3
46579213#6,7571410130,1807940789,1,13.89,4.02,3
46579577#0,42435253,7837165548,2,11.18,7.75,11
46579577#1,7837165548,9915560877,2,11.18,44.94,11
46579578#0,42428570,9907441334,2,22.22,13.14,10
46579578#1,9907441334,8314977760,2,22.22,70.81,10
46579578#2,8314977760,10674102219,2,22.22,6.18,10
46579578#3,10674102219,8390080233,2,22.22,17.5,10
46579578#4,8390080233,6465823512,2,22.22,29.03,10
46579578#5,6465823512,6465823507,2,22.22,26.16,10
46579578#6,6465823507,10046259422,2,22.22,29.93,10
46579578#7,10046259422,1241742627,2,22.22,12.74,10
46579579#0,6456467046,1241760168,1,11.18,101.98,10
46579579#1,1241760168,1241760156,1,11.18,9.57,10
46579579#2,1241760156,11107628433,1,11.18,58.67,10
46581216#0,42428232,6223969247,1,2.78,6.73,2
46581216#1,6223969247,7369969942,1,2.78,44.34,2
46582968#0,42434237,8309479381,1,8.94,9.76,3
46582968#1,8309479381,8309479374,1,8.94,210.94,3
46582968#2,8309479374,42434233,1,8.94,8.1,3
46582968#3,42434233,8309479377,1,8.94,10.42,3
46582968#4,8309479377,4216045844,1,8.94,209.69,3
46582968#5,4216045844,42434226,1,8.94,8.16,3
46582968#6,42434226,4216045822,1,8.94,7.55,3
46582968#7,4216045822,4216055441,1,8.94,206.24,3
46582968#8,4216055441,42434215,1,8.94,10.22,3
46583189#0,4347534767,4347534776,1,2.78,12.75,2
46583189#1,4347534776,4347534774,1,2.78,59.73,2
46583189#2,4347534774,10173346254,1,2.78,7.9,2
46583189#3,10173346254,42427764,1,2.78,9.02,2
46583480#0,9714409350,10171069640,1,13.89,14.11,3
46583480#1,10171069640,42439371,1,13.89,41.02,3
46583480#2,42439371,10171069695,1,13.89,38.55,3
46583480#3,10171069695,42432928,1,13.89,11.25,3
46583483#0,42432928,10171069697,2,13.89,14.25,3
46583483#1,10171069697,10168029072,2,13.89,57.61,3
46583483#2,10168029072,42438920,2,13.89,7.88,3
46583484#0,42442569,6814307785,1,27.78,14.64,11
46583484#1,6814307785,7618358575,1,27.78,19.25,11
46583484#2,7618358575,4717512348,1,27.78,42.95,11
46583484#3,4717512348,42442571,1,27.78,7.12,11
46587564,60927287,60927291,2,22.22,238.26,9
46587565,9246348907,595441949,1,22.22,63.63,9
46587566,60928137,60927825,2,22.22,86.42,9
46587567,60928134,60928135,2,22.22,47.42,9
46587568,60927485,60927487,2,22.22,103.57,9
46587569,60926905,60927007,1,22.22,146.2,9
46587570,60926905,60927291,1,22.22,24.58,9
46587572,595441951,60928606,2,22.22,171.11,9
46587573,595441952,60928925,2,22.22,157.41,9
46587574,60929888,595441953,1,22.22,59.15,9
46587575,60927894,60927491,1,22.22,279.61,9
46587576,595441954,8916692975,1,22.22,94.4,9
46587578,60927291,8919524785,1,22.22,60.9,9
46587579,595441955,60928402,2,22.22,284.59,9
46587580,60928588,60928594,2,22.22,152.84,9
46587581,60928594,60928596,2,22.22,59.6,9
46587582,595441953,8918969326,1,22.22,74.94,9
46588490,595448572,9908570826,2,22.22,108.75,9
46588491,60928941,171245253,2,22.22,137.55,9
46588492#0,595448573,9566938923,2,22.22,15.25,9
46588492#1,9566938923,60925950,2,22.22,14.87,9
46588493,595448576,60925897,2,22.22,79.6,9
46588494,60928925,60928933,2,22.22,223.27,9
46588495,60929091,60926791,1,22.22,42.79,9
46588496,60928933,60928941,2,22.22,171.7,9
46588498#0,60926078,9563821088,1,8.94,66.56,3
46588498#1,9563821088,42428107,1,8.94,6.33,3
46588500,60928838,60928839,2,22.22,45.99,9
46588501,595448632,60928839,1,22.22,46.64,9
46588502,10567534694,595441949,1,22.22,140.36,9
46590474,595464577,60918686,3,20.12,60.72,14
46590475,60927279,60927287,2,22.22,188.33,9
46590811#0,60928695,9989286396,1,22.22,173.71,9
46590811#1,9989286396,60925991,1,22.22,48.54,9
46590812,60928606,60928608,2,22.22,40.06,9
46590814,595464558,1362215055,3,20.12,22.52,14
46590816,595464616,595462050,2,39.44,213.3,14
46590817,60928608,60925991,1,22.22,62.19,9
46590831,595464704,595473259,3,20.12,328.27,14
46590832,595464709,595473385,3,20.12,338.95,14
46590835,3959468915,60918736,2,20.12,183.79,14
46591058,595473019,595472989,1,22.22,60.53,10
46591062,595473050,42442733,1,27.78,6.52,11
46591067,595473133,42429023,2,27.78,11.28,12
46591068,595473148,42449637,1,22.22,7.21,10
46591071,595473185,595473148,1,22.22,64.63,10
46591073#0,595473201,5403873769,1,11.18,1.69,11
46591073#1,5403873769,42433064,1,11.18,6.96,11
46591073#2,42433064,5403873768,1,11.18,8.58,11
46591073#3,5403873768,5403873764,1,11.18,64.35,11
46591073#4,5403873764,42428086,1,11.18,6.51,11
46591076,595473222,595473201,1,11.18,63.08,11
46591079,4837499470,60925795,3,20.12,46.85999999999999,14
46591081,595473279,595464577,3,20.12,338.04,14
46591083,595473295,595473291,1,27.78,56.33,11
46591084,60926076,595473295,1,27.78,7.43,11
46591086,595473330,595473133,2,27.78,67.38,12
46591090,595473421,595464558,3,20.12,342.27,14
46591091,4837499475,60925784,3,20.12,48.54999999999999,14
46592773#0,9166213997,9563821092,1,11.18,8.71,11
46592773#1,9563821092,42438160,1,11.18,64.76,11
46593523#0,42428124,9563821096,1,8.94,12.04,3
46593523#1,9563821096,9563821089,1,8.94,92.54,3
46593523#2,9563821089,42428107,1,8.94,7.89,3
46593524#0,42428124,1763612256,1,8.94,12.29,3
46593524#1,1763612256,8347635265,1,8.94,373.03,3
46593524#10,9429828944,10699913353,1,8.94,137.3,3
46593524#11,10699913353,42428144,1,8.94,64.1,3
46593524#12,42428144,2348610358,1,8.94,41.52,3
46593524#13,2348610358,9503585325,1,8.94,25.91,3
46593524#14,9503585325,9503566608,1,8.94,15.74,3
46593524#15,9503566608,9476358893,1,8.94,219.48,3
46593524#16,9476358893,9338511504,1,8.94,25.06,3
46593524#2,8347635265,9467158618,1,8.94,6.36,3
46593524#3,9467158618,42428130,1,8.94,6.88,3
46593524#4,42428130,9467158622,1,8.94,5.67,3
46593524#5,9467158622,595729852,1,8.94,97.35,3
46593524#6,595729852,8718834313,1,8.94,8.83,3
46593524#7,8718834313,42428134,1,8.94,8.42,3
46593524#8,42428134,8718834311,1,8.94,6.27,3
46593524#9,8718834311,9429828944,1,8.94,16.42,3
46593907,595484163,9991875548,5,22.35,97.91,14
46593909,595484165,595484166,3,11.18,17.38,12
46593910#0,595484166,9566892715,3,11.18,5.72,12
46593910#1,9566892715,42442734,3,11.18,19.54,12
46593911,595484167,60918586,1,22.22,33.43,9
46593913,60921170,1858067878,1,22.22,308.43,9
46593914,60918586,60925316,2,22.22,111.22,9
46593915,595484169,8316781084,2,22.22,22.55,9
46593917#0,595481001,9550751262,1,22.22,9.95,9
46593917#1,9550751262,9908501369,1,22.22,25.19,9
46593917#2,9908501369,595484175,1,22.22,2.22,9
46593918,60921167,60921170,1,22.22,41.93,9
46593920,595484175,60925101,1,22.22,158.17,9
46593921,373780963,595484175,1,22.22,142.09,9
46594123#0,42448141,7004437170,1,13.89,8.19,3
46594123#1,7004437170,10168169592,1,13.89,136.62,3
46594123#2,10168169592,42446184,1,13.89,10.04,3
46594123#3,42446184,10168169596,1,13.89,8.78,3
46594123#4,10168169596,10168169553,1,13.89,127.53,3
46594123#5,10168169553,589928038,1,13.89,7.46,3
46594123#6,589928038,589928034,1,13.89,23.74,3
46594123#7,589928034,10168169549,1,13.89,7.23,3
46594123#8,10168169549,10122952958,1,13.89,127.51,3
46594123#9,10122952958,42447210,1,13.89,9.3,3
46594124#0,42438235,7004451711,1,13.89,10.77,3
46594124#1,7004451711,10172819008,1,13.89,281.71,3
46594124#10,10171603020,42435825,1,13.89,11.11,3
46594124#2,10172819008,42438236,1,13.89,10.59,3
46594124#3,42438236,3099327944,1,13.89,15.78,3
46594124#4,3099327944,10172819013,1,13.89,10.2,3
46594124#5,10172819013,8319433974,1,13.89,237.06,3
46594124#6,8319433974,2141026551,1,13.89,10.99,3
46594124#7,2141026551,42438240,1,13.89,15.85,3
46594124#8,42438240,8319433979,1,13.89,11.15,3
46594124#9,8319433979,10171603020,1,13.89,244.0,3
46594125,589928035,589928037,1,13.89,24.74,3
46594126#0,589928037,10168169558,1,13.89,7.14,3
46594126#1,10168169558,10168169618,1,13.89,127.79,3
46594126#2,10168169618,42446187,1,13.89,8.61,3
46594126#3,42446187,10168169614,1,13.89,9.53,3
46594126#4,10168169614,7004451712,1,13.89,135.32,3
46594126#5,7004451712,42438235,1,13.89,10.28,3
46594127#0,3099327975,10171038449,1,13.89,8.56,3
46594127#1,10171038449,8758345330,1,13.89,239.87,3
46594127#2,8758345330,2141026493,1,13.89,10.2,3
46594127#3,2141026493,42436728,1,13.89,15.84,3
46594129#0,42434117,10171956571,1,13.89,10.53,3
46594129#1,10171956571,5015321231,1,13.89,173.57,3
46594129#2,5015321231,9625658173,1,13.89,76.85,3
46607937,42431773,6213204047,1,11.18,5.69,3
46608204#0,42453160,8309479367,1,8.94,9.87,3
46608204#1,8309479367,8309479356,1,8.94,211.21,3
46608204#2,8309479356,42453158,1,8.94,7.73,3
46608205#0,42444827,7977873291,1,8.94,13.2,3
46608205#1,7977873291,5481937325,1,8.94,13.89,3
46608205#2,5481937325,7271387072,1,8.94,78.66,3
46608205#3,7271387072,3316524005,1,8.94,55.62,3
46608205#4,3316524005,7977873369,1,8.94,42.2,3
46608205#5,7977873369,42444829,1,8.94,11.08,3
46608205#6,42444829,7977873368,1,8.94,9.58,3
46608205#7,7977873368,7977832458,1,8.94,205.86,3
46608205#8,7977832458,42444832,1,8.94,8.26,3
46608336#0,595655123,4298757027,1,13.89,5.6,3
46608336#1,4298757027,42439001,1,13.89,9.06,3
46608946#0,4320028826,4320028840,1,8.94,12.58,3
46608946#1,4320028840,8307642097,1,8.94,44.21,3
46608946#10,42449076,10168548423,1,8.94,5.6,3
46608946#11,10168548423,10168548421,1,8.94,62.95,3
46608946#12,10168548421,42440940,1,8.94,5.87,3
46608946#13,42440940,10168548419,1,8.94,7.2,3
46608946#14,10168548419,8307463719,1,8.94,65.46,3
46608946#15,8307463719,42439078,1,8.94,6.65,3
46608946#16,42439078,8307463716,1,8.94,7.46,3
46608946#17,8307463716,8307463700,1,8.94,52.33,3
46608946#18,8307463700,42454742,1,8.94,5.63,3
46608946#2,8307642097,42457728,1,8.94,5.72,3
46608946#3,42457728,8307642098,1,8.94,5.7,3
46608946#4,8307642098,10168546915,1,8.94,62.64,3
46608946#5,10168546915,42452598,1,8.94,5.78,3
46608946#6,42452598,10168548418,1,8.94,7.23,3
46608946#7,10168548418,42457421,1,8.94,65.51,3
46608946#8,42457421,10168548424,1,8.94,70.01,3
46608946#9,10168548424,42449076,1,8.94,6.28,3
46609036#0,42429378,6213315371,1,11.18,13.38,11
46609036#1,6213315371,6211332474,1,11.18,51.03,11
46609036#2,6211332474,42432214,1,11.18,8.8,11
46610717#0,42430770,8214320108,1,11.18,17.81,3
46610717#1,8214320108,8214320102,1,11.18,13.18,3
46610717#2,8214320102,42431524,1,11.18,5.66,3
46610717#3,42431524,8214331036,1,11.18,6.39,3
46610717#4,8214331036,8309469103,1,11.18,123.78,3
46610717#5,8309469103,42431777,1,11.18,5.85,3
46610719#0,4557517555,8262308686,1,13.89,8.75,3
46610719#1,8262308686,8262308721,1,13.89,134.84,3
46610719#2,8262308721,42429412,1,13.89,9.7,3
46610721#0,42431154,8262308729,1,11.18,5.96,3
46610721#1,8262308729,1042457810,1,11.18,86.01,3
46610721#2,1042457810,42455357,1,11.18,9.79,3
46610722#0,4557517550,8262308750,1,13.89,8.09,3
46610722#1,8262308750,2985573626,1,13.89,68.84,3
46610722#2,2985573626,4557517554,1,13.89,11.51,3
46610724#0,5837088104,5151983466,1,11.18,12.69,3
46610724#1,5151983466,4320032276,1,11.18,106.14,3
46610724#2,4320032276,42451987,1,11.18,5.59,3
46610725#0,42436390,8288270307,1,8.94,9.17,3
46610725#1,8288270307,8429031340,1,8.94,74.8,3
46610725#2,8429031340,42431536,1,8.94,5.87,3
46610725#3,42431536,8429031337,1,8.94,5.68,3
46610725#4,8429031337,8429015933,1,8.94,126.88,3
46610725#5,8429015933,42431797,1,8.94,5.91,3
46610725#6,42431797,8429015932,1,8.94,5.59,3
46610725#7,8429015932,4320028830,1,8.94,64.65,3
46610725#8,4320028830,42430803,1,8.94,17.1,3
46610726#0,5837088105,4320035374,1,8.94,12.74,3
46610726#1,4320035374,8429014585,1,8.94,123.34,3
46610726#2,8429014585,42431531,1,8.94,5.65,3
46610726#3,42431531,8307641986,1,8.94,5.67,3
46610726#4,8307641986,42431275,1,8.94,77.1,3
46610726#5,42431275,8288270291,1,8.94,41.65,3
46610726#6,8288270291,42436384,1,8.94,10.58,3
46610727#0,5837088105,5151983467,3,11.18,13.979999999999999,11
46610727#1,5151983467,42430796,3,11.18,36.94,11
46610727#2,42430796,8959133939,3,11.18,55.419999999999995,11
46610734#0,42433278,8262308519,1,8.94,5.57,3
46610734#1,8262308519,8262308512,1,8.94,64.04,3
46610734#2,8262308512,42433275,1,8.94,5.69,3
46610734#3,42433275,8262308510,1,8.94,8.34,3
46610734#4,8262308510,8262308501,1,8.94,60.45,3
46610734#5,8262308501,42433272,1,8.94,7.76,3
46613627#0,42432897,10171102346,2,11.18,9.79,11
46613627#1,10171102346,10127369909,2,11.18,74.48,11
46613627#2,10127369909,42432900,2,11.18,9.93,11
46613632#0,42432894,10171219265,1,13.89,12.54,3
46613632#1,10171219265,7433986963,1,13.89,48.62,3
46613632#2,7433986963,10168010412,1,13.89,133.72,3
46613632#3,10168010412,42435766,1,13.89,11.99,3
46613632#4,42435766,10168010408,1,13.89,11.34,3
46613632#5,10168010408,10168010393,1,13.89,120.86,3
46613632#6,10168010393,42447323,1,13.89,8.87,3
46613632#7,42447323,6814306908,1,13.89,8.85,3
46613632#8,6814306908,6814306909,1,13.89,112.83,3
46613632#9,6814306909,42440112,1,13.89,11.57,3
46613633#0,42439849,8758287376,1,27.78,10.26,11
46613633#1,8758287376,10171219262,1,27.78,35.18,11
46613633#2,10171219262,42432894,1,27.78,14.64,11
46613634#0,2141026492,8758345337,1,13.89,9.66,3
46613634#1,8758345337,7477877422,1,13.89,76.06,3
46613634#2,7477877422,9559461849,1,13.89,162.66,3
46613634#3,9559461849,3099327966,1,13.89,10.38,3
46613634#4,3099327966,42452564,1,13.89,15.43,3
46613634#5,42452564,7004372907,1,13.89,8.89,3
46613634#6,7004372907,5481977585,1,13.89,226.21,3
46613634#7,5481977585,10167137535,1,13.89,57.33,3
46613634#8,10167137535,42439485,1,13.89,12.17,3
46613635#0,42432897,10171102344,1,27.78,13.62,11
46613635#1,10171102344,8758287375,1,27.78,83.55,11
46613635#2,8758287375,42439851,1,27.78,10.27,11
46613643,42428114,60926616,1,11.18,55.66,3
46613645#0,42427168,9566938945,1,11.18,9.82,3
46613645#1,9566938945,9566938946,1,11.18,62.37,3
46613645#2,9566938946,42458936,1,11.18,7.28,3
46613645#3,42458936,9566938948,1,11.18,7.31,3
46613645#4,9566938948,5048446874,1,11.18,69.94,3
46613645#5,5048446874,42428114,1,11.18,8.29,3
46613654#0,42433173,10168729771,1,13.89,7.83,4
46613654#1,10168729771,8758345343,1,13.89,39.6,4
46613654#2,8758345343,1705982030,1,13.89,9.28,4
46613655#0,42432894,10171219264,1,11.18,9.63,11
46613655#1,10171219264,4207743627,1,11.18,28.1,11
46613656#0,42433161,7802964932,1,22.22,7.75,10
46613656#1,7802964932,7803460136,1,22.22,77.88,10
46613656#10,10165996993,10168729775,1,22.22,76.07,10
46613656#11,10168729775,42433173,1,22.22,6.81,10
46613656#2,7803460136,42433163,1,22.22,8.39,10
46613656#3,42433163,7803460148,1,22.22,8.31,10
46613656#4,7803460148,10165996984,1,22.22,75.51,10
46613656#5,10165996984,42431201,1,22.22,8.11,10
46613656#6,42431201,10165996985,1,22.22,9.45,10
46613656#7,10165996985,10165996992,1,22.22,76.39,10
46613656#8,10165996992,42433165,1,22.22,7.92,10
46613656#9,42433165,10165996993,1,22.22,10.31,10
46613661#0,42432352,42432349,1,27.78,9.95,11
46613661#1,42432349,5706569345,1,27.78,42.64,11
46613661#2,5706569345,595703226,1,27.78,2.8,11
46613662#0,42432395,7123798410,1,11.18,7.56,3
46613662#1,7123798410,42432376,1,11.18,46.99,3
46613696#0,1901016118,1382339080,1,11.18,250.17,11
46613696#1,1382339080,1382339070,1,11.18,6.72,11
46613696#2,1382339070,1901016170,1,11.18,88.76,11
46613696#3,1901016170,2059304015,1,11.18,139.01,11
46613697#0,42446036,3392519865,1,27.78,10.78,11
46613697#1,3392519865,3392519833,1,27.78,134.38,11
46613697#2,3392519833,42449187,1,27.78,9.23,11
46613701#0,42442469,9906904522,1,11.18,13.15,3
46613701#1,9906904522,8709392108,1,11.18,127.05,3
46613701#2,8709392108,1061531645,1,11.18,11.86,3
46613701#3,1061531645,42428657,1,11.18,17.91,3
46613711,422438817,42457788,1,11.18,107.42,11
46613913,559862621,763020156,2,15.65,1262.95,14
46616992#0,595729838,9561395285,1,22.22,28.07,7
46616992#1,9561395285,595729841,1,22.22,12.63,7
46616995#0,42432799,9561395267,1,8.94,11.31,10
46616995#1,9561395267,42440079,1,8.94,130.97,10
46616995#10,42453669,9561561664,1,8.94,110.97,10
46616995#11,9561561664,42431230,1,8.94,9.18,10
46616995#2,42440079,42457282,1,8.94,50.87,10
46616995#3,42457282,9561420913,1,8.94,49.23,10
46616995#4,9561420913,42445640,1,8.94,10.03,10
46616995#5,42445640,8952423304,1,8.94,7.42,10
46616995#6,8952423304,9561420921,1,8.94,159.01,10
46616995#7,9561420921,42455509,1,8.94,10.55,10
46616995#8,42455509,9561420919,1,8.94,8.37,10
46616995#9,9561420919,42453669,1,8.94,47.83,10
46616996,374451674,5051482018,1,13.89,29.32,4
46616997#0,42431666,42432805,1,8.94,82.49,11
46616997#1,42432805,9561561630,1,8.94,70.07,11
46616997#2,9561561630,42432802,1,8.94,7.49,11
46616999#0,42436301,8718862723,1,8.94,6.8,3
46616999#1,8718862723,302097273,1,8.94,173.58,3
46616999#2,302097273,42454089,1,8.94,32.38,3
46616999#3,42454089,9563821018,1,8.94,132.34,3
46616999#4,9563821018,42438218,1,8.94,5.74,3
46617000#0,1763608189,1763569147,1,8.94,23.06,3
46617000#1,1763569147,42428134,1,8.94,6.45,3
46617000#2,42428134,8718834312,1,8.94,7.62,3
46617000#3,8718834312,42436305,1,8.94,59.65,3
46617001#0,595729852,8718862722,1,8.94,6.61,3
46617001#1,8718862722,42436301,1,8.94,13.35,3
46617678,595735458,60928695,3,22.22,15.54,9
46617679,595462053,595735489,2,20.12,127.68,9
46617791,595736217,595462050,2,22.22,136.78,9
46617841,595736226,595736217,2,22.22,92.82,9
46618199,595462050,622204986,3,20.12,712.09,14
46618200,595462053,3959468915,2,20.12,127.29,14
46629371,370894399,8874226523,2,17.88,90.23,9
46629376#0,370888101,42434832,2,11.18,100.75,11
46629376#1,42434832,42436971,2,11.18,41.72,11
46629378,3790255316,42451409,3,13.410000000000002,87.73,14
46693864#0,42445263,4980915601,1,11.18,12.53,3
46693864#1,4980915601,5482216783,1,11.18,86.96,3
46693864#2,5482216783,6190264274,1,11.18,25.14,3
46693864#3,6190264274,42433377,1,11.18,7.6,3
46693865#0,42453577,3901503160,1,13.89,6.57,3
46693865#1,3901503160,7951097793,1,13.89,83.74,3
46693865#2,7951097793,6248342743,1,13.89,44.91,3
46693865#3,6248342743,42447174,1,13.89,8.3,3
46693868#0,42434377,6819274885,1,11.18,12.29,3
46693868#1,6819274885,6217820602,1,11.18,53.52,3
46693868#2,6217820602,3563594386,1,11.18,49.7,3
46693868#3,3563594386,42432376,1,11.18,6.53,3
46693907#0,42448979,7004469482,1,11.18,7.83,3
46693907#1,7004469482,10171956588,1,11.18,135.86,3
46693907#10,42447209,9903045878,1,11.18,8.43,3
46693907#11,9903045878,1332843611,1,11.18,58.97,3
46693907#12,1332843611,9903045879,1,11.18,37.94,3
46693907#2,10171956588,42446182,1,11.18,10.96,3
46693907#3,42446182,10171956585,1,11.18,8.56,3
46693907#4,10171956585,10168132315,1,11.18,128.4,3
46693907#5,10168132315,589928040,1,11.18,6.53,3
46693907#6,589928040,589928030,1,11.18,24.15,3
46693907#7,589928030,10168169520,1,11.18,6.9,3
46693907#8,10168169520,8234417267,1,11.18,127.49,3
46693907#9,8234417267,42447209,1,11.18,9.18,3
46694751#0,42440567,7248638338,1,11.18,13.68,3
46694751#1,7248638338,42443621,1,11.18,30.73,3
46694752#0,42440566,7248638329,1,11.18,13.8,3
46694752#1,7248638329,10121802245,1,11.18,191.21,3
46694752#2,10121802245,42448390,1,11.18,12.81,3
46694753#0,42436477,4207313538,2,27.78,10.44,11
46694753#1,4207313538,4207313533,2,27.78,125.05,11
46694753#2,4207313533,596776057,2,27.78,10.43,11
46694753#3,596776057,42436481,2,27.78,19.28,11
46694753#4,42436481,4207313526,2,27.78,9.24,11
46694753#5,4207313526,3562587893,2,27.78,126.24,11
46694753#6,3562587893,42436484,2,27.78,10.55,11
46694753#7,42436484,3562587894,2,27.78,10.49,11
46694753#8,3562587894,3562587898,2,27.78,131.18,11
46694753#9,3562587898,42436486,2,27.78,14.3,11
46694755#0,42428003,6670244839,1,13.89,12.46,4
46694755#1,6670244839,9906953438,1,13.89,41.51,4
46694757#0,42428013,6689923820,1,13.89,11.55,3
46694757#1,6689923820,6689909674,1,13.89,191.72,3
46694757#10,10170793887,10125087307,1,13.89,132.28,3
46694757#11,10125087307,42430060,1,13.89,9.16,3
46694757#12,42430060,10125087308,1,13.89,10.38,3
46694757#13,10125087308,10125222328,1,13.89,126.53,3
46694757#14,10125222328,42430056,1,13.89,10.64,3
46694757#15,42430056,596776046,1,13.89,17.59,3
46694757#2,6689909674,42430075,1,13.89,13.65,3
46694757#3,42430075,6689909676,1,13.89,13.6,3
46694757#4,6689909676,8250715792,1,13.89,202.77,3
46694757#5,8250715792,42430068,1,13.89,12.07,3
46694757#6,42430068,8250715756,1,13.89,12.85,3
46694757#7,8250715756,10170793891,1,13.89,190.97,3
46694757#8,10170793891,42430063,1,13.89,12.36,3
46694757#9,42430063,10170793887,1,13.89,13.8,3
46694758#0,42428012,6689923824,1,13.89,12.83,3
46694758#1,6689923824,371197453,1,13.89,204.28,3
46694759#0,596799891,5463840961,1,11.18,13.14,10
46694759#1,5463840961,6670244828,1,11.18,152.86,10
46694759#2,6670244828,42428010,1,11.18,13.18,10
46694760#0,42428010,6670244830,1,11.18,12.29,3
46694760#1,6670244830,7136790838,1,11.18,191.65,3
46694760#10,10043925178,10125087315,1,11.18,131.68,3
46694760#11,10125087315,42438798,1,11.18,9.41,3
46694760#12,42438798,10125087316,1,11.18,10.38,3
46694760#13,10125087316,10125222336,1,11.18,126.68,3
46694760#14,10125222336,42438795,1,11.18,10.95,3
46694760#15,42438795,596776063,1,11.18,17.1,3
46694760#16,596776063,10125222335,1,11.18,10.73,3
46694760#17,10125222335,10167967053,1,11.18,124.25,3
46694760#18,10167967053,42438791,1,11.18,10.79,3
46694760#19,42438791,10167967049,1,11.18,11.49,3
46694760#2,7136790838,42438805,1,11.18,13.63,3
46694760#20,10167967049,7785624667,1,11.18,134.37,3
46694760#21,7785624667,42438788,1,11.18,8.87,3
46694760#3,42438805,7136790817,1,11.18,13.58,3
46694760#4,7136790817,8250715777,1,11.18,203.25,3
46694760#5,8250715777,42438802,1,11.18,12.09,3
46694760#6,42438802,3382948111,1,11.18,12.98,3
46694760#7,3382948111,10043925176,1,11.18,190.58,3
46694760#8,10043925176,42438800,1,11.18,12.64,3
46694760#9,42438800,10043925178,1,11.18,13.99,3
46694761#0,42424142,7784412862,1,11.18,5.5,3
46694761#1,7784412862,9906887431,1,11.18,92.5,3
46694761#2,9906887431,4562863353,1,11.18,6.71,3
46694762#0,42428015,6689923795,1,11.18,11.17,3
46694762#1,6689923795,6689909666,1,11.18,191.32,3
46694762#10,10122937119,10122937122,1,11.18,131.8,3
46694762#11,10122937122,42446466,1,11.18,9.59,3
46694762#12,42446466,10122937130,1,11.18,10.36,3
46694762#13,10122937130,10122937133,1,11.18,127.2,3
46694762#14,10122937133,42446461,1,11.18,10.32,3
46694762#15,42446461,596776052,1,11.18,17.29,3
46694762#16,596776052,10122937134,1,11.18,10.35,3
46694762#17,10122937134,10122937145,1,11.18,125.32,3
46694762#18,10122937145,42446016,1,11.18,11.53,3
46694762#19,42446016,10122937144,1,11.18,10.36,3
46694762#2,6689909666,42446478,1,11.18,13.63,3
46694762#20,10122937144,7094731948,1,11.18,134.4,3
46694762#21,7094731948,42446455,1,11.18,8.85,3
46694762#3,42446478,6689909668,1,11.18,13.53,3
46694762#4,6689909668,8250715763,1,11.18,203.2,3
46694762#5,8250715763,42443024,1,11.18,14.21,3
46694762#6,42443024,8250715778,1,11.18,10.51,3
46694762#7,8250715778,10122913414,1,11.18,192.21,3
46694762#8,10122913414,42446472,1,11.18,12.98,3
46694762#9,42446472,10122937119,1,11.18,12.85,3
46694763#0,42428014,6689923814,1,13.89,13.09,3
46694763#1,6689923814,10832508151,1,13.89,121.14,3
46694764#0,42451754,7103815244,1,13.89,12.68,3
46694764#1,7103815244,7834024332,1,13.89,202.0,3
46694764#10,7834024333,42443029,1,13.89,13.17,3
46694764#11,42443029,7834024313,1,13.89,11.37,3
46694764#12,7834024313,10170647167,1,13.89,191.21,3
46694764#13,10170647167,42450025,1,13.89,12.56,3
46694764#14,42450025,10170647170,1,13.89,12.84,3
46694764#15,10170647170,10125087294,1,13.89,132.39,3
46694764#16,10125087294,42447115,1,13.89,9.95,3
46694764#17,42447115,10125087295,1,13.89,10.46,3
46694764#18,10125087295,10125180312,1,13.89,126.3,3
46694764#19,10125180312,42452954,1,13.89,11.09,3
46694764#2,7834024332,42428024,1,13.89,12.56,3
46694764#20,42452954,596776095,1,13.89,17.37,3
46694764#21,596776095,10125180311,1,13.89,10.8,3
46694764#22,10125180311,3341917069,1,13.89,124.81,3
46694764#23,3341917069,42446026,1,13.89,10.31,3
46694764#24,42446026,3341917068,1,13.89,11.66,3
46694764#25,3341917068,3341858522,1,13.89,133.84,3
46694764#26,3341858522,42452951,1,13.89,8.82,3
46694764#3,42428024,7834024335,1,13.89,12.61,3
46694764#4,7834024335,8996371852,1,13.89,159.42,3
46694764#5,8996371852,6691104511,1,13.89,32.41,3
46694764#6,6691104511,42452956,1,13.89,12.73,3
46694764#7,42452956,6691104513,1,13.89,13.67,3
46694764#8,6691104513,5401365957,1,13.89,57.86,3
46694764#9,5401365957,7834024333,1,13.89,144.94,3
46694765#0,42438513,7103815240,1,13.89,11.4,3
46694765#1,7103815240,371206271,1,13.89,12.58,3
46694766#0,42448257,7135164282,1,13.89,12.87,3
46694766#1,7135164282,7834024316,1,13.89,201.78,3
46694766#10,8250715752,42443032,1,13.89,11.42,3
46694766#11,42443032,8250715790,1,13.89,13.14,3
46694766#12,8250715790,10156669089,1,13.89,189.83,3
46694766#13,10156669089,42448238,1,13.89,13.36,3
46694766#14,42448238,10156669085,1,13.89,13.68,3
46694766#15,10156669085,10125087287,1,13.89,131.15,3
46694766#16,10125087287,42447126,1,13.89,10.5,3
46694766#17,42447126,10125087288,1,13.89,9.41,3
46694766#18,10125087288,10125180304,1,13.89,127.28,3
46694766#19,10125180304,42448216,1,13.89,10.89,3
46694766#2,7834024316,42428029,1,13.89,12.26,3
46694766#20,42448216,596776074,1,13.89,17.41,3
46694766#21,596776074,10125180303,1,13.89,10.59,3
46694766#22,10125180303,2832297701,1,13.89,125.03,3
46694766#23,2832297701,42446031,1,13.89,10.23,3
46694766#24,42446031,2832297702,1,13.89,11.35,3
46694766#25,2832297702,2238282243,1,13.89,134.95,3
46694766#26,2238282243,42448203,1,13.89,8.89,3
46694766#3,42428029,7834024306,1,13.89,12.46,3
46694766#4,7834024306,6691104503,1,13.89,192.05,3
46694766#5,6691104503,42448254,1,13.89,12.71,3
46694766#6,42448254,6691104505,1,13.89,13.87,3
46694766#7,6691104505,6263083514,1,13.89,7.81,3
46694766#8,6263083514,6263083526,1,13.89,20.06,3
46694766#9,6263083526,8250715752,1,13.89,175.23,3
46694768#0,3785522931,7080329519,1,13.89,5.54,3
46694768#1,7080329519,5482216779,1,13.89,52.64,3
46694768#2,5482216779,5716393833,1,13.89,6.11,3
46694768#3,5716393833,4980915603,1,13.89,98.15,3
46694768#4,4980915603,42456091,1,13.89,12.22,3
46694769#0,42445263,4980915599,1,13.89,13.74,3
46694769#1,4980915599,5482216752,1,13.89,17.1,3
46694769#10,2831988194,2831988196,1,13.89,23.49,3
46694769#11,2831988196,4980915582,1,13.89,76.3,3
46694769#12,4980915582,6181480033,1,13.89,13.69,3
46694769#2,5482216752,3900961248,1,13.89,19.36,3
46694769#3,3900961248,3900961249,1,13.89,20.7,3
46694769#4,3900961249,6181709416,1,13.89,146.04,3
46694769#5,6181709416,42443058,1,13.89,13.63,3
46694769#6,42443058,6181708470,1,13.89,11.69,3
46694769#7,6181708470,6254902687,1,13.89,48.86,3
46694769#8,6254902687,6247953721,1,13.89,27.77,3
46694769#9,6247953721,2831988194,1,13.89,13.33,3
46694771#0,42449010,6181480043,1,11.18,14.18,3
46694771#1,6181480043,7067139597,1,11.18,26.49,3
46694772#0,42449007,4980915576,1,13.89,14.08,3
46694772#1,4980915576,5640800365,1,13.89,29.96,3
46694772#10,6254816612,7075509775,1,13.89,125.78,3
46694772#11,7075509775,42446093,1,13.89,11.98,3
46694772#2,5640800365,5640800357,1,13.89,40.34,3
46694772#3,5640800357,6070217079,1,13.89,61.51,3
46694772#4,6070217079,42447169,1,13.89,9.06,3
46694772#5,42447169,6070217078,1,13.89,9.67,3
46694772#6,6070217078,6070217081,1,13.89,127.2,3
46694772#7,6070217081,42449005,1,13.89,7.39,3
46694772#8,42449005,596776165,1,13.89,24.64,3
46694772#9,596776165,6254816612,1,13.89,7.1,3
46694777#0,42430482,6190264269,1,13.89,13.83,3
46694777#1,6190264269,8732555163,1,13.89,56.76,3
46694777#2,8732555163,5481999822,1,13.89,66.41,3
46694777#3,5481999822,7779545040,1,13.89,10.0,3
46694777#4,7779545040,42430479,1,13.89,8.89,3
46694780,42426805,7474626839,1,13.89,9.46,3
466956271#0,42445574,8307641851,3,27.78,12.29,12
466956271#1,8307641851,8231935496,3,27.78,70.82,12
466956271#2,8231935496,4616536351,3,27.78,6.8,12
466956272#0,4616536348,4890333635,1,11.18,12.29,4
466956272#1,4890333635,5708233911,1,11.18,49.12,4
466956272#2,5708233911,42423456,1,11.18,9.43,4
466956273#0,4616536348,4890333647,1,8.94,8.78,3
466956273#1,4890333647,10853807645,1,8.94,64.33,3
466956274#0,4616536352,4890333638,1,11.18,8.84,3
466956274#1,4890333638,7079923153,1,11.18,61.21,3
466956274#2,7079923153,8304498434,1,11.18,67.27,3
466956274#3,8304498434,42436353,1,11.18,10.21,3
466956276#0,4616536351,5173374390,3,11.18,8.19,12
466956276#1,5173374390,4890333632,3,11.18,57.0,12
466956276#2,4890333632,4616536352,3,11.18,7.95,12
466956278#0,42442286,5173374392,1,11.18,7.19,3
466956278#1,5173374392,42430102,1,11.18,93.15,3
466956278#2,42430102,4890320304,1,11.18,27.28,3
466956278#3,4890320304,42430154,1,11.18,17.02,3
467222812#0,5837088105,5690453353,1,11.18,16.08,3
467222812#1,5690453353,42431789,1,11.18,45.43,3
467222812#10,8309469102,8309469096,1,11.18,59.37,3
467222812#11,8309469096,42431773,1,11.18,7.36,3
467222812#2,42431789,8429015942,1,11.18,5.77,3
467222812#3,8429015942,8429015943,1,11.18,23.69,3
467222812#4,8429015943,42431785,1,11.18,5.74,3
467222812#5,42431785,8429015939,1,11.18,34.94,3
467222812#6,8429015939,42429701,1,11.18,5.84,3
467222812#7,42429701,10172977547,1,11.18,5.58,3
467222812#8,10172977547,42431777,1,11.18,21.69,3
467222812#9,42431777,8309469102,1,11.18,5.53,3
467222828#0,42430805,4320028836,1,8.94,13.38,3
467222828#1,4320028836,6213204054,1,8.94,104.68,3
467222828#2,6213204054,42431802,1,8.94,6.1,3
467222856#0,42428433,8307641805,2,11.18,11.74,13
467222856#1,8307641805,8307641832,2,11.18,67.81,13
467222856#2,8307641832,42440820,2,11.18,4.58,13
467523298#0,4015190382,5784518525,1,11.18,12.78,3
467523298#1,5784518525,595407624,1,11.18,32.92,3
468414627#0,42436060,5837174091,1,11.18,6.95,3
468414627#1,5837174091,42436309,1,11.18,52.92,3
468414627#2,42436309,8304498085,1,11.18,60.77,3
468414627#3,8304498085,42436308,1,11.18,12.19,3
468414628#0,42436014,4629486878,1,11.18,25.9,8
468414628#1,4629486878,4629486879,1,11.18,8.77,8
468414632#0,3874650186,8214320074,1,11.18,88.7,11
468414632#1,8214320074,42440527,1,11.18,8.31,11
468414632#2,42440527,8214320071,1,11.18,7.76,11
468414632#3,8214320071,8214320080,1,11.18,52.43,11
468414632#4,8214320080,42436115,1,11.18,8.6,11
468414633#0,4629488490,8214320054,1,11.18,101.29,3
468414633#1,8214320054,42454642,1,11.18,8.24,3
468414634#0,42454642,8214320051,1,11.18,7.62,3
468414634#1,8214320051,8214320060,1,11.18,61.72,3
468414634#2,8214320060,42436122,1,11.18,8.63,3
468414634#3,42436122,8214320057,1,11.18,9.33,3
468414634#4,8214320057,8214320116,1,11.18,86.97,3
468414634#5,8214320116,42436381,1,11.18,13.32,3
473884145,246649429,246647920,4,13.41,54.11,13
473884146,246649429,246649427,1,11.18,24.69,11
474054794#0,1919595914,4598752841,2,11.18,6.62,12
474054794#1,4598752841,9181587103,2,11.18,44.13,12
474054795,1919595914,4332491210,1,13.89,13.58,3
474304539#0,2061592973,7591060182,1,11.18,14.27,3
474304539#1,7591060182,8575682949,1,11.18,78.43,3
474304539#2,8575682949,4682935365,1,11.18,9.71,3
474304540#0,4682935360,7835476319,1,11.18,76.91,3
474304540#1,7835476319,4682935365,1,11.18,8.53,3
474304540#2,4682935365,6429000132,1,11.18,7.76,3
474304540#3,6429000132,8575682948,1,11.18,63.2,3
474304540#4,8575682948,3533937800,1,11.18,8.92,3
474635898#0,42431503,8307463649,1,11.18,11.64,3
474635898#1,8307463649,8307463675,1,11.18,121.09,3
474635898#2,8307463675,42431500,1,11.18,6.62,3
474635899#0,42436427,8307463792,2,11.18,5.46,3
474635899#1,8307463792,11040029959,2,11.18,45.51,3
474635904#0,42436423,8307463784,2,11.18,6.99,3
474635904#1,8307463784,42436414,2,11.18,38.61,3
474635905#0,42432208,8262308349,1,11.18,11.06,3
474635905#1,8262308349,8262308359,1,11.18,81.57,3
474635905#2,8262308359,42439073,1,11.18,14.67,3
475867321#0,246858449,4872879382,4,13.41,11.83,13
475867321#1,4872879382,9417252931,4,13.41,27.87,13
475867322,246858449,42449613,1,11.18,27.03,3
477151468#0,42446571,8309479455,1,8.94,7.06,11
477151468#1,8309479455,10778672288,1,8.94,28.68,11
477151469#0,42430942,8309479445,1,8.94,9.64,3
477151469#1,8309479445,4931387076,1,8.94,60.69,3
477151469#2,4931387076,274335455,1,8.94,6.67,3
477151469#3,274335455,4931387072,1,8.94,6.13,3
477151469#4,4931387072,4931387074,1,8.94,65.78,3
477151469#5,4931387074,42446584,1,8.94,7.36,3
477151469#6,42446584,4931387077,1,8.94,8.27,3
477151469#7,4931387077,4301088465,1,8.94,16.4,3
477151469#8,4301088465,8309479564,1,8.94,49.89,3
477151469#9,8309479564,3624790934,1,8.94,7.34,3
47795999#0,7802856365,7784826678,2,11.18,8.13,11
47795999#1,7784826678,7802856360,2,11.18,65.48,11
47795999#2,7802856360,7802856352,2,11.18,8.58,11
47796089#0,42435743,10171241033,1,11.18,7.07,11
47796089#1,10171241033,42435746,1,11.18,71.64,11
47796374#0,11013387830,4024142486,1,13.89,21.6,4
47796374#1,4024142486,1805328780,1,13.89,11.52,4
47796510#0,4375208207,8310245628,1,11.18,4.54,3
47796510#1,8310245628,42435556,1,11.18,12.28,3
47796678,42458017,589100164,2,11.18,50.69,3
47796685,42458034,42457940,1,11.18,111.88,3
47845025#0,42458728,9561229732,1,8.94,11.25,10
47845025#1,9561229732,42429946,1,8.94,172.33,10
47845042#0,42454538,9561209103,1,8.94,7.41,10
47845042#1,9561209103,9561209098,1,8.94,146.72,10
47845042#2,9561209098,42429708,1,8.94,9.37,10
47845066#0,1544809885,9561126015,1,22.22,12.9,10
47845066#1,9561126015,7779712802,1,22.22,1.35,10
478478415#0,9178967047,7135164271,2,11.18,41.66,11
478478415#1,7135164271,42428047,2,11.18,7.36,11
478478415#10,7834030816,7834025578,2,11.18,16.78,11
478478415#11,7834025578,42428043,2,11.18,8.4,11
478478415#12,42428043,7834025536,2,11.18,6.64,11
478478415#13,7834025536,7834025574,2,11.18,64.52,11
478478415#14,7834025574,42428039,2,11.18,8.35,11
478478415#15,42428039,7834030808,2,11.18,6.19,11
478478415#16,7834030808,7834025576,2,11.18,66.19,11
478478415#17,7834025576,42428037,2,11.18,12.66,11
478478415#2,42428047,7135169188,2,11.18,6.42,11
478478415#3,7135169188,7834030810,2,11.18,31.39,11
478478415#4,7834030810,7834030832,2,11.18,28.87,11
478478415#5,7834030832,7135164275,2,11.18,4.96,11
478478415#6,7135164275,42428045,2,11.18,6.24,11
478478415#7,42428045,7135164261,2,11.18,8.88,11
478478415#8,7135164261,7834025512,2,11.18,19.33,11
478478415#9,7834025512,7834030816,2,11.18,28.47,11
478478416#0,42428037,7834030803,2,11.18,12.19,3
478478416#1,7834030803,42429346,2,11.18,166.3,3
478478416#2,42429346,6352970540,2,11.18,36.0,3
478478416#3,6352970540,42429348,2,11.18,11.72,3
479642033#0,42446547,8309479587,1,8.94,11.35,3
479642033#1,8309479587,5147808598,1,8.94,66.0,3
479642033#10,8309479457,42446571,1,8.94,11.26,3
479642033#2,5147808598,8309479547,1,8.94,126.8,3
479642033#3,8309479547,42446552,1,8.94,9.39,3
479642033#4,42446552,8309479544,1,8.94,9.33,3
479642033#5,8309479544,8309479487,1,8.94,208.2,3
479642033#6,8309479487,42446562,1,8.94,7.32,3
479642033#7,42446562,8309479484,1,8.94,7.41,3
479642033#8,8309479484,4502505659,1,8.94,42.9,3
479642033#9,4502505659,8309479457,1,8.94,168.32,3
479642034#0,42436947,8309479479,1,8.94,7.66,3
479642034#1,8309479479,8309479553,1,8.94,207.27,3
479642034#2,8309479553,42436944,1,8.94,9.28,3
479642034#3,42436944,8309479556,1,8.94,9.52,3
479642034#4,8309479556,8309479577,1,8.94,192.45,3
479642034#5,8309479577,42436943,1,8.94,10.97,3
479642035#0,42455013,8309479429,1,8.94,10.9,3
479642035#1,8309479429,8309479492,1,8.94,211.0,3
479642035#2,8309479492,42455007,1,8.94,7.26,3
479642035#3,42455007,8309479495,1,8.94,7.68,3
479642035#4,8309479495,8309479499,1,8.94,206.7,3
479642035#5,8309479499,42454997,1,8.94,9.7,3
479642035#6,42454997,8309479502,1,8.94,9.52,3
479642035#7,8309479502,5147808597,1,8.94,132.95,3
479642035#8,5147808597,8309479281,1,8.94,59.05,3
479642035#9,8309479281,42454994,1,8.94,11.52,3
479642036#0,42430903,8309479507,1,8.94,12.18,3
479642036#1,8309479507,4216045847,1,8.94,190.8,3
479642036#2,4216045847,42430914,1,8.94,10.79,3
479642037#0,42449023,4216045804,1,8.94,10.71,3
479642037#1,4216045804,8309479514,1,8.94,190.24,3
479642037#2,8309479514,42449021,1,8.94,13.1,3
479642038#0,4012724171,8309479523,1,8.94,12.7,3
479642038#1,8309479523,4216045849,1,8.94,190.82,3
479642038#2,4216045849,42434148,1,8.94,10.45,3
479642039#0,42434205,8309479536,1,11.18,13.38,3
479642039#1,8309479536,8309479212,1,11.18,203.06,3
479642039#2,8309479212,42434201,1,11.18,12.03,3
479642040#0,42442851,3420766628,1,11.18,11.18,3
479642040#1,3420766628,7977873295,1,11.18,203.88,3
479642040#2,7977873295,42444827,1,11.18,12.94,3
479642042#0,42455867,7977873309,1,8.94,13.14,3
479642042#1,7977873309,8127531872,1,8.94,48.96,3
479642042#2,8127531872,8127531874,1,8.94,92.95,3
479642042#3,8127531874,7977832453,1,8.94,48.82,3
479642042#4,7977832453,42455051,1,8.94,10.68,3
479642043#0,42437349,8309479341,1,8.94,8.07,3
479642043#1,8309479341,7977832472,1,8.94,212.44,3
479642043#2,7977832472,42437346,1,8.94,7.51,3
479642043#3,42437346,7977832475,1,8.94,7.26,3
479642043#4,7977832475,7977832446,1,8.94,206.96,3
479642043#5,7977832446,42437343,1,8.94,10.24,3
479642043#6,42437343,7977832449,1,8.94,10.66,3
479642043#7,7977832449,9047347177,1,8.94,133.89,3
479642043#8,9047347177,8309479300,1,8.94,56.66,3
479642043#9,8309479300,42437339,1,8.94,13.98,3
480112475#0,42432211,6213315379,1,8.94,8.66,3
480112475#1,6213315379,10305048566,1,8.94,105.05,3
480112475#2,10305048566,8307463699,1,8.94,36.23,3
480112475#3,8307463699,42454742,1,8.94,5.74,3
480112475#4,42454742,8307463705,1,8.94,11.72,3
480112475#5,8307463705,42435581,1,8.94,10.56,3
480112476#0,42435578,8307463726,1,8.94,8.7,3
480112476#1,8307463726,42439078,1,8.94,68.42,3
480112476#2,42439078,8262308352,1,8.94,168.56,3
480112476#3,8262308352,42432208,1,8.94,10.76,3
480112477#0,42436423,8307463780,1,11.18,11.81,3
480112477#1,8307463780,8307463731,1,11.18,47.93,3
480112477#2,8307463731,42435578,1,11.18,18.75,3
480112478#0,42436407,8307463850,1,11.18,13.12,3
480112478#1,8307463850,8307463864,1,11.18,53.83,3
480112478#2,8307463864,42436142,1,11.18,7.53,3
480112478#3,42436142,8307642156,1,11.18,7.54,3
480112478#4,8307642156,8307642149,1,11.18,119.15,3
480112478#5,8307642149,42449089,1,11.18,8.13,3
480112478#6,42449089,8307642152,1,11.18,6.92,3
480112478#7,8307642152,4872761060,1,11.18,119.04,3
480112478#8,4872761060,42449098,1,11.18,11.33,3
480112479#0,42430824,8262308498,1,11.18,13.53,3
480112479#1,8262308498,11062719788,1,11.18,48.67,3
480112479#2,11062719788,42432201,1,11.18,8.86,3
480112480#0,42432199,8307642060,1,11.18,9.43,3
480112480#1,8307642060,9791390465,1,11.18,90.72,3
480112480#2,9791390465,42433269,1,11.18,5.8,3
480112480#3,42433269,9791390464,1,11.18,20.72,3
480112480#4,9791390464,42430813,1,11.18,12.55,3
480112481#0,42430811,8307642089,1,11.18,14.59,3
480112481#1,8307642089,42433264,1,11.18,71.81,3
480112481#2,42433264,10695513187,1,11.18,75.59,3
480112482#0,42436393,8288270323,1,11.18,13.33,3
480112482#1,8288270323,8307641998,1,11.18,75.11,3
480112482#2,8307641998,42436129,1,11.18,9.42,3
480112483#0,42430791,8214331028,1,13.89,16.21,3
480112483#1,8214331028,8309469104,1,13.89,77.51,3
480112483#2,8309469104,42431785,1,13.89,6.27,3
480112484#0,42436115,8214320077,1,11.18,8.9,11
480112484#1,8214320077,8214320088,1,11.18,102.5,11
480112484#2,8214320088,42436374,1,11.18,11.75,11
480680383#0,42427143,7604384386,1,11.18,8.4,11
480680383#1,7604384386,7604384398,1,11.18,61.8,11
480680383#2,7604384398,42427139,1,11.18,7.13,11
480680383#3,42427139,9567002589,1,11.18,7.43,11
480680383#4,9567002589,9566927313,1,11.18,60.54,11
480680383#5,9566927313,42427136,1,11.18,9.48,11
480682390#0,42427236,8281893515,1,11.18,5.79,3
480682390#1,8281893515,6119503129,1,11.18,18.38,3
480682391#0,42459820,4158665075,1,11.18,40.16,3
480682391#1,4158665075,42427242,1,11.18,8.3,3
480682392#0,42427242,4985376919,1,11.18,7.04,3
480682392#1,4985376919,5446617714,1,11.18,17.34,3
480682392#2,5446617714,4985376920,1,11.18,44.92,3
480682392#3,4985376920,42457311,1,11.18,8.12,3
480682392#4,42457311,4985377321,1,11.18,6.89,3
480682392#5,4985377321,42430848,1,11.18,33.2,3
480682393#0,42429354,7138157374,1,11.18,79.69,4
480682393#1,7138157374,6262915548,1,11.18,7.56,4
480682394#0,42429354,8281922159,1,11.18,5.66,4
480682394#1,8281922159,8281922169,1,11.18,94.49,4
480682394#2,8281922169,42429353,1,11.18,6.36,4
480682395,42429353,42427249,1,11.18,49.73,3
480682396#0,42421941,7139624415,2,11.18,15.59,12
480682396#1,7139624415,42421960,2,11.18,8.42,12
480682397#0,42456492,8281922066,1,11.18,6.45,3
480682397#1,8281922066,6990788771,1,11.18,60.11,3
480682397#2,6990788771,42427236,1,11.18,7.03,3
480972178#0,42424610,4890553370,1,13.89,11.05,3
480972178#1,4890553370,4137021568,1,13.89,114.94,3
481047237#0,42440553,8309478920,1,11.18,6.35,3
481047237#1,8309478920,3584752204,1,11.18,67.95,3
481047237#2,3584752204,42452396,1,11.18,6.84,3
481403099#0,42430259,9683231654,1,11.18,13.51,3
481403099#1,9683231654,8429213028,1,11.18,248.87,3
481403099#2,8429213028,42439275,1,11.18,11.92,3
481403099#3,42439275,8429213031,1,11.18,13.36,3
481403099#4,8429213031,8262308801,1,11.18,247.55,3
481403099#5,8262308801,42435603,1,11.18,13.28,3
481403100,42431452,4597668035,1,11.18,11.0,3
481403101#0,1692433932,8429031592,1,11.18,7.33,3
481403101#1,8429031592,5829827193,1,11.18,124.53,3
481403101#2,5829827193,42436788,1,11.18,9.73,3
481856150,247120150,11017187936,4,13.41,11.82,13
481962592#0,42427742,8270654741,1,11.18,8.32,12
481962592#1,8270654741,5377706592,1,11.18,63.62,12
481962592#2,5377706592,42452117,1,11.18,12.64,12
481962896#0,42429814,4300994797,1,11.18,6.77,3
481962896#1,4300994797,7115850093,1,11.18,81.16,3
481962896#2,7115850093,4300994899,1,11.18,48.74,3
481962896#3,4300994899,42429812,1,11.18,13.15,3
482494938,6166333236,7191808231,1,22.22,10.09,9
483236728#0,42433604,9965135084,2,11.18,12.06,3
483236728#1,9965135084,3997454663,2,11.18,134.43,3
483236728#2,3997454663,42445910,2,11.18,9.72,3
483360099#0,4888388399,10171508868,2,27.78,7.55,11
483360099#1,10171508868,10171865588,2,27.78,65.8,11
483360099#2,10171865588,42435810,2,27.78,7.28,11
483360105#0,42439994,6598535157,3,11.18,9.6,11
483360105#1,6598535157,6598535159,3,11.18,60.95000000000001,11
483360105#2,6598535159,42439990,3,11.18,9.04,11
483704512#0,42428212,3857400402,1,11.18,6.94,3
483704512#1,3857400402,10169019489,1,11.18,122.7,3
483704512#2,10169019489,10171337638,1,11.18,118.97,3
483704512#3,10171337638,42430274,1,11.18,12.89,3
483704512#4,42430274,10171337635,1,11.18,13.32,3
483704512#5,10171337635,11147382155,1,11.18,249.32,3
483704512#6,11147382155,42439840,1,11.18,11.35,3
483707770#0,42449597,8279851436,4,11.18,7.81,11
483707770#1,8279851436,7439027751,4,11.18,58.58,11
483707770#2,7439027751,42431611,4,11.18,7.4,11
484170269#0,4960503202,8614943065,1,11.18,114.81,3
484170269#1,8614943065,6224277875,1,11.18,88.94,3
484170269#2,6224277875,42430295,1,11.18,13.35,3
485056260#0,42440838,4778174559,1,11.18,15.39,11
485056260#1,4778174559,4890535524,1,11.18,12.39,11
485056260#2,4890535524,7201248046,1,11.18,47.72,11
485056260#3,7201248046,4778174564,1,11.18,8.99,11
485056261,4143859865,3788379733,3,11.18,19.56,12
485056262#0,4143859865,4778174563,2,11.18,11.42,13
485056262#1,4778174563,4143859873,2,11.18,8.83,13
485056263#0,4143859873,2151385504,2,11.18,7.2,13
485056263#1,2151385504,3788379733,2,11.18,20.02,13
485139335,42424025,4779073677,2,11.18,28.9,11
485165666,486868830,486868873,2,11.18,23.31,12
485165667#0,42429754,4539951622,3,11.18,13.62,12
485165667#1,4539951622,8821681992,3,11.18,40.58,12
485165667#2,8821681992,6330061743,3,11.18,9.35,12
485165667#3,6330061743,486867432,3,11.18,6.03,12
485176772#0,4779073677,6162473813,3,11.18,7.260000000000001,11
485176772#1,6162473813,6133359390,3,11.18,42.35,11
485176772#2,6133359390,4779073679,3,11.18,14.53,11
485176773,4779073680,42424025,2,11.18,28.95,11
485176774#0,4779073679,6133333091,3,11.18,14.6,11
485176774#1,6133333091,6162473812,3,11.18,42.47,11
485176774#2,6162473812,4779073680,3,11.18,7.36,11
485556246,4783358910,4783358909,6,11.18,7.05,12
485556247#0,42445766,3874650236,5,11.18,8.2,12
485556247#1,3874650236,4783358910,5,11.18,26.059999999999995,12
485746107#0,4207913309,9807801427,2,22.22,14.77,9
485746107#1,9807801427,9807801426,2,22.22,9.19,9
485755181#0,42428072,10160791154,1,27.78,7.15,11
485755181#1,10160791154,42438867,1,27.78,72.97,11
486583091,2797042863,2797042974,1,27.78,7.99,11
486583092,4810893673,60927819,1,27.78,2.31,11
487985966,4803647103,595473421,3,20.12,30.5,14
487985967,4803647102,4803647103,3,20.12,104.74,14
487985970,4803647101,4803647100,3,20.12,104.53000000000002,14
487985974,595473385,4803647101,3,20.12,30.709999999999997,14
487985979,595473259,4842655878,3,20.12,30.74,14
488272734#0,42429766,8231896489,4,11.18,6.21,12
488272734#1,8231896489,8821681985,4,11.18,27.23,12
488272734#2,8821681985,5296795756,4,11.18,2.87,12
488272734#3,5296795756,486868830,4,11.18,7.25,12
488376502,685164634,5286408252,1,11.18,12.55,3
488376503#0,685164636,4298773024,1,11.18,6.77,3
488376503#1,4298773024,8429307326,1,11.18,64.88,3
488376503#2,8429307326,7144880776,1,11.18,86.0,3
488376503#3,7144880776,7144880756,1,11.18,45.8,3
488376503#4,7144880756,8429307325,1,11.18,86.05,3
488376503#5,8429307325,4298773011,1,11.18,65.48,3
488376503#6,4298773011,685164634,1,11.18,6.18,3
488797726,4810893672,4810893673,1,27.78,3.47,11
488797727#0,42437324,8725182314,1,27.78,11.13,11
488797727#1,8725182314,60927817,1,27.78,32.45,11
488797727#2,60927817,4810893672,1,27.78,80.83,11
489019752#0,42430277,10171337646,4,11.18,8.26,11
489019752#1,10171337646,8959187723,4,11.18,32.66,11
489019753,9971262458,5266429277,2,11.18,118.83,11
489019754#0,42448701,4132605273,3,11.18,13.51,12
489019754#1,4132605273,4115878740,3,11.18,64.32,12
489019754#2,4115878740,42436586,3,11.18,6.89,12
489022194,2744944555,2744944552,2,11.18,3.82,11
489022195#0,42442415,7050687054,2,11.18,10.97,11
489022195#1,7050687054,2744944555,2,11.18,66.11,11
489022288,4813099376,4813099377,3,17.88,3.44,14
489022289,371197670,4813099376,3,17.88,137.61,14
489022290,4813099375,4813099374,3,17.88,3.3699999999999997,14
489022291,42424145,4813099375,3,17.88,182.69999999999996,14
489090277#0,1382339050,705234189,3,11.18,83.05,11
489090277#1,705234189,42435497,3,11.18,12.82,11
489170295#0,42433151,5403868124,2,11.18,6.67,11
489170295#1,5403868124,42433138,2,11.18,18.18,11
489170296#0,42443522,9561344691,1,13.89,12.69,3
489170296#1,9561344691,9561344712,1,13.89,58.14,3
489170296#2,9561344712,42443524,1,13.89,5.7,3
489170296#3,42443524,2052329246,1,13.89,155.73,3
489170296#4,2052329246,42427846,1,13.89,10.28,3
489170297#0,1764647103,42427849,1,27.78,77.52,11
489170297#1,42427849,9561386514,1,27.78,71.11,11
489170297#10,4321038147,9561420903,1,27.78,188.86,11
489170297#11,9561420903,42427863,1,27.78,9.54,11
489170297#12,42427863,9561420901,1,27.78,8.94,11
489170297#13,9561420901,9561420924,1,27.78,158.74,11
489170297#14,9561420924,42427867,1,27.78,8.88,11
489170297#2,9561386514,42427852,1,27.78,7.34,11
489170297#3,42427852,9561386513,1,27.78,7.14,11
489170297#4,9561386513,9561420852,1,27.78,64.49,11
489170297#5,9561420852,42427855,1,27.78,7.42,11
489170297#6,42427855,9561420850,1,27.78,6.98,11
489170297#7,9561420850,4321038145,1,27.78,66.47,11
489170297#8,4321038145,42427859,1,27.78,11.9,11
489170297#9,42427859,4321038147,1,27.78,12.02,11
489375009,4492821528,4816137911,1,11.18,14.08,3
489375010#0,42431844,6213315375,1,11.18,8.76,3
489375010#1,6213315375,8307463666,1,11.18,5.51,3
489375010#2,8307463666,8307463669,1,11.18,20.14,3
489375010#3,8307463669,6211332483,1,11.18,16.95,3
49032026,622204987,298792355,4,20.12,732.0,14
49036327,529799006,595484164,4,22.35,118.61,14
49036429,5891063542,60925728,2,20.12,202.97,14
490896832#0,42427873,9561229762,1,27.78,9.66,11
490896832#1,9561229762,4830733459,1,27.78,40.56,11
490899140#0,42427867,9561420923,1,27.78,9.41,11
490899140#1,9561420923,4830747456,1,27.78,43.04,11
490899141#0,4830747456,9561420932,2,27.78,114.41,11
490899141#1,9561420932,42427870,2,27.78,10.71,11
491162341#0,449581627,5147973330,1,2.24,5.1,2
491162341#1,5147973330,10177727061,1,2.24,2.94,2
491162341#2,10177727061,5147972298,1,2.24,66.12,2
491162341#3,5147972298,10177727036,1,2.24,3.03,2
491162341#4,10177727036,42428212,1,2.24,5.33,2
491675608,4803647098,4837499470,3,20.12,33.28,14
491675610,4803647100,4837499475,3,20.12,33.29,14
491675612,60925716,4837499471,3,20.12,80.76,14
491675619,4837499474,4803647102,3,20.12,33.29,14
492148700#0,42427345,4300940098,1,11.18,8.96,3
492148700#1,4300940098,8310245570,1,11.18,64.49,3
492148700#2,8310245570,42429806,1,11.18,6.94,3
492148700#3,42429806,8310245573,1,11.18,5.64,3
492148700#4,8310245573,5173594703,1,11.18,69.5,3
492148701#0,7500756892,8236347418,2,11.18,104.09,3
492148701#1,8236347418,42427346,2,11.18,6.41,3
492148701#2,42427346,8310245583,2,11.18,5.64,3
492148701#3,8310245583,8236347420,2,11.18,38.12,3
492148701#4,8236347420,10060182578,2,11.18,59.82,3
492148702#0,4841945993,8307642029,1,8.94,41.49,3
492148702#1,8307642029,4841945995,1,8.94,5.88,3
492148703#0,42431802,8307642027,1,8.94,6.49,3
492148703#1,8307642027,8307642034,1,8.94,45.43,3
492148703#2,8307642034,42431797,1,8.94,5.63,3
492148703#3,42431797,8307641994,1,8.94,6.38,3
492148703#4,8307641994,4679523599,1,8.94,58.73,3
492148703#5,4679523599,5837088105,1,8.94,16.45,3
492148704#0,42431802,4841945995,1,8.94,10.48,3
492148704#1,4841945995,339044224,1,8.94,128.34,3
492148704#2,339044224,8288270318,1,8.94,36.6,3
492148704#3,8288270318,42436393,1,8.94,8.59,3
492148705#0,42432194,8307642049,1,11.18,6.66,11
492148705#1,8307642049,4320194260,1,11.18,62.42,11
492148705#2,4320194260,42432191,1,11.18,6.24,11
492148706#0,42432191,4320194269,1,11.18,9.66,3
492148706#1,4320194269,4320194265,1,11.18,45.89,3
492148706#2,4320194265,42436856,1,11.18,5.87,3
492148706#3,42436856,4320194264,1,11.18,5.66,3
492148706#4,4320194264,42433261,1,11.18,68.73,3
492215349,4842655878,4803647098,3,20.12,104.5,14
492431794,4844527261,595473279,3,20.12,30.78,14
492431796,4803647104,4844527261,3,20.12,104.46,14
492441172,4844627300,4844627299,3,15.65,8.56,13
492489884#0,4461990857,9413881749,4,11.18,8.91,11
492489884#1,9413881749,9414480624,4,11.18,62.51,11
492489884#2,9414480624,42439440,4,11.18,9.36,11
492489893#0,42430298,4707482477,1,11.18,15.19,3
492489893#1,4707482477,6223189525,1,11.18,203.93,3
492489893#2,6223189525,9413881743,1,11.18,45.13,3
492489893#3,9413881743,4461990857,1,11.18,12.87,3
494221658#0,1272562931,2821321590,1,11.18,9.19,3
494221658#1,2821321590,8281893516,1,11.18,18.96,3
494221658#2,8281893516,42427236,1,11.18,5.51,3
495253326#0,593840148,247119341,5,13.41,14.9,13
495253326#1,247119341,42448996,5,13.41,7.55,13
495253326#2,42448996,42453545,5,13.41,76.43,13
495253326#3,42453545,593854267,5,13.41,18.66,13
495253326#4,593854267,373930484,5,13.41,31.940000000000005,13
495946403#0,42440639,4876645540,1,11.18,11.39,3
495946403#1,4876645540,4876645553,1,11.18,181.8,3
495946403#2,4876645553,42440628,1,11.18,12.31,3
49688932,1506445762,470209120,1,13.89,18.86,3
496977101#0,42440785,5787554246,1,11.18,10.45,3
496977101#1,5787554246,8231942791,1,11.18,117.55,3
496977101#2,8231942791,42445617,1,11.18,8.41,3
496977101#3,42445617,8231942790,1,11.18,5.64,3
496977101#4,8231942790,5041369235,1,11.18,122.4,3
496977101#5,5041369235,42452084,1,11.18,10.64,3
496978218#0,42440350,5362205527,1,11.18,12.13,4
496978218#1,5362205527,42440353,1,11.18,49.99,4
496978219#0,42440270,4985377334,2,11.18,11.56,12
496978219#1,4985377334,7139624435,2,11.18,81.93,12
496978219#2,7139624435,42440350,2,11.18,10.29,12
496978510#0,42430253,8310246316,4,11.18,12.83,11
496978510#1,8310246316,8429213018,4,11.18,67.9,11
496978510#2,8429213018,42430255,4,11.18,6.17,11
496979224#0,10584037999,8310246317,5,11.18,43.96,11
496979224#1,8310246317,5413254263,5,11.18,8.55,11
496979224#2,5413254263,42430253,5,11.18,10.49,11
496980200#0,3891963913,5829880520,3,11.18,53.080000000000005,12
496980200#1,5829880520,1919595928,3,11.18,6.599999999999999,12
496980200#10,5829880528,5829907370,3,11.18,56.34,12
496980200#11,5829907370,5799117240,3,11.18,8.75,12
496980200#12,5799117240,5829907368,3,11.18,8.91,12
496980200#13,5829907368,1919595926,3,11.18,71.52,12
496980200#14,1919595926,5829907367,3,11.18,69.86,12
496980200#15,5829907367,1919595917,3,11.18,6.650000000000001,12
496980200#16,1919595917,5829907375,3,11.18,6.43,12
496980200#17,5829907375,5829907364,3,11.18,60.74,12
496980200#18,5829907364,1919595925,3,11.18,7.080000000000001,12
496980200#19,1919595925,5829907365,3,11.18,8.14,12
496980200#2,1919595928,5829880529,3,11.18,6.61,12
496980200#20,5829907365,5829927763,3,11.18,64.35,12
496980200#21,5829927763,1919595915,3,11.18,11.0,12
496980200#3,5829880529,5481866330,3,11.18,30.51,12
496980200#4,5481866330,5829880526,3,11.18,32.21,12
496980200#5,5829880526,1919595927,3,11.18,5.84,12
496980200#6,1919595927,5829880521,3,11.18,7.54,12
496980200#7,5829880521,5829880518,3,11.18,63.1,12
496980200#8,5829880518,1919595918,3,11.18,6.78,12
496980200#9,1919595918,5829880528,3,11.18,6.32,12
496980201#0,9815692303,8231906902,1,11.18,127.8,3
496980201#1,8231906902,42449576,1,11.18,5.88,3
496980201#10,9910707284,9910707279,1,11.18,5.92,3
496980201#11,9910707279,8231922370,1,11.18,24.09,3
496980201#12,8231922370,42449570,1,11.18,7.17,3
496980201#2,42449576,8231906903,1,11.18,5.52,3
496980201#3,8231906903,8231885397,1,11.18,147.76,3
496980201#4,8231885397,42442269,1,11.18,6.39,3
496980201#5,42442269,8231885398,1,11.18,6.13,3
496980201#6,8231885398,8231922397,1,11.18,148.31,3
496980201#7,8231922397,42432156,1,11.18,10.61,3
496980201#8,42432156,8231922399,1,11.18,10.45,3
496980201#9,8231922399,9910707284,1,11.18,77.62,3
496982024#0,4886228960,3857343072,4,11.18,19.37,11
496982024#1,3857343072,42430304,4,11.18,10.66,11
496982371,9611529611,42440854,4,13.41,72.52,13
496982627#0,42428405,8279851420,2,11.18,7.14,11
496982627#1,8279851420,8279851427,2,11.18,58.71,11
496982627#2,8279851427,42428402,2,11.18,7.59,11
496982627#3,42428402,8279851428,2,11.18,6.36,11
496982627#4,8279851428,4207150077,2,11.18,13.7,11
496982787#0,42437564,4625620213,3,11.18,6.47,12
496982787#1,4625620213,541467364,3,11.18,68.67,12
496982788,1773063789,42437564,1,11.18,11.82,3
496982789#0,1773063789,4160352403,2,11.18,6.56,12
496982789#1,4160352403,1773063787,2,11.18,45.66,12
496982789#2,1773063787,4202950099,2,11.18,28.61,12
496983396#0,4886239171,3857343079,4,11.18,15.46,11
496983396#1,3857343079,42430308,4,11.18,8.84,11
496983397#0,42430304,3857343080,4,11.18,11.13,11
496983397#1,3857343080,4886239171,4,11.18,50.69,11
496983398#0,4886239172,3857334400,1,13.89,13.7,4
496983398#1,3857334400,42430308,1,13.89,10.62,4
496983399#0,42434946,9965135061,3,13.89,12.07,3
496983399#1,9965135061,6350462399,3,13.89,69.41,3
496983399#2,6350462399,4886239172,3,13.89,205.31000000000003,3
496985155#0,42424137,4918486974,3,22.22,43.78,9
496985155#1,4918486974,42427970,3,22.22,16.41,9
496985713#0,42431503,8307463653,2,11.18,6.07,3
496985713#1,8307463653,8307463791,2,11.18,57.35,3
496985713#2,8307463791,42436427,2,11.18,6.41,3
496985714#0,42435581,8307463710,1,11.18,16.78,3
496985714#1,8307463710,8307463788,1,11.18,95.68,3
496985714#2,8307463788,42436427,1,11.18,11.86,3
496986803#0,42437670,5165644103,2,11.18,13.61,12
496986803#1,5165644103,8261122925,2,11.18,64.64,12
496986803#10,9409760272,5837182318,2,11.18,9.42,12
496986803#11,5837182318,8261122941,2,11.18,30.49,12
496986803#12,8261122941,42443975,2,11.18,7.39,12
496986803#13,42443975,8261122940,2,11.18,10.45,12
496986803#14,8261122940,8288270402,2,11.18,61.77,12
496986803#15,8288270402,42433644,2,11.18,5.56,12
496986803#16,42433644,8288270401,2,11.18,10.02,12
496986803#17,8288270401,8288270408,2,11.18,63.75,12
496986803#18,8288270408,42423885,2,11.18,8.81,12
496986803#2,8261122925,42455735,2,11.18,7.34,12
496986803#3,42455735,8261122924,2,11.18,7.44,12
496986803#4,8261122924,5837182316,2,11.18,27.96,12
496986803#5,5837182316,8261122930,2,11.18,34.71,12
496986803#6,8261122930,42452975,2,11.18,8.23,12
496986803#7,42452975,8261122929,2,11.18,7.56,12
496986803#8,8261122929,9409760260,2,11.18,9.71,12
496986803#9,9409760260,9409760272,2,11.18,13.37,12
496986855#0,42435599,8262308792,1,11.18,13.17,3
496986855#1,8262308792,8429213025,1,11.18,248.47,3
496986855#2,8429213025,42439830,1,11.18,12.77,3
496986905#0,4115878744,10166148200,5,11.18,1.23,12
496986905#1,10166148200,4138911201,5,11.18,7.110000000000001,12
496986969#0,42430384,10171655557,2,27.78,13.52,12
496986969#1,10171655557,3932923797,2,27.78,151.46,12
496986969#2,3932923797,10170842505,2,27.78,95.82,12
496986969#3,10170842505,42440022,2,27.78,13.28,12
496986970#0,42440025,10170842516,3,11.18,10.54,11
496986970#1,10170842516,10170842506,3,11.18,64.51,11
496986970#2,10170842506,42440022,3,11.18,12.79,11
496986996#0,4886266066,8821425914,1,11.18,79.86,3
496986996#1,8821425914,4598752849,1,11.18,6.52,3
496986996#2,4598752849,1919595914,1,11.18,10.31,3
496986997#0,42432063,3314293705,1,11.18,5.88,3
496986997#1,3314293705,4886266066,1,11.18,37.99,3
496986998#0,42432060,3314293703,1,11.18,8.64,3
496986998#1,3314293703,8231901006,1,11.18,31.16,3
496986998#2,8231901006,42432063,1,11.18,6.08,3
496988368#0,4886282363,5296792747,4,11.18,30.5,12
496988368#1,5296792747,42429766,4,11.18,6.28,12
496988369#0,42429766,5296792745,1,11.18,11.19,3
496988369#1,5296792745,4886282364,1,11.18,29.96,3
496989301#0,42431511,8307642209,1,11.18,113.08,3
496989301#1,8307642209,42431508,1,11.18,8.37,3
496989302#0,42455357,8262308734,1,11.18,8.32,3
496989302#1,8262308734,8307642207,1,11.18,54.5,3
496989302#2,8307642207,42431508,1,11.18,6.31,3
496989303#0,1773076513,8821681994,2,11.18,23.74,12
496989303#1,8821681994,1773076514,2,11.18,6.21,12
496989355#0,42440022,10170842507,3,11.18,10.979999999999999,11
496989355#1,10170842507,10170864623,3,11.18,62.21,11
496989355#2,10170864623,42431549,3,11.18,13.270000000000001,11
496989355#3,42431549,10170864624,3,11.18,7.260000000000001,11
496989355#4,10170864624,3463817014,3,11.18,65.91,11
496989355#5,3463817014,42440020,3,11.18,6.02,11
496989355#6,42440020,3463817012,3,11.18,7.71,11
496989355#7,3463817012,3463817010,3,11.18,64.8,11
496989355#8,3463817010,42440015,3,11.18,8.29,11
496989957#0,42452630,8276468452,1,11.18,6.38,3
496989957#1,8276468452,8276468518,1,11.18,63.91,3
496989957#2,8276468518,42444223,1,11.18,8.13,3
496989959#0,42454600,8276468521,2,11.18,4.14,12
496989959#1,8276468521,42421941,2,11.18,73.79,12
496990211,486867534,42429782,1,11.18,18.37,3
496990216#0,486867534,5296792753,4,11.18,69.63,12
496990216#1,5296792753,486867548,4,11.18,7.5,12
496990369#0,42430535,1253070671,1,11.18,11.91,11
496990369#1,1253070671,4625583185,1,11.18,34.98,11
496990369#2,4625583185,9121386338,1,11.18,10.06,11
496990645,3884569931,3884569924,2,11.18,17.29,12
496990647#0,42444049,10168841859,3,27.78,7.54,11
496990647#1,10168841859,10168841840,3,27.78,65.85,11
496990647#2,10168841840,42446977,3,27.78,5.98,11
496990647#3,42446977,10168841844,3,27.78,7.29,11
496990647#4,10168841844,10171649194,3,27.78,63.13,11
496990647#5,10171649194,42446971,3,27.78,8.2,11
496990647#6,42446971,10171649195,3,27.78,7.95,11
496990647#7,10171649195,10168841828,3,27.78,66.28,11
496990647#8,10168841828,42446959,3,27.78,11.18,11
496990648#0,4202958490,10168841830,2,11.18,64.35,12
496990648#1,10168841830,42446959,2,11.18,11.16,12
496992369#0,42436941,8309479667,3,11.18,6.78,12
496992369#1,8309479667,3985008869,3,11.18,69.06,12
496992369#2,3985008869,42440729,3,11.18,11.87,12
496992867#0,42446353,3977886241,1,11.18,12.07,3
496992867#1,3977886241,10165986923,1,11.18,133.93,3
496992867#2,10165986923,42445930,1,11.18,10.45,3
496992868#0,42445930,3977886236,4,11.18,8.05,11
496992868#1,3977886236,9436315352,4,11.18,47.6,11
496993762#0,42445926,10166333037,4,11.18,7.46,11
496993762#1,10166333037,7788529720,4,11.18,65.42,11
496993762#2,7788529720,42438881,4,11.18,7.49,11
496993763#0,42439830,8429213022,1,11.18,11.68,3
496993763#1,8429213022,9507816972,1,11.18,248.99,3
496993763#2,9507816972,42430257,1,11.18,13.32,3
496993765#0,42439830,8429213024,3,11.18,6.25,11
496993765#1,8429213024,8310246389,3,11.18,66.65,11
496993765#2,8310246389,42439826,3,11.18,7.95,11
496993765#3,42439826,8310246390,3,11.18,6.739999999999999,11
496993765#4,8310246390,7956044495,3,11.18,31.76,11
496993920#0,42439826,8310246391,1,11.18,12.51,3
496993920#1,8310246391,8262308757,1,11.18,248.47,3
496993920#2,8262308757,42435598,1,11.18,10.69,3
496995905#0,561042203,11038816109,2,11.18,21.27,12
496995905#1,11038816109,42443804,2,11.18,36.59,12
497002542#0,1773084407,1773084392,1,11.18,8.3,3
497002542#1,1773084392,7977873338,1,11.18,138.37,3
497002542#2,7977873338,42442843,1,11.18,12.11,3
497002544#0,42443513,7977873317,4,11.18,7.1,12
497002544#1,7977873317,4968494266,4,11.18,69.5,12
497002544#2,4968494266,42453601,4,11.18,7.48,12
497154281#0,42428010,6670244829,2,27.78,7.97,11
497154281#1,6670244829,7136749260,2,27.78,19.1,11
497154281#10,6689923815,42428014,2,27.78,7.27,11
497154281#11,42428014,6689923816,2,27.78,7.39,11
497154281#12,6689923816,6689923797,2,27.78,66.95,11
497154281#13,6689923797,42428015,2,27.78,7.58,11
497154281#2,7136749260,7136749255,2,27.78,27.36,11
497154281#3,7136749255,6689923821,2,27.78,19.0,11
497154281#4,6689923821,42428012,2,27.78,7.35,11
497154281#5,42428012,6689923823,2,27.78,7.5,11
497154281#6,6689923823,6689923819,2,27.78,65.87,11
497154281#7,6689923819,42428013,2,27.78,7.58,11
497154281#8,42428013,6689923817,2,27.78,7.59,11
497154281#9,6689923817,6689923815,2,27.78,66.23,11
497165753#0,596775935,10125228005,3,11.18,12.35,12
497165753#1,10125228005,10125228001,3,11.18,65.44,12
497165753#10,10165986945,3977886235,3,11.18,64.18,12
497165753#11,3977886235,596775900,3,11.18,7.97,12
497165753#2,10125228001,596775951,3,11.18,7.330000000000001,12
497165753#3,596775951,10125228006,3,11.18,7.400000000000001,12
497165753#4,10125228006,10125228010,3,11.18,64.63,12
497165753#5,10125228010,596775907,3,11.18,6.68,12
497165753#6,596775907,10168547784,3,11.18,8.3,12
497165753#7,10168547784,10125228012,3,11.18,65.05,12
497165753#8,10125228012,596775919,3,11.18,7.38,12
497165753#9,596775919,10165986945,3,11.18,7.89,12
497165754,596775935,42432834,2,27.78,17.1,12
497165756#0,42436703,3977886231,3,11.18,8.72,12
497165756#1,3977886231,10165986944,3,11.18,64.37,12
497165756#2,10165986944,42456611,3,11.18,7.48,12
497165756#3,42456611,10125228011,3,11.18,7.38,12
497165756#4,10125228011,10168547785,3,11.18,64.73,12
497165756#5,10168547785,42448338,3,11.18,8.48,12
497165756#6,42448338,10125228009,3,11.18,6.5,12
497165756#7,10125228009,10125228007,3,11.18,64.74,12
497165756#8,10125228007,42443613,3,11.18,7.510000000000001,12
497165757#0,42432834,10125227999,2,27.78,11.49,12
497165757#1,10125227999,8950382042,2,27.78,63.62,12
497165757#2,8950382042,10165922696,2,27.78,62.4,12
497165757#3,10165922696,42432847,2,27.78,10.88,12
497191099#0,42432116,8429031608,2,11.18,61.79,11
497191099#1,8429031608,42436353,2,11.18,7.27,11
497250986#0,42435805,5266458371,2,27.78,13.13,11
497250986#1,5266458371,10171508869,2,27.78,65.44,11
497250986#2,10171508869,4888388399,2,27.78,6.52,11
497250989#0,6431058183,10171098626,2,27.78,52.01,11
497250989#1,10171098626,42435794,2,27.78,6.87,11
497250990#0,42435805,5266458369,2,27.78,12.83,12
497250990#1,5266458369,4888388400,2,27.78,54.7,12
497250991#0,4888388400,10171508881,2,27.78,56.16,12
497250991#1,10171508881,42432929,2,27.78,12.35,12
497250991#2,42432929,8225869606,2,27.78,12.51,12
497250991#3,8225869606,10171087499,2,27.78,113.02,12
497250991#4,10171087499,42440144,2,27.78,11.46,12
497251085#0,42449982,10166509665,1,13.89,13.36,3
497251085#1,10166509665,5373594221,1,13.89,35.91,3
497251085#2,5373594221,8112585805,1,13.89,154.58,3
497251085#3,8112585805,42442963,1,13.89,12.19,3
497251085#4,42442963,8112585801,1,13.89,12.3,3
497251085#5,8112585801,6747067555,1,13.89,75.84,3
497251085#6,6747067555,42423752,1,13.89,8.96,3
497251086#0,42449982,10166509666,4,27.78,7.03,12
497251086#1,10166509666,10166171496,4,27.78,65.47,12
497251086#2,10166171496,42429980,4,27.78,6.98,12
497251086#3,42429980,10166171498,4,27.78,8.14,12
497251086#4,10166171498,10166171492,4,27.78,64.3,12
497251086#5,10166171492,42431656,4,27.78,6.95,12
497251086#6,42431656,10166171491,4,27.78,7.36,12
497251086#7,10166171491,10125112352,4,27.78,64.98,12
497251086#8,10125112352,42449985,4,27.78,7.78,12
497252082#0,42438839,7024563821,1,22.22,8.11,10
497252082#1,7024563821,4888361107,1,22.22,63.75,10
497252083#0,42448607,10171865597,1,22.22,9.5,10
497252083#1,10171865597,10170977539,1,22.22,69.87,10
497252083#10,10170977525,5539546683,1,22.22,30.17,10
497252083#11,5539546683,5539546686,1,22.22,64.18,10
497252083#12,5539546686,10171129700,1,22.22,68.62,10
497252083#13,10171129700,42438839,1,22.22,9.05,10
497252083#2,10170977539,42448611,1,22.22,9.08,10
497252083#3,42448611,10170977537,1,22.22,9.01,10
497252083#4,10170977537,10170977530,1,22.22,72.48,10
497252083#5,10170977530,42438246,1,22.22,6.73,10
497252083#6,42438246,10170977532,1,22.22,9.82,10
497252083#7,10170977532,10170977521,1,22.22,145.88,10
497252083#8,10170977521,42434097,1,22.22,7.37,10
497252083#9,42434097,10170977525,1,22.22,7.81,10
497252084,42438839,3898480791,1,22.22,9.13,10
497253396,9906826316,4888399301,1,11.18,32.7,11
497253397,9906826314,9906826315,1,11.18,64.74,11
497253398#0,42428020,6689923789,2,27.78,13.75,11
497253398#1,6689923789,4888399302,2,27.78,45.75,11
497253399#0,42428016,6689923791,2,27.78,7.11,11
497253399#1,6689923791,7102342429,2,27.78,26.31,11
497253399#2,7102342429,6689923787,2,27.78,41.19,11
497253399#3,6689923787,42428020,2,27.78,13.8,11
497258108#0,42430384,10171655555,3,27.78,12.96,11
497258108#1,10171655555,10171655563,3,27.78,65.84,11
497258108#2,10171655563,42430390,3,27.78,9.01,11
497258108#3,42430390,10171655564,3,27.78,9.2,11
497258108#4,10171655564,7830757191,3,27.78,63.99,11
497258108#5,7830757191,42430394,3,27.78,12.229999999999999,11
497258109#0,42430384,10171655554,2,27.78,13.02,12
497258109#1,10171655554,6654368342,2,27.78,89.21,12
497258109#2,6654368342,9971383727,2,27.78,196.12,12
497258109#3,9971383727,42432818,2,27.78,12.23,12
497259111#0,42447182,4970503550,1,11.18,9.91,11
497259111#1,4970503550,4970497091,1,11.18,132.47,11
497259111#10,6216408512,6216541791,1,11.18,55.2,11
497259111#11,6216541791,42450468,1,11.18,13.9,11
497259111#2,4970497091,42450057,1,11.18,13.07,11
497259111#3,42450057,4970497093,1,11.18,12.69,11
497259111#4,4970497093,8267763553,1,11.18,137.8,11
497259111#5,8267763553,6216541785,1,11.18,51.85,11
497259111#6,6216541785,42443068,1,11.18,13.98,11
497259111#7,42443068,6216541817,1,11.18,12.23,11
497259111#8,6216541817,7474630269,1,11.18,29.87,11
497259111#9,7474630269,6216408512,1,11.18,117.35,11
497262700,42429536,2141026534,1,13.89,15.31,3
497262701#0,9153603254,10171603036,3,11.18,35.8,12
497262701#1,10171603036,42429536,3,11.18,8.25,12
497262702#0,42436003,10170605759,2,11.18,6.81,12
497262702#1,10170605759,10170797782,2,11.18,64.76,12
497262702#2,10170797782,42434111,2,11.18,7.89,12
497262775#0,3579432156,7004393039,4,27.78,11.56,12
497262775#1,7004393039,7004393038,4,27.78,64.34,12
497262775#2,7004393038,10170704043,4,27.78,1.37,12
497262775#3,10170704043,1506445808,4,27.78,5.47,12
497262776#0,42428790,7004393037,4,27.78,6.45,12
497262776#1,7004393037,10170704056,4,27.78,64.45,12
497262776#2,10170704056,42428782,4,27.78,11.88,12
497264363#0,3099327972,10171038457,2,27.78,5.94,11
497264363#1,10171038457,4207724577,2,27.78,25.87,11
497264364#0,3099327975,10171038441,2,27.78,7.88,11
497264364#1,10171038441,10171038451,2,27.78,63.97,11
497264364#2,10171038451,3099327972,2,27.78,7.56,11
497264365,42436726,3099327975,1,13.89,14.65,3
497264366#0,42436724,10173043168,1,13.89,10.38,3
497264366#1,10173043168,10171038444,1,13.89,285.76,3
497264366#2,10171038444,42436726,1,13.89,8.01,3
497264367#0,42446203,10171038452,2,27.78,7.52,11
497264367#1,10171038452,10171038442,2,27.78,64.06,11
497264367#2,10171038442,42436726,2,27.78,7.55,11
497403105#0,42441910,7785929591,1,13.89,7.69,3
497403105#1,7785929591,42441913,1,13.89,72.24,3
497403105#2,42441913,7785929612,1,13.89,69.78,3
497403105#3,7785929612,42441926,1,13.89,9.12,3
497403107#0,1506445822,2329939951,2,27.78,12.89,11
497403107#1,2329939951,7785881429,2,27.78,68.29,11
497403107#2,7785881429,1506445797,2,27.78,6.72,11
497403107#3,1506445797,7785881408,2,27.78,6.44,11
497403107#4,7785881408,7785881425,2,27.78,62.83,11
497403107#5,7785881425,42441263,2,27.78,11.85,11
497403108,42441283,5004570651,1,22.22,8.31,6
497498544#0,4137021568,4890553371,2,11.18,14.32,12
497498544#1,4890553371,42434845,2,11.18,14.01,12
497746842#0,42430247,8309479740,1,11.18,12.73,4
497746842#1,8309479740,11062719792,1,11.18,248.88,4
497746842#2,11062719792,42430828,1,11.18,12.77,4
497746843#0,42430247,8309479738,4,11.18,7.47,11
497746843#1,8309479738,8309479750,4,11.18,67.06,11
497746843#2,8309479750,42430249,4,11.18,6.91,11
497746843#3,42430249,8309479749,4,11.18,7.21,11
497746843#4,8309479749,9417767336,4,11.18,40.11,11
497748190#0,42439922,9557088492,2,11.18,6.42,12
497748190#1,9557088492,9075676539,2,11.18,29.01,12
497769952#0,42442836,8821494822,3,11.18,97.90000000000002,12
497769952#1,8821494822,5829779492,3,11.18,6.79,12
497769952#2,5829779492,1773082410,3,11.18,10.51,12
497769953#0,42443127,3927743127,3,11.18,12.76,12
497769953#1,3927743127,42442836,3,11.18,6.400000000000001,12
498635438#0,4900161556,5165666199,3,11.18,10.17,4
498635438#1,5165666199,42430629,3,11.18,13.729999999999999,4
499172074#0,42440951,10610255910,1,13.89,12.19,3
499172074#1,10610255910,3971302314,1,13.89,287.05,3
499172074#10,42440020,3463817013,1,13.89,13.24,3
499172074#11,3463817013,8993169377,1,13.89,77.06,3
499172074#12,8993169377,3463816117,1,13.89,21.57,3
499172074#13,3463816117,42428321,1,13.89,12.58,3
499172074#14,42428321,3463816118,1,13.89,7.9,3
499172074#15,3463816118,4546109662,1,13.89,42.19,3
499172074#16,4546109662,10085037831,1,13.89,87.39,3
499172074#17,10085037831,42435710,1,13.89,13.73,3
499172074#18,42435710,10085037829,1,13.89,13.68,3
499172074#19,10085037829,5357799203,1,13.89,29.85,3
499172074#2,3971302314,42430375,1,13.89,12.73,3
499172074#20,5357799203,10085021939,1,13.89,219.03,3
499172074#21,10085021939,42440960,1,13.89,13.59,3
499172074#22,42440960,10085021936,1,13.89,12.05,3
499172074#23,10085021936,3998699924,1,13.89,249.16,3
499172074#24,3998699924,42440966,1,13.89,11.51,3
499172074#25,42440966,3998699926,1,13.89,13.21,3
499172074#26,3998699926,10084943014,1,13.89,248.1,3
499172074#27,10084943014,42430739,1,13.89,11.99,3
499172074#3,42430375,3971302315,1,13.89,12.83,3
499172074#4,3971302315,2723627045,1,13.89,92.4,3
499172074#5,2723627045,10023117065,1,13.89,8.53,3
499172074#6,10023117065,10003982619,1,13.89,9.58,3
499172074#7,10003982619,1828749423,1,13.89,46.59,3
499172074#8,1828749423,3463817011,1,13.89,91.42,3
499172074#9,3463817011,42440020,1,13.89,11.77,3
500182595,427841071,427841073,2,11.18,16.97,12
500182596#0,427841062,10171326397,2,11.18,6.67,12
500182596#1,10171326397,427841071,2,11.18,41.63,12
500701825,370880731,4916899612,2,11.18,30.03,14
500701826,4149947889,370880729,2,11.18,29.64,14
500717399#0,42428264,10169532526,2,11.18,10.0,11
500717399#1,10169532526,10169505515,2,11.18,141.53,11
500717399#2,10169505515,42439960,2,11.18,13.73,11
500796506#0,42428760,42431121,1,11.18,20.1,3
500796506#1,42431121,9916138280,1,11.18,9.64,3
500796506#2,9916138280,10170704042,1,11.18,124.78,3
500796506#3,10170704042,42432764,1,11.18,5.66,3
500796507#0,7004393049,7004393051,3,27.78,49.20000000000001,12
500796507#1,7004393051,42428760,3,27.78,7.650000000000001,12
501844297#0,42435743,10171241034,1,13.89,13.27,3
501844297#1,10171241034,42446733,1,13.89,126.78,3
501844298#0,42442586,10173250037,1,13.89,14.76,3
501844298#1,10173250037,765233284,1,13.89,99.56,3
501844298#2,765233284,10055110509,1,13.89,64.81,3
501844298#3,10055110509,42446218,1,13.89,8.18,3
501844298#4,42446218,10055110511,1,13.89,8.61,3
501844298#5,10055110511,7260975615,1,13.89,76.54,3
505034229,4274141356,1739872172,1,11.18,59.39,3
505317783#0,42435654,10168381345,1,13.89,12.04,3
505317783#1,10168381345,9583416934,1,13.89,233.14,3
505317789#0,9509518365,7903850296,3,13.89,129.64,3
505317789#1,7903850296,42435657,3,13.89,14.550000000000002,3
505478248#0,4954151929,10050016482,2,27.78,12.61,11
505478248#1,10050016482,7620631148,2,27.78,9.77,11
505582406#0,42435714,10082626063,2,11.18,13.97,12
505582406#1,10082626063,4546351682,2,11.18,67.6,12
505582406#2,4546351682,2698702581,2,11.18,42.93,12
505598707#0,591995273,8307641802,2,11.18,61.12,13
505598707#1,8307641802,42428433,2,11.18,9.39,13
505600307#0,42428179,8569045591,1,11.18,9.41,3
505600307#1,8569045591,9140832085,1,11.18,116.26,3
505600307#2,9140832085,42454378,1,11.18,12.9,3
505600313,42456543,4597668038,1,11.18,10.75,3
505766273#0,4557517552,8262308749,1,11.18,41.6,3
505766273#1,8262308749,4557517550,1,11.18,6.34,3
505772014#0,1773076511,5296795594,2,11.18,17.69,12
505772014#1,5296795594,8821681999,2,11.18,47.67,12
505772014#2,8821681999,8231909723,2,11.18,3.49,12
505772014#3,8231909723,1773076509,2,11.18,5.7,12
505773769#0,4300940094,5173480573,1,11.18,22.09,3
505773769#1,5173480573,42427345,1,11.18,5.76,3
505776502,246647920,373896722,4,13.41,144.53,13
505777310,62915509,62915527,4,13.41,81.5,13
505777313#0,62915525,247119761,4,13.41,9.94,13
505777313#1,247119761,247119786,4,13.41,59.91,13
505777313#2,247119786,62915509,4,13.41,12.51,13
505777317#0,42443570,247119785,4,13.41,13.57,13
505777317#1,247119785,247119760,4,13.41,59.31,13
505777317#2,247119760,42453548,4,13.41,11.86,13
505778913#0,42432847,10165922695,2,27.78,10.59,12
505778913#1,10165922695,5607992554,2,27.78,67.61,12
50603617#0,9971314371,3932847282,3,11.18,78.0,12
50603617#1,3932847282,42445387,3,11.18,10.96,12
50654436,254342293,42425242,1,22.22,270.92,9
506680905,2703228467,2703228521,1,11.18,176.67,4
506680906#0,2703228521,8261122856,2,11.18,20.44,4
506680906#1,8261122856,42427821,2,11.18,13.17,4
507432922#0,370705004,9368522408,1,11.18,4.7,11
507432922#1,9368522408,2821304146,1,11.18,64.28,11
509966327#0,3099327930,9557110323,1,11.18,9.89,3
509966327#1,9557110323,7448765231,1,11.18,33.1,3
509966327#2,7448765231,5522139153,1,11.18,59.24,3
509966327#3,5522139153,5463851654,1,11.18,64.95,3
509966327#4,5463851654,5463851652,1,11.18,21.4,3
509966327#5,5463851652,5463851650,1,11.18,67.56,3
509966327#6,5463851650,5463851648,1,11.18,18.99,3
509966327#7,5463851648,9557110374,1,11.18,17.31,3
509966327#8,9557110374,42456831,1,11.18,11.57,3
511671651,42441299,5004570627,1,22.22,9.03,6
511671652,9513053640,42452276,2,27.78,207.33,11
511671653#0,42441276,7785880658,1,27.78,244.37,11
511671653#1,7785880658,42441283,1,27.78,7.42,11
511671654,5004570651,42441910,1,13.89,15.91,3
511671655,42452276,42441276,1,22.22,8.19,6
511671656,5004570644,42440577,1,22.22,9.41,6
511671657,42441263,5004570630,1,22.22,8.11,6
511671658,5004570631,1506445797,1,22.22,9.0,6
511671659,5004570632,1506445822,1,22.22,9.64,6
511671661#0,42441310,7785881402,1,27.78,22.21,11
511671661#1,7785881402,5004570638,1,27.78,53.39,11
511671661#2,5004570638,5004570627,1,27.78,7.76,11
511671661#3,5004570627,7785881424,1,27.78,8.81,11
511671661#4,7785881424,5004570628,1,27.78,160.95,11
511671661#5,5004570628,9166175593,1,27.78,154.93,11
511671661#6,9166175593,5004570651,1,27.78,6.64,11
511671662#0,42452276,7785881417,2,27.78,15.84,11
511671662#1,7785881417,5004570643,2,27.78,53.4,11
511671662#2,5004570643,7785881423,2,27.78,69.72,11
511671662#3,7785881423,5004570644,2,27.78,8.86,11
511671662#4,5004570644,7785782249,2,27.78,9.77,11
511671662#5,7785782249,5004570645,2,27.78,62.69,11
511671662#6,5004570645,5004570630,2,27.78,9.6,11
511671663#0,42441283,9166175594,2,27.78,6.52,11
511671663#1,9166175594,42441295,2,27.78,152.25,11
511671663#2,42441295,7785881397,2,27.78,163.46,11
511671663#3,7785881397,42441299,2,27.78,8.91,11
511671663#4,42441299,42441303,2,27.78,7.9,11
511671663#5,42441303,42441308,2,27.78,41.45,11
511671666#0,5004570652,5004570633,2,27.78,134.41,11
511671666#1,5004570633,9518268096,2,27.78,91.91,11
511671666#2,9518268096,5004570653,2,27.78,6.72,11
511671667#0,5004570653,9518268105,2,27.78,7.52,11
511671667#1,9518268105,7785782263,2,27.78,55.22,11
511671667#2,7785782263,7620540917,2,27.78,11.82,11
511671668#0,42441254,9518268099,2,27.78,5.9,11
511671668#1,9518268099,5004570634,2,27.78,93.08,11
511671668#2,5004570634,2329912061,2,27.78,134.17,11
511673770,595314036,3579426874,1,13.89,192.72,3
511699175#0,42452353,3944708048,3,27.78,7.48,11
511699175#1,3944708048,3944708046,3,27.78,64.93,11
511699175#2,3944708046,42434072,3,27.78,7.06,11
511699176#0,42443810,10125247891,2,11.18,8.17,11
511699176#1,10125247891,3955372308,2,11.18,67.81,11
511699176#2,3955372308,42444043,2,11.18,12.08,11
511699178,10125247902,42445917,2,11.18,42.97,3
511699179,3639382769,42443807,1,13.89,78.02,3
511699181#0,42445916,3955360025,4,11.18,11.59,11
511699181#1,3955360025,8937823540,4,11.18,47.12,11
511699182#0,42445914,10166333017,4,27.78,6.67,11
511699182#1,10166333017,3955360014,4,27.78,64.03,11
511699182#2,3955360014,42432438,4,27.78,7.06,11
511699182#3,42432438,3955360017,4,27.78,8.3,11
511699182#4,3955360017,3955360020,4,27.78,64.06,11
511699182#5,3955360020,42445916,4,27.78,13.01,11
511699183#0,42437358,3826754271,2,11.18,13.53,12
511699183#1,3826754271,1289222420,2,11.18,133.79,12
511699183#2,1289222420,1289222431,2,11.18,118.43,12
511699183#3,1289222431,8375523265,2,11.18,32.23,12
511699183#4,8375523265,42430333,2,11.18,14.45,12
511699184#0,42454428,3942050702,4,27.78,7.97,11
511699184#1,3942050702,10166333082,4,27.78,68.03,11
511699184#2,10166333082,42437358,4,27.78,10.77,11
511699185#0,42437358,3942050698,5,11.18,11.58,11
511699185#1,3942050698,7826843770,5,11.18,64.46,11
511699185#2,7826843770,42432436,5,11.18,9.01,11
511755381#0,42435650,8660596982,2,11.18,13.26,11
511755381#1,8660596982,7648640949,2,11.18,208.62,11
511755381#2,7648640949,10308291149,2,11.18,11.0,11
511905952#0,5161246307,588455865,2,15.65,25.55,13
511905952#1,588455865,588455736,2,15.65,43.42,13
511924053#0,42436714,10121802256,3,11.18,14.199999999999998,11
511924053#1,10121802256,10621813777,3,11.18,143.68,11
511924053#2,10621813777,6175849566,3,11.18,59.64000000000001,11
511924053#3,6175849566,42436710,3,11.18,13.1,11
511924978#0,596775870,42459098,2,27.78,16.88,11
511924978#1,42459098,3977886196,2,27.78,10.22,11
511924978#2,3977886196,3977886190,2,27.78,128.01,11
511924978#3,3977886190,42446991,2,27.78,10.75,11
511930973#0,3099327955,9559444360,3,27.78,11.32,11
511930973#1,9559444360,7132743058,3,27.78,34.94,11
511930974#0,42434361,9559408301,2,27.78,7.16,11
511930974#1,9559408301,4205440402,2,27.78,44.34,11
511930975,42453258,3099327955,2,11.18,14.78,10
511973084#0,42442891,8119192814,1,11.18,12.5,3
511973084#1,8119192814,9968663366,1,11.18,166.18,3
513746101#0,42432756,10166004026,3,27.78,7.989999999999999,12
513746101#1,10166004026,10165989508,3,27.78,64.06,12
513746101#2,10165989508,42442565,3,27.78,7.37,12
513746101#3,42442565,10165989507,3,27.78,8.12,12
513746101#4,10165989507,8856061690,3,27.78,53.19,12
515879032#0,42444479,7685185609,1,11.18,10.98,3
515879032#1,7685185609,9939135572,1,11.18,24.31,3
515879032#2,9939135572,7687295646,1,11.18,6.39,3
515879032#3,7687295646,9939135578,1,11.18,11.94,3
515879032#4,9939135578,9939135577,1,11.18,5.21,3
515879032#5,9939135577,7335430608,1,11.18,41.24,3
515879032#6,7335430608,42444480,1,11.18,7.44,3
515879035#0,42431889,7706695193,1,11.18,11.66,3
515879035#1,7706695193,42444360,1,11.18,81.32,3
515879035#2,42444360,7706695204,1,11.18,24.63,3
515879035#3,7706695204,42444355,1,11.18,9.02,3
515879040#0,42444355,7335430610,2,11.18,7.23,3
515879040#1,7335430610,7685162940,2,11.18,67.16,3
516664206#0,42436316,246882231,4,13.41,66.01,13
516664206#1,246882231,42440918,4,13.41,11.85,13
516664207#0,246890279,246882133,3,13.410000000000002,10.800000000000002,13
516664207#1,246882133,246882203,3,13.410000000000002,51.85,13
516664207#2,246882203,246890098,3,13.410000000000002,10.35,13
516664208,42440918,246890098,2,11.18,19.57,12
516664210#0,4207143418,246891303,4,13.41,12.24,13
516664210#1,246891303,42436316,4,13.41,135.26,13
517694719,5051482018,4379966535,1,13.89,30.91,4
517694722,1205714910,1205715025,1,13.89,12.13,4
517694723,1205714863,5051482020,1,13.89,15.27,4
517827497#0,1205714910,9338511508,1,13.89,20.45,4
517827497#1,9338511508,8026940317,1,13.89,159.76,4
517827497#2,8026940317,42434514,1,13.89,37.9,4
517827497#3,42434514,8026940326,1,13.89,6.83,4
517827497#4,8026940326,42434516,1,13.89,12.01,4
517827497#5,42434516,3808464456,1,13.89,3.55,4
517827498,1205715025,9338511504,1,13.89,25.9,4
517828952,2075600884,2075596384,1,13.89,31.14,3
518451322#0,42446941,10168825890,4,11.18,9.0,11
518451322#1,10168825890,10171137629,4,11.18,64.02,11
518451322#2,10171137629,42434954,4,11.18,8.81,11
518451327#0,42434962,9987340018,3,11.18,9.22,3
518451327#1,9987340018,9987340017,3,11.18,62.04999999999999,3
518451327#2,9987340017,42434959,3,11.18,13.69,3
518451327#3,42434959,10168207094,3,11.18,13.82,3
518451327#4,10168207094,10171137631,3,11.18,131.8,3
518451327#5,10171137631,42434954,3,11.18,10.57,3
518451332#0,5057315765,10168825884,3,11.18,41.43,11
518451332#1,10168825884,42446941,3,11.18,11.589999999999998,11
519705722#0,3308681118,3308681117,1,11.18,171.25,11
519705722#1,3308681117,42430736,1,11.18,16.29,11
520349854#0,5071822871,9561229779,2,27.78,82.33,12
520349854#1,9561229779,42429228,2,27.78,3.42,12
520349854#10,9561208958,7046318553,2,27.78,18.98,12
520349854#11,7046318553,42429244,2,27.78,53.8,12
520349854#12,42429244,1544809886,2,27.78,54.26,12
520349854#2,42429228,9561229782,2,27.78,14.51,12
520349854#3,9561229782,9561209010,2,27.78,74.21,12
520349854#4,9561209010,42429231,2,27.78,4.24,12
520349854#5,42429231,9561209009,2,27.78,12.79,12
520349854#6,9561209009,42429236,2,27.78,73.73,12
520349854#7,42429236,9561208959,2,27.78,86.23,12
520349854#8,9561208959,42429242,2,27.78,10.31,12
520349854#9,42429242,9561208958,2,27.78,13.17,12
520532096#0,1272562931,1272562778,1,11.18,6.62,11
520532096#1,1272562778,6793645469,1,11.18,104.8,11
521358279,5079840928,486859051,4,15.65,531.14,14
521358282,5079840929,3630219668,1,11.18,15.65,9
521358284,3785707059,9968370327,2,15.65,1223.42,14
524361790,42422283,278609934,2,11.18,15.52,12
524363437#0,42448469,5708185439,1,11.18,11.16,11
524363437#1,5708185439,42448483,1,11.18,17.16,11
524363437#2,42448483,4158673495,1,11.18,43.42,11
524382712,1919595921,42440401,1,11.18,14.04,10
524387550#0,1918039904,5829779519,3,11.18,10.13,12
524387550#1,5829779519,10798825171,3,11.18,71.46,12
524387551#0,42432308,5829779501,4,11.18,7.28,12
524387551#1,5829779501,5829779509,4,11.18,54.27,12
524387551#2,5829779509,42435491,4,11.18,5.59,12
524387551#3,42435491,5829779524,4,11.18,6.41,12
524387551#4,5829779524,5829779533,4,11.18,20.3,12
524387551#5,5829779533,42445511,4,11.18,10.58,12
524388531#0,42457319,5829827197,1,11.18,11.28,3
524388531#1,5829827197,5799463409,1,11.18,10.84,3
524388531#2,5799463409,10040606324,1,11.18,42.13,3
524388532#0,42457319,5829927766,3,11.18,8.22,12
524388532#1,5829927766,4202908171,3,11.18,20.98,12
524394634#0,42437962,5043084240,2,11.18,8.75,12
524394634#1,5043084240,3212698628,2,11.18,94.58,12
524394634#2,3212698628,42432105,2,11.18,5.61,12
524394634#3,42432105,3212698623,2,11.18,7.15,12
524394634#4,3212698623,8918973662,2,11.18,33.35,12
524395516,486868873,3212472843,2,11.18,16.87,12
524395517#0,486868873,5296795754,3,11.18,7.46,12
524395517#1,5296795754,8821681990,3,11.18,53.580000000000005,12
524395517#2,8821681990,8307642251,3,11.18,4.46,12
524395517#3,8307642251,42429645,3,11.18,5.61,12
524558206#0,561035361,9703359673,2,27.78,13.24,12
524558206#1,9703359673,561035362,2,27.78,71.38,12
524558206#2,561035362,561035363,2,27.78,79.44,12
524558206#3,561035363,561035364,2,27.78,79.22,12
524558206#4,561035364,561035365,2,27.78,79.48,12
524558206#5,561035365,561035366,2,27.78,78.68,12
524558206#6,561035366,561035367,2,27.78,78.27,12
524558206#7,561035367,561035368,2,27.78,79.53,12
524558207,561035361,42428931,2,11.18,19.62,11
524569306#0,627905367,7004416674,3,27.78,7.06,12
524569306#1,7004416674,7004416676,3,27.78,67.05,12
524569306#2,7004416676,1506445762,3,27.78,12.32,12
524569313#0,42428833,7004416672,1,13.89,10.45,3
524569313#1,7004416672,7785881390,1,13.89,172.98,3
524569313#2,7785881390,5004570631,1,13.89,9.66,3
524569322#0,42428833,7004416670,4,27.78,7.64,12
524569322#1,7004416670,10168673726,4,27.78,65.37,12
524569322#2,10168673726,42428814,4,27.78,7.38,12
524569322#3,42428814,7004372897,4,27.78,6.72,12
524569322#4,7004372897,7004385803,4,27.78,65.01,12
524569322#5,7004385803,42428807,4,27.78,8.51,12
524610937#0,6133374846,4561414164,2,11.18,44.16,12
524610937#1,4561414164,42453902,2,11.18,9.0,12
524610938#0,42453902,4561414146,1,11.18,12.26,3
524610938#1,4561414146,7139624461,1,11.18,38.67,3
524610938#2,7139624461,42452700,1,11.18,6.26,3
524610938#3,42452700,7139624423,1,11.18,7.24,3
524610938#4,7139624423,4561414008,1,11.18,66.97,3
524610938#5,4561414008,42444230,1,11.18,8.0,3
524816751#0,42431611,7439027752,1,11.18,10.71,3
524816751#1,7439027752,7410938053,1,11.18,103.8,3
524816751#2,7410938053,42431614,1,11.18,10.97,3
524817693#0,42452817,8312361657,3,11.18,7.3,11
524817693#1,8312361657,8312361650,3,11.18,64.57,11
524817693#2,8312361650,42448171,3,11.18,6.010000000000001,11
524817694#0,42452817,8312361656,1,11.18,11.67,3
524817694#1,8312361656,4501889866,1,11.18,80.07,3
524817694#2,4501889866,4501889865,1,11.18,22.8,3
524817694#3,4501889865,4501889863,1,11.18,11.92,3
524817694#4,4501889863,8307637699,1,11.18,33.72,3
524817694#5,8307637699,42428411,1,11.18,10.03,3
525033953#0,42432201,8262308447,1,11.18,63.68,11
525033953#1,8262308447,42430828,1,11.18,17.75,11
525036089#0,42442788,3783073181,2,11.18,9.33,12
525036089#1,3783073181,10606979717,2,11.18,61.42,12
525036089#2,10606979717,42446398,2,11.18,8.09,12
525036090,370893396,42442788,1,11.18,12.43,3
525038147#0,42444271,5362212152,2,11.18,7.54,12
525038147#1,5362212152,4985377332,2,11.18,68.83,12
525038147#2,4985377332,42440270,2,11.18,11.27,12
525656841#0,42444424,7138157367,1,11.18,5.54,11
525656841#1,7138157367,7138157368,1,11.18,70.62,11
525656841#2,7138157368,6262915548,1,11.18,5.92,11
525656842#0,42454798,4985377341,1,11.18,10.86,11
525656842#1,4985377341,4985377346,1,11.18,74.7,11
525656842#2,4985377346,42444424,1,11.18,6.82,11
525656847#0,42454798,4985377344,2,11.18,7.63,12
525656847#1,4985377344,8276468599,2,11.18,72.24,12
525656847#2,8276468599,42429844,2,11.18,6.47,12
525656852#0,42427251,4985377342,2,11.18,30.1,12
525656852#1,4985377342,42454798,2,11.18,7.67,12
525658419#0,42440350,7139624398,2,11.18,10.17,12
525658419#1,7139624398,42427251,2,11.18,67.72,12
525667715#0,561035353,10177688693,3,27.78,8.64,12
525667715#1,10177688693,10168100457,3,27.78,63.91,12
525667715#2,10168100457,561035354,3,27.78,7.77,12
525667716#0,42428912,10177688692,2,27.78,5.77,12
525667716#1,10177688692,10170977570,2,27.78,66.66,12
525667716#2,10170977570,561035351,2,27.78,6.06,12
525667717#0,42441947,10168100435,1,13.89,7.19,3
525667717#1,10168100435,10168100439,1,13.89,182.99,3
525667717#2,10168100439,561035351,1,13.89,8.84,3
525667718#0,561035350,10170977566,1,13.89,11.66,3
525667718#1,10170977566,7709922531,1,13.89,125.9,3
525667718#2,7709922531,10170977574,1,13.89,118.56,3
525667718#3,10170977574,42442604,1,13.89,13.36,3
525667719#0,561035349,10168100428,3,27.78,11.87,12
525667719#1,10168100428,10170977564,3,27.78,65.37,12
525667719#2,10170977564,561035350,3,27.78,6.739999999999999,12
525667720#0,561035351,10170977563,3,27.78,6.56,12
525667720#1,10170977563,10168100427,3,27.78,65.4,12
525667720#2,10168100427,42428892,3,27.78,11.88,12
525698215#0,42433545,3212472629,1,11.18,11.21,11
525698215#1,3212472629,42457821,1,11.18,10.26,11
525701044,685164631,42439323,1,11.18,15.64,3
525727824,4298764915,9141016318,1,11.18,86.01,10
525729008#0,42437363,6597464529,2,11.18,11.63,12
525729008#1,6597464529,10691086260,2,11.18,121.46,12
525729008#2,10691086260,5651033419,2,11.18,8.73,12
525729008#3,5651033419,10691086259,2,11.18,9.79,12
525729008#4,10691086259,9235539540,2,11.18,109.84,12
525729008#5,9235539540,42435663,2,11.18,12.87,12
525729009#0,42437368,9535571855,5,27.78,10.92,12
525729009#1,9535571855,7903850298,5,27.78,53.779999999999994,12
525729009#2,7903850298,42445001,5,27.78,12.36,12
525729010#0,42444991,7903850295,5,27.78,8.79,12
525729010#1,7903850295,10585863295,5,27.78,37.23,12
525760564,588546882,1772136810,1,11.18,11.85,3
525768549#0,42436578,10166167525,1,11.18,8.85,3
525768549#1,10166167525,10166167592,1,11.18,131.95,3
525768549#2,10166167592,42436582,1,11.18,11.48,3
525768550#0,4597668029,10166167523,3,11.18,6.419999999999999,12
525768550#1,10166167523,10166167538,3,11.18,64.99,12
525768550#2,10166167538,4597668041,3,11.18,11.82,12
525854245#0,42435957,9557110354,2,27.78,7.87,11
525854245#1,9557110354,4205440406,2,27.78,38.06,11
526503345#0,983501181,7477074114,1,11.18,116.32,4
526503345#1,7477074114,1251908574,1,11.18,2.54,4
526503346#0,5119807674,9369021510,1,11.18,3.57,11
526503346#1,9369021510,8262309667,1,11.18,83.62,11
526503346#2,8262309667,42448469,1,11.18,10.38,11
526571477,9971262467,4763900906,3,11.18,29.05,11
526839039#0,10309272445,42434420,1,11.18,5.65,3
526839039#1,42434420,7138157379,1,11.18,46.93,3
526839039#2,7138157379,42422053,1,11.18,6.03,3
526839040#0,42440343,8281922147,1,11.18,5.98,3
526839040#1,8281922147,8281922089,1,11.18,106.82,3
526839040#2,8281922089,42440282,1,11.18,5.94,3
528748997#0,42443612,5995346751,2,13.89,51.13,3
528748997#1,5995346751,7248586387,2,13.89,12.67,3
528748997#10,42443614,10165922683,2,13.89,10.43,3
528748997#11,10165922683,10125255945,2,13.89,132.34,3
528748997#12,10125255945,42443615,2,13.89,8.8,3
528748997#2,7248586387,8914958309,2,13.89,21.37,3
528748997#3,8914958309,5995346750,2,13.89,28.7,3
528748997#4,5995346750,10125228002,2,13.89,22.57,3
528748997#5,10125228002,596775951,2,13.89,10.36,3
528748997#6,596775951,42443613,2,13.89,16.58,3
528748997#7,42443613,10125228003,2,13.89,11.12,3
528748997#8,10125228003,10165922686,2,13.89,127.26,3
528748997#9,10165922686,42443614,2,13.89,10.4,3
528755493#0,5137747688,5137714777,1,13.89,21.41,4
528755493#1,5137714777,5137743341,1,13.89,118.32,4
528759347,387184988,42439191,3,11.18,17.14,12
528792681#0,7147636389,9142398640,2,11.18,16.98,12
528792681#1,9142398640,5137978706,2,11.18,3.18,12
528792681#2,5137978706,5145531517,2,11.18,10.48,12
528792682#0,5137978709,3686061914,2,11.18,36.98,12
528792682#1,3686061914,387184988,2,11.18,4.14,12
529713036#0,5145330172,5481972112,1,11.18,11.92,4
529713036#1,5481972112,5481972118,1,11.18,39.8,4
529713036#2,5481972118,5481972134,1,11.18,14.75,4
529713036#3,5481972134,5481972120,1,11.18,2.35,4
529713036#4,5481972120,5481972131,1,11.18,17.48,4
529713036#5,5481972131,5481972122,1,11.18,10.1,4
529713036#6,5481972122,5481972125,1,11.18,22.01,4
531546246,4477147271,4506716195,2,15.65,23.33,8
532047247,5163687759,6795524072,1,13.89,28.12,3
533394975#0,42437118,4300994823,1,13.89,11.61,3
533394975#1,4300994823,8310245796,1,13.89,12.45,3
533394975#2,8310245796,5174867983,1,13.89,34.56,3
533464384,42457925,42457940,1,11.18,95.81,12
533472709,486819535,8866501398,1,13.41,3.41,13
533472710,42423640,278608718,1,22.22,233.69,9
533472943#0,4158749895,11037188688,1,11.18,95.4,11
533472943#1,11037188688,5753702311,1,11.18,26.01,11
534878087,5186208518,371037281,1,11.18,49.93,3
534878088,5186208519,5186208518,1,11.18,26.71,3
536917118#0,42444424,7138157347,1,11.18,7.62,3
536917118#1,7138157347,42434418,1,11.18,41.61,3
536917119#0,42427249,4985377345,1,11.18,32.22,3
536917119#1,4985377345,42444424,1,11.18,7.38,3
536917120#0,42430848,4985377327,1,11.18,35.72,3
536917120#1,4985377327,42440280,1,11.18,10.31,3
536919687#0,5200192560,8276468752,1,11.18,32.22,3
536919687#1,8276468752,42431889,1,11.18,11.69,3
537122095#0,589927878,589927879,1,22.22,201.23,10
537122095#1,589927879,5890746369,1,22.22,119.8,10
537122095#2,5890746369,589927880,1,22.22,11.38,10
538794277,42444581,9243746438,1,22.22,75.25,9
538797143,8316781085,60921167,1,22.22,21.46,9
538831851#0,60926787,60926791,2,22.22,98.75,9
538831851#1,60926791,60926796,2,22.22,166.22,9
538832653,60928608,60918736,1,22.22,135.03,9
538833042,60928135,8862642719,2,22.22,22.63,9
538833771,60927487,60927894,1,22.22,41.33,9
538834595,60928599,595441951,2,22.22,97.1,9
539018144,371034158,1775176474,2,27.78,123.54,13
539024459#0,42452015,4890633707,1,11.18,11.62,3
539024459#1,4890633707,42439551,1,11.18,70.71,3
539024459#2,42439551,4890633710,1,11.18,5.01,3
539024459#3,4890633710,5216470727,1,11.18,11.22,3
539024459#4,5216470727,4890633699,1,11.18,12.77,3
539024459#5,4890633699,8231935502,1,11.18,42.11,3
539024459#6,8231935502,42436763,1,11.18,5.95,3
539024459#7,42436763,8231935499,1,11.18,6.4,3
539024459#8,8231935499,8231935508,1,11.18,53.18,3
539024459#9,8231935508,42452026,1,11.18,9.04,3
539024460#0,3788379733,2151385507,4,11.18,25.93,12
539024460#1,2151385507,42430136,4,11.18,20.28,12
539024460#2,42430136,5216470728,4,11.18,79.04,12
539024460#3,5216470728,5216470727,4,11.18,10.47,12
539024460#4,5216470727,5216470316,4,11.18,6.37,12
539024460#5,5216470316,4890633706,4,11.18,58.12,12
539024460#6,4890633706,42430143,4,11.18,11.71,12
540356239#0,42442913,3929403851,1,11.18,13.92,3
540356239#1,3929403851,3841324404,1,11.18,154.74,3
540356239#10,8119462513,3786901738,1,11.18,8.7,3
540356239#2,3841324404,4234425055,1,11.18,35.4,3
540356239#3,4234425055,42449928,1,11.18,13.68,3
540356239#4,42449928,4234425008,1,11.18,13.82,3
540356239#5,4234425008,8133342855,1,11.18,130.64,3
540356239#6,8133342855,42446935,1,11.18,10.61,3
540356239#7,42446935,8133342852,1,11.18,11.6,3
540356239#8,8133342852,3847026393,1,11.18,53.91,3
540356239#9,3847026393,8119462513,1,11.18,75.77,3
541059722,42424347,42424354,2,11.18,25.07,14
541329572#0,42439286,9627931661,1,11.18,12.45,3
541329572#1,9627931661,3874653359,1,11.18,119.55,3
541329577,42439295,11049420899,1,11.18,17.32,3
541330444#0,42443671,7781138516,1,11.18,11.96,3
541330444#1,7781138516,7781139546,1,11.18,285.52,3
541330444#2,7781139546,42430265,1,11.18,11.96,3
541331485#0,42445936,10165986951,2,27.78,11.98,11
541331485#1,10165986951,10125228013,2,27.78,123.9,11
541331485#2,10125228013,10165986946,2,27.78,0.84,11
541331485#3,10165986946,596775919,2,27.78,10.77,11
541331866#0,42430052,10173250693,1,13.89,11.06,3
541331866#1,10173250693,7785624674,1,13.89,134.96,3
541331866#2,7785624674,42430050,1,13.89,8.83,3
541331867#0,596776046,10125222327,1,13.89,10.66,3
541331867#1,10125222327,10173250690,1,13.89,124.41,3
541331867#2,10173250690,42430052,1,13.89,10.71,3
541331937#0,42447174,6248342686,1,13.89,7.82,3
541331937#1,6248342686,6221717887,1,13.89,133.5,3
541331937#2,6221717887,42450048,1,13.89,12.68,3
541332223#0,42436604,7779641276,1,11.18,9.73,3
541332223#1,7779641276,4969073758,1,11.18,133.61,3
541332223#2,4969073758,42436610,1,11.18,12.07,3
541336911#0,42436184,4207000392,1,11.18,85.66,3
541336911#1,4207000392,42436181,1,11.18,5.47,3
541345307#0,42440287,8281922129,1,11.18,5.89,3
541345307#1,8281922129,8262936603,1,11.18,120.15,3
541345307#2,8262936603,11051616153,1,11.18,3.97,3
541345307#3,11051616153,42428385,1,11.18,9.36,3
541346245#0,4143851144,8304498310,1,11.18,7.48,3
541346245#1,8304498310,8434926581,1,11.18,54.6,3
541346246#0,42448146,8307641771,1,11.18,51.89,3
541346246#1,8307641771,42428420,1,11.18,9.71,3
541346246#2,42428420,8307641768,1,11.18,8.51,3
541346246#3,8307641768,42432623,1,11.18,53.62,3
541346246#4,42432623,591567288,1,11.18,10.26,3
541346246#5,591567288,7132560110,1,11.18,63.38,3
541346246#6,7132560110,42445479,1,11.18,10.72,3
541350711#0,42430375,10173346247,3,27.78,6.580000000000001,11
541350711#1,10173346247,10171655538,3,27.78,64.58,11
541350711#2,10171655538,42430378,3,27.78,7.239999999999999,11
541350711#3,42430378,10171655537,3,27.78,8.78,11
541350711#4,10171655537,10171655556,3,27.78,65.17,11
541350711#5,10171655556,42430384,3,27.78,11.88,11
541351705#0,42434954,10171137625,4,11.18,8.78,11
541351705#1,10171137625,8842019586,4,11.18,49.02,11
541442319#0,42428978,8767474530,2,27.78,8.75,12
541442319#1,8767474530,2499802993,2,27.78,42.57,12
541442319#2,2499802993,6861072080,2,27.78,6.4,12
541442319#3,6861072080,8344404001,2,27.78,11.94,12
541442319#4,8344404001,2499802991,2,27.78,11.97,12
541442319#5,2499802991,9566927307,2,27.78,60.42,12
541442319#6,9566927307,42428975,2,27.78,11.01,12
541442320#0,42428978,9566927269,1,22.22,9.35,10
541442320#1,9566927269,2869154600,1,22.22,80.08,10
541442320#2,2869154600,2869155512,1,22.22,27.92,10
541442320#3,2869155512,9566927312,1,22.22,107.46,10
541442320#4,9566927312,42427136,1,22.22,9.23,10
541442321#0,42428975,9566927308,2,27.78,6.04,12
541442321#1,9566927308,8767474549,2,27.78,69.99,12
541442321#2,8767474549,42428973,2,27.78,11.19,12
541442322#0,42433030,9566997285,1,11.18,10.11,11
541442322#1,9566997285,9566997290,1,11.18,62.83,11
541442322#2,9566997290,42432228,1,11.18,5.45,11
541442322#3,42432228,9566997291,1,11.18,9.19,11
541442322#4,9566997291,2499757484,1,11.18,60.16,11
541442322#5,2499757484,42433035,1,11.18,9.92,11
541442323,42428975,561035381,1,13.89,18.33,3
542096278#0,42445378,3932847288,2,11.18,13.88,12
542096278#1,3932847288,3934635613,2,11.18,75.77,12
542096278#2,3934635613,8119462454,2,11.18,55.11,12
542096278#3,8119462454,42445374,2,11.18,10.45,12
542096279#0,42445365,8133342861,4,11.18,10.73,11
542096279#1,8133342861,10173357081,4,11.18,67.34,11
542096279#2,10173357081,42434948,4,11.18,8.96,11
542096280#0,2779131559,8261123380,2,11.18,34.97,12
542096280#1,8261123380,42434427,2,11.18,13.0,12
542213933#0,42443341,8997530525,1,13.89,15.24,3
542213933#1,8997530525,7784867895,1,13.89,248.93,3
542213933#2,7784867895,42435283,1,13.89,11.42,3
542215780#0,42433564,7784867914,2,11.18,7.0,11
542215780#1,7784867914,3392519877,2,11.18,67.23,11
542215780#2,3392519877,42435308,2,11.18,6.45,11
542215780#3,42435308,3392519876,2,11.18,8.01,11
542215780#4,3392519876,7784867926,2,11.18,65.31,11
542215780#5,7784867926,42421800,2,11.18,7.19,11
542215780#6,42421800,7784867925,2,11.18,8.26,11
542215780#7,7784867925,7784826631,2,11.18,65.98,11
542215780#8,7784826631,42424851,2,11.18,6.46,11
542215781#0,42435275,7106318843,2,11.18,10.89,11
542215781#1,7106318843,6909727929,2,11.18,68.75,11
542215781#10,7784867900,7784867908,2,11.18,67.37,11
542215781#11,7784867908,42435301,2,11.18,6.56,11
542215781#12,42435301,7784867907,2,11.18,7.5,11
542215781#13,7784867907,7104620813,2,11.18,68.13,11
542215781#14,7104620813,42424225,2,11.18,9.65,11
542215781#2,6909727929,42432556,2,11.18,6.17,11
542215781#3,42432556,7784867886,2,11.18,5.67,11
542215781#4,7784867886,7784867894,2,11.18,69.34,11
542215781#5,7784867894,42435283,2,11.18,6.93,11
542215781#6,42435283,7784867893,2,11.18,6.41,11
542215781#7,7784867893,7784867901,2,11.18,66.66,11
542215781#8,7784867901,42435295,2,11.18,7.1,11
542215781#9,42435295,7784867900,2,11.18,7.0,11
542215989#0,42432558,9547735993,1,13.89,11.29,3
542215989#1,9547735993,5115917334,1,13.89,249.5,3
542215989#2,5115917334,42432564,1,13.89,10.35,3
542216186#0,42443346,9001499678,1,13.89,10.95,3
542216186#1,9001499678,7784867909,1,13.89,250.17,3
542216186#2,7784867909,42435301,1,13.89,11.36,3
542216647#0,42433565,10039972335,1,13.89,13.6,3
542216647#1,10039972335,7784867916,1,13.89,249.18,3
542216647#2,7784867916,42433564,1,13.89,11.13,3
542216791#0,42435308,3392519875,1,13.89,11.08,3
542216791#1,3392519875,10039972354,1,13.89,249.3,3
542216791#2,10039972354,42437300,1,13.89,13.18,3
542216919#0,42421803,10042554913,1,13.89,13.18,3
542216919#1,10042554913,7784867927,1,13.89,249.39,3
542216919#2,7784867927,42421800,1,13.89,11.13,3
542216998#0,42424851,7784826632,1,13.89,11.52,3
542216998#1,7784826632,10042551415,1,13.89,248.63,3
542216998#2,10042551415,42443349,1,13.89,14.4,3
542225570,42442621,42443659,1,13.89,84.47,3
542255948#0,42435645,8660596945,1,11.18,13.42,4
542255948#1,8660596945,5175213278,1,11.18,167.89,4
542255948#2,5175213278,6878240311,1,11.18,37.92,4
542255948#3,6878240311,5175213297,1,11.18,42.2,4
542255948#4,5175213297,42444960,1,11.18,15.55,4
542256188,42434429,427842070,2,11.18,24.25,11
542257008#0,42433620,10168381341,1,13.89,13.95,3
542257008#1,10168381341,10169532567,1,13.89,248.06,3
542257008#2,10169532567,42433611,1,13.89,12.09,3
542257009#0,42428268,4707471833,1,13.89,14.96,3
542257009#1,4707471833,10169532601,1,13.89,104.97,3
542257009#2,10169532601,42430317,1,13.89,13.19,3
542257009#3,42430317,10169532598,1,13.89,12.64,3
542257009#4,10169532598,5846916769,1,13.89,41.65,3
542257009#5,5846916769,5846916775,1,13.89,164.67,3
542257009#6,5846916775,5846916773,1,13.89,5.96,3
542257009#7,5846916773,5846916776,1,13.89,28.83,3
542257009#8,5846916776,9965135082,1,13.89,45.71,3
542257009#9,9965135082,42433604,1,13.89,12.05,3
542257430#0,42435657,9538820167,4,27.78,8.88,11
542257430#1,9538820167,9538820162,4,27.78,62.04,11
542257430#2,9538820162,42435660,4,27.78,7.62,11
542257982#0,42439964,10169532542,1,13.89,12.34,3
542257982#1,10169532542,10168381348,1,13.89,250.63,3
542257982#2,10168381348,42435654,1,13.89,11.41,3
542258060#0,42435657,9538820166,1,13.89,13.66,3
542258060#1,9538820166,10169532534,1,13.89,247.81,3
542258060#2,10169532534,42439968,1,13.89,12.41,3
542258061#0,42428277,10173490585,1,13.89,4.78,3
542258061#1,10173490585,10268795802,1,13.89,11.88,3
542258061#2,10268795802,10169532593,1,13.89,148.45,3
542258061#3,10169532593,42430324,1,13.89,13.88,3
542258337#0,42430356,3971196623,2,27.78,14.26,11
542258337#1,3971196623,4782506031,2,27.78,31.54,11
542258337#2,4782506031,3971196624,2,27.78,76.95,11
542258337#3,3971196624,1745991212,2,27.78,53.02,11
542258337#4,1745991212,9665064838,2,27.78,51.6,11
542259076#0,42435663,9235539543,2,11.18,13.05,12
542259076#1,9235539543,7095733937,2,11.18,39.1,12
542259076#2,7095733937,6353650679,2,11.18,32.04,12
542259076#3,6353650679,5858721092,2,11.18,59.82,12
542259076#4,5858721092,9535571853,2,11.18,117.04,12
542259076#5,9535571853,42437368,2,11.18,14.25,12
542371971,42421972,1061531777,1,13.89,21.59,3
54369822#0,42422830,5007384474,1,11.18,171.59,3
54369822#1,5007384474,42429918,1,11.18,12.98,3
543717203#0,7372860102,5254263338,1,11.18,4.15,6
543717203#1,5254263338,449581964,1,11.18,60.55,6
543902512#0,42442881,10165972519,1,11.18,11.99,3
543902512#1,10165972519,8392896508,1,11.18,92.05,3
543902512#2,8392896508,8392896513,1,11.18,35.9,3
543902512#3,8392896513,8392896514,1,11.18,15.73,3
543902512#4,8392896514,10172843052,1,11.18,48.0,3
543902512#5,10172843052,42449893,1,11.18,13.8,3
543902513#0,42449893,10172843048,1,11.18,13.5,3
543902513#1,10172843048,10172843044,1,11.18,132.71,3
543902513#2,10172843044,42434358,1,11.18,9.04,3
543905773#0,42431674,10170844862,1,13.89,10.46,3
543905773#1,10170844862,10125222343,1,13.89,125.15,3
543905773#2,10125222343,596776017,1,13.89,11.11,3
543906141#0,596776132,8782927424,1,13.89,10.13,3
543906141#1,8782927424,3392519830,1,13.89,125.68,3
543906141#2,3392519830,42446036,1,13.89,10.0,3
543906990#0,42434131,10169411276,1,13.89,15.38,3
543906990#1,10169411276,5482291307,1,13.89,80.1,3
543906990#2,5482291307,10122952968,1,13.89,51.72,3
543906990#3,10122952968,10169411259,1,13.89,1.62,3
543906990#4,10169411259,42434129,1,13.89,7.79,3
543907517,42439922,2141026521,1,13.89,15.47,3
543908289#0,42436149,10168546909,1,11.18,7.27,3
543908289#1,10168546909,42459436,1,11.18,141.01,3
544549058,42443615,6680686184,1,13.89,11.04,3
544616716,3944770806,42423747,2,6.71,156.82,13
544616717#0,42423747,10170756504,3,6.71,21.55,13
544616717#1,10170756504,10170756506,3,6.71,19.57,13
544616717#2,10170756506,371034162,3,6.71,33.03,13
544812894#0,5266098185,10165922672,2,13.89,51.23,3
544812894#1,10165922672,4862610026,2,13.89,10.47,3
546364858,3785707059,9968370327,2,15.65,1223.92,14
546364862,5079840929,486869939,3,11.18,10.14,14
54689817#0,42427254,4985377337,1,11.18,25.29,3
54689817#1,4985377337,42452708,1,11.18,8.47,3
54689817#10,10168838114,10170966591,1,11.18,65.22,3
54689817#11,10170966591,42421946,1,11.18,9.05,3
54689817#2,42452708,4985377339,1,11.18,9.22,3
54689817#3,4985377339,42429853,1,11.18,67.54,3
54689817#4,42429853,3752674862,1,11.18,74.84,3
54689817#5,3752674862,42452700,1,11.18,12.89,3
54689817#6,42452700,4561414108,1,11.18,6.46,3
54689817#7,4561414108,10168838116,1,11.18,70.57,3
54689817#8,10168838116,42452630,1,11.18,3.8,3
54689817#9,42452630,10168838114,1,11.18,6.94,3
54689818#0,9814893489,8094558980,1,11.18,39.67,3
54689818#1,8094558980,42427256,1,11.18,8.18,3
547089938#0,42453116,3670742454,2,11.18,24.2,12
547089938#1,3670742454,42440721,2,11.18,13.42,12
550514517#0,42439861,5266458360,2,27.78,11.87,12
550514517#1,5266458360,5266458368,2,27.78,116.39,12
550514517#2,5266458368,5266458367,2,27.78,12.82,12
550514517#3,5266458367,5266458370,2,27.78,114.11,12
550514517#4,5266458370,42435805,2,27.78,12.48,12
551074012#0,4298764923,3601297797,1,11.18,23.83,10
551074012#1,3601297797,5286408252,1,11.18,7.21,10
551074012#2,5286408252,5286408253,1,11.18,7.05,10
551074012#3,5286408253,4298764915,1,11.18,45.46,10
551646028#0,42432990,42442656,1,13.89,110.46,3
551646028#1,42442656,9680957601,1,13.89,255.91,3
551646028#2,9680957601,561035372,1,13.89,10.39,3
551646029#0,42432990,42432992,1,11.18,82.53,11
551646029#1,42432992,42432994,1,11.18,80.28,11
551646029#2,42432994,42432999,1,11.18,82.71,11
552379873,5333189422,5333189421,1,22.22,10.05,6
552379874,5333189424,5333189423,1,22.22,10.4,6
552379875,5009645111,5333189422,1,11.18,29.64,11
552379876,5333189427,5333189426,2,11.18,33.27,11
552386025#0,2504882471,9935939399,1,13.89,6.27,3
552386025#1,9935939399,2504882466,1,13.89,8.94,3
552386025#2,2504882466,2504882469,1,13.89,9.5,3
552386026#0,42437319,1762784096,1,22.22,16.33,10
552386026#1,1762784096,9569897419,1,22.22,119.81,10
552386026#2,9569897419,42437326,1,22.22,10.19,10
552386031#0,42429474,7604384269,1,22.22,8.95,10
552386031#1,7604384269,7694273194,1,22.22,49.94,10
552386031#2,7694273194,7694273201,1,22.22,7.96,10
552386031#3,7694273201,7604384185,1,22.22,8.68,10
552386031#4,7604384185,42449627,1,22.22,6.79,10
552609358#0,42446218,10055110510,1,13.89,8.76,3
552609358#1,10055110510,8795723383,1,13.89,65.27,3
552609358#2,8795723383,42453717,1,13.89,13.12,3
554083352,42445382,9971314375,2,11.18,95.12,12
554083353#0,42445378,3932847280,6,11.18,13.680000000000001,12
554083353#1,3932847280,10168207098,6,11.18,64.51,12
554083353#2,10168207098,42434959,6,11.18,8.82,12
554083353#3,42434959,10168207096,6,11.18,8.92,12
554083353#4,10168207096,10125260563,6,11.18,63.88,12
554083353#5,10125260563,42449932,6,11.18,10.53,12
556075523#0,42445390,5131026390,2,11.18,13.55,12
556075523#1,5131026390,9971314371,2,11.18,61.15,12
556311124#0,42436060,8310246697,1,11.18,8.07,3
556311124#1,8310246697,8304498440,1,11.18,63.06,3
556311124#10,8304498461,8304498469,1,11.18,56.4,3
556311124#11,8304498469,5812723035,1,11.18,7.46,3
556311124#12,5812723035,8304498470,1,11.18,8.42,3
556311124#13,8304498470,42436050,1,11.18,69.21,3
556311124#14,42436050,8304497522,1,11.18,66.36,3
556311124#15,8304497522,42430519,1,11.18,6.9,3
556311124#16,42430519,8304497523,1,11.18,6.51,3
556311124#17,8304497523,5812723036,1,11.18,56.32,3
556311124#2,8304498440,42434871,1,11.18,7.56,3
556311124#3,42434871,8304498441,1,11.18,8.36,3
556311124#4,8304498441,8304498451,1,11.18,55.76,3
556311124#5,8304498451,42436056,1,11.18,7.69,3
556311124#6,42436056,8304498452,1,11.18,9.59,3
556311124#7,8304498452,8304498460,1,11.18,58.5,3
556311124#8,8304498460,42436055,1,11.18,8.05,3
556311124#9,42436055,8304498461,1,11.18,7.68,3
557733485#0,42456831,9557110373,1,11.18,10.86,11
557733485#1,9557110373,9557110440,1,11.18,47.86,11
557733485#2,9557110440,5378686574,1,11.18,11.59,11
557733488#0,7732243573,8236461973,2,11.18,7.51,11
557733488#1,8236461973,9557110350,2,11.18,62.26,11
557733488#2,9557110350,42445585,2,11.18,7.98,11
557733488#3,42445585,9559433250,2,11.18,5.64,11
557733488#4,9559433250,9559408284,2,11.18,66.4,11
557733488#5,9559408284,42427834,2,11.18,7.26,11
557733488#6,42427834,9559408285,2,11.18,7.35,11
557733488#7,9559408285,8236461971,2,11.18,67.15,11
557733488#8,8236461971,7541804761,2,11.18,11.68,11
558008153#0,42438784,3670742462,1,2.78,11.87,2
558008153#1,3670742462,8310246293,1,2.78,70.6,2
558008153#2,8310246293,42436935,1,2.78,7.53,2
559775302#0,589928042,10169411287,1,13.89,5.78,3
559775302#1,10169411287,5481922053,1,13.89,10.93,3
559775302#2,5481922053,10170762182,1,13.89,118.12,3
559775302#3,10170762182,42434122,1,13.89,7.82,3
559775302#4,42434122,10170762185,1,13.89,9.44,3
559775302#5,10170762185,10171956568,1,13.89,137.38,3
559775302#6,10171956568,42434117,1,13.89,8.23,3
560344314#0,7732243565,10171069691,1,13.89,11.97,3
560344314#1,10171069691,5481863722,1,13.89,82.84,3
560344314#10,10170875058,3099326118,1,13.89,9.94,3
560344314#2,5481863722,10171069690,1,13.89,23.24,3
560344314#3,10171069690,42435803,1,13.89,12.12,3
560344314#4,42435803,10171069687,1,13.89,13.05,3
560344314#5,10171069687,8758287370,1,13.89,243.62,3
560344314#6,8758287370,42439860,1,13.89,11.04,3
560344314#7,42439860,2141026511,1,13.89,15.28,3
560344314#8,2141026511,8758345332,1,13.89,11.26,3
560344314#9,8758345332,10170875058,1,13.89,237.69,3
560349614#0,42428984,9566927254,2,27.78,8.88,12
560349614#1,9566927254,7604384247,2,27.78,69.97,12
560349614#10,42428994,7604384271,2,27.78,9.17,12
560349614#11,7604384271,7694273190,2,27.78,38.64,12
560349614#12,7694273190,7694273195,2,27.78,15.77,12
560349614#13,7694273195,7604384290,2,27.78,13.53,12
560349614#14,7604384290,42428998,2,27.78,6.91,12
560349614#15,42428998,7604384288,2,27.78,9.2,12
560349614#16,7604384288,7604384303,2,27.78,73.0,12
560349614#17,7604384303,42429002,2,27.78,7.3,12
560349614#18,42429002,7604384301,2,27.78,7.28,12
560349614#19,7604384301,7604384315,2,27.78,67.8,12
560349614#2,7604384247,42428985,2,27.78,8.79,12
560349614#20,7604384315,42429006,2,27.78,7.49,12
560349614#21,42429006,7604384313,2,27.78,7.79,12
560349614#22,7604384313,42429011,2,27.78,61.66,12
560349614#3,42428985,7604384245,2,27.78,8.61,12
560349614#4,7604384245,6860638330,2,27.78,33.29,12
560349614#5,6860638330,7604384259,2,27.78,31.7,12
560349614#6,7604384259,42428989,2,27.78,8.23,12
560349614#7,42428989,7604384257,2,27.78,8.33,12
560349614#8,7604384257,7604384273,2,27.78,67.41,12
560349614#9,7604384273,42428994,2,27.78,8.24,12
560350513#0,42451879,5403858702,1,11.18,34.44,11
560350513#1,5403858702,8369968540,1,11.18,0.88,11
560350513#2,8369968540,42451932,1,11.18,164.38,11
560788342#0,7480301986,8231942803,1,11.18,12.15,11
560788342#1,8231942803,42433549,1,11.18,64.5,11
560788342#2,42433549,8231942813,1,11.18,45.03,11
560788342#3,8231942813,42433550,1,11.18,7.71,11
560788342#4,42433550,8231942811,1,11.18,7.09,11
560788342#5,8231942811,8231954818,1,11.18,114.07,11
560788342#6,8231954818,42433551,1,11.18,8.63,11
560788343#0,7480301986,8307641611,2,27.78,10.17,11
560788343#1,8307641611,8307641610,2,27.78,20.56,11
560788343#2,8307641610,42440785,2,27.78,7.54,11
561084838#0,42449017,4235733234,3,11.18,7.45,12
561084838#1,4235733234,8309479616,3,11.18,60.09,12
561084838#10,8309479664,3627218181,3,11.18,1.7299999999999998,12
561084838#11,3627218181,3627218176,3,11.18,66.23,12
561084838#12,3627218176,42436941,3,11.18,7.010000000000001,12
561084838#2,8309479616,42430886,3,11.18,6.89,12
561084838#3,42430886,8309479615,3,11.18,7.080000000000001,12
561084838#4,8309479615,3627218178,3,11.18,62.12,12
561084838#5,3627218178,42449886,3,11.18,7.19,12
561084838#6,42449886,3627218180,3,11.18,6.81,12
561084838#7,3627218180,3627218179,3,11.18,67.51,12
561084838#8,3627218179,42446533,3,11.18,6.669999999999999,12
561084838#9,42446533,8309479664,3,11.18,6.32,12
563391425,9908577545,2499757466,2,11.18,34.36,11
564385621#0,42428086,5403873767,1,11.18,8.02,11
564385621#1,5403873767,5403873763,1,11.18,70.9,11
564385621#2,5403873763,42433066,1,11.18,9.32,11
564392620,11027819091,3874650232,1,11.18,11.52,7
56577925#0,42435518,7834025529,1,13.89,12.41,3
56577925#1,7834025529,7834025575,1,13.89,192.11,3
56577925#2,7834025575,42428032,1,13.89,12.4,3
56577925#3,42428032,7834025521,1,13.89,12.14,3
56577925#4,7834025521,6352970544,1,13.89,202.22,3
56577925#5,6352970544,42435522,1,13.89,12.63,3
56578204#0,42456066,7834030807,1,13.89,13.72,3
56578204#1,7834030807,8250715762,1,13.89,203.59,3
56578204#10,8782897301,42447132,1,13.89,10.06,3
56578204#11,42447132,8782897298,1,13.89,10.12,3
56578204#12,8782897298,8782897297,1,13.89,126.75,3
56578204#13,8782897297,42458766,1,13.89,10.98,3
56578204#14,42458766,596776132,1,13.89,17.39,3
56578204#2,8250715762,42443037,1,13.89,11.19,3
56578204#3,42443037,8250715758,1,13.89,12.59,3
56578204#4,8250715758,8782897304,1,13.89,190.44,3
56578204#5,8782897304,42450028,1,13.89,13.09,3
56578204#6,42450028,8250514386,1,13.89,13.34,3
56578204#7,8250514386,8250514381,1,13.89,22.55,3
56578204#8,8250514381,8250514367,1,13.89,29.11,3
56578204#9,8250514367,8782897301,1,13.89,80.02,3
5668966#0,4205830390,3602678205,1,27.78,27.63,11
5668966#1,3602678205,4205830391,1,27.78,38.22,11
5668968#0,42421778,10039628106,2,13.89,9.12,3
5668968#1,10039628106,8727756094,2,13.89,106.87,3
5668968#10,42421772,9897810868,2,13.89,11.19,3
5668968#11,9897810868,9897810863,2,13.89,250.07,3
5668968#12,9897810863,42421769,2,13.89,10.8,3
5668968#2,8727756094,42421776,2,13.89,12.17,3
5668968#3,42421776,8727756090,2,13.89,12.9,3
5668968#4,8727756090,8709392086,2,13.89,82.92,3
5668968#5,8709392086,42421775,2,13.89,10.47,3
5668968#6,42421775,1061531525,2,13.89,17.12,3
5668968#7,1061531525,8709392092,2,13.89,11.78,3
5668968#8,8709392092,10037505646,2,13.89,127.6,3
5668968#9,10037505646,42421772,2,13.89,13.08,3
5668973#0,8904913030,9561253106,1,22.22,19.2,10
5668973#1,9561253106,6789770917,1,22.22,95.71,10
5668973#10,4814440061,4814440062,1,22.22,7.93,10
5668973#2,6789770917,42421785,1,22.22,8.91,10
5668973#3,42421785,42421786,1,22.22,240.08,10
5668973#4,42421786,42421791,1,22.22,127.54,10
5668973#5,42421791,7071351523,1,22.22,67.74,10
5668973#6,7071351523,7045498713,1,22.22,6.75,10
5668973#7,7045498713,7045498726,1,22.22,17.13,10
5668973#8,7045498726,7045498716,1,22.22,30.62,10
5668973#9,7045498716,4814440061,1,22.22,85.13,10
5668977#0,42421820,10039741675,1,13.89,9.65,3
5668977#1,10039741675,8727756063,1,13.89,194.68,3
5668977#10,42421806,10039932492,1,13.89,10.39,3
5668977#11,10039932492,10042554907,1,13.89,250.46,3
5668977#12,10042554907,42421803,1,13.89,11.25,3
5668977#2,8727756063,42421810,1,13.89,11.24,3
5668977#3,42421810,8727756059,1,13.89,12.47,3
5668977#4,8727756059,7182103205,1,13.89,87.5,3
5668977#5,7182103205,42421809,1,13.89,10.45,3
5668977#6,42421809,1061531683,1,13.89,16.93,3
5668977#7,1061531683,7182103207,1,13.89,10.45,3
5668977#8,7182103207,10039932481,1,13.89,125.66,3
5668977#9,10039932481,42421806,1,13.89,13.05,3
5668983#0,42421837,8309479433,1,8.94,71.99,3
5668983#1,8309479433,8309479447,1,8.94,73.87,3
5668983#2,8309479447,42421828,1,8.94,9.22,3
5668986#0,42421852,7087041449,1,13.89,12.56,3
5668986#1,7087041449,7620561449,1,13.89,38.06,3
5668986#2,7620561449,7598688500,1,13.89,98.77,3
5668986#3,7598688500,7620561448,1,13.89,75.73,3
5668986#4,7620561448,10050028843,1,13.89,29.33,3
5668986#5,10050028843,561035342,1,13.89,9.1,3
5668986#6,561035342,42421857,1,13.89,22.96,3
5668986#7,42421857,10050028848,1,13.89,7.42,3
5668986#8,10050028848,10050024776,1,13.89,69.16,3
5668986#9,10050024776,42421865,1,13.89,7.82,3
5668989#0,42421877,8265964345,1,11.18,9.29,3
5668989#1,8265964345,9512766062,1,11.18,258.88,3
5668999#0,42421951,8276468439,1,11.18,7.12,3
5668999#1,8276468439,10170966590,1,11.18,56.85,3
5668999#2,10170966590,42421946,1,11.18,14.97,3
5668999#3,42421946,7139624405,1,11.18,40.75,3
5668999#4,7139624405,42421941,1,11.18,6.76,3
5669002#0,42421974,9904544291,2,13.89,12.21,3
5669002#1,9904544291,7551756705,2,13.89,20.42,3
5669002#2,7551756705,7551756698,2,13.89,6.51,3
5669002#3,7551756698,7551756700,2,13.89,6.27,3
5669002#4,7551756700,7551756702,2,13.89,9.41,3
5669002#5,7551756702,11107632623,2,13.89,41.61,3
5669004,2974462027,6791166002,1,11.18,13.05,3
5669008#0,42421993,9796827007,1,13.89,11.12,3
5669008#1,9796827007,3718670419,1,13.89,249.05,3
5669008#10,42422006,8699249522,1,13.89,10.46,3
5669008#11,8699249522,9492542198,1,13.89,105.49,3
5669008#12,9492542198,42422016,1,13.89,12.39,3
5669008#13,42422016,9492556518,1,13.89,12.88,3
5669008#14,9492556518,10039861885,1,13.89,190.14,3
5669008#15,10039861885,42422018,1,13.89,10.64,3
5669008#2,3718670419,42421996,1,13.89,14.3,3
5669008#3,42421996,9576549163,1,13.89,10.95,3
5669008#4,9576549163,8699239315,1,13.89,249.85,3
5669008#5,8699239315,42422000,1,13.89,10.57,3
5669008#6,42422000,8699249520,1,13.89,13.16,3
5669008#7,8699249520,7004376643,1,13.89,105.98,3
5669008#8,7004376643,1061531768,1,13.89,10.96,3
5669008#9,1061531768,42422006,1,13.89,17.31,3
5669013#0,42422026,5215015525,1,11.18,15.89,3
5669013#1,5215015525,5813259929,1,11.18,71.36,3
5669013#2,5813259929,4308240257,1,11.18,6.98,3
5669025#0,42422086,3786728688,1,22.22,16.17,9
5669025#1,3786728688,7925258554,1,22.22,16.5,9
5669025#2,7925258554,42422101,1,22.22,4.22,9
5669025#3,42422101,42422110,1,22.22,12.17,9
5669067,371239958,589928259,1,22.22,275.87,9
5669077,370913758,42422509,1,22.22,85.16,9
5669101#0,7912855687,9906904525,1,22.22,18.67,9
5669101#1,9906904525,42422399,1,22.22,277.2,9
5669163#0,60921202,42423097,1,22.22,258.34,9
5669163#1,42423097,42423101,1,22.22,12.28,9
5669177,371239961,42423170,3,13.410000000000002,144.97,9
5669190,9906966855,42423296,1,22.22,50.68,9
5669194,4158644578,278608816,2,22.22,135.62,9
5669205#0,42423456,4890633692,2,11.18,9.83,9
5669205#1,4890633692,8832539648,2,11.18,43.45,9
5669206,486819535,8262309340,1,13.41,2.51,8
5669218,427850819,427850840,1,22.22,154.94,9
5669221,4274141356,42423774,1,22.22,209.11,9
5669226#0,427804029,9143220942,1,22.22,8.34,9
5669226#1,9143220942,9421657722,1,22.22,21.56,9
5669226#2,9421657722,42423832,1,22.22,136.25,9
5669227#0,42423836,10169614496,2,11.18,7.65,11
5669227#1,10169614496,8288270552,2,11.18,66.06,11
5669227#2,8288270552,42446506,2,11.18,9.66,11
5669236,42428052,3785532382,2,27.78,27.56,11
5669248,42433431,3786724031,1,22.22,134.31,9
5669279#0,246885877,1701898652,3,15.65,139.58,14
5669279#1,1701898652,42424258,3,15.65,104.19,14
5669290,42424439,595703322,1,27.78,12.99,11
5669304#0,246906179,9410604941,2,11.18,136.69,9
5669304#1,9410604941,246906186,2,11.18,34.85,9
5669316,373850912,8913610638,3,11.18,45.0,11
5669320#0,3788379696,8304498054,2,11.18,27.76,9
5669320#1,8304498054,42424610,2,11.18,15.41,9
5669321,1701898659,4137021568,2,11.18,35.32,9
5669322#0,42424619,4142105798,2,11.18,14.0,9
5669322#1,4142105798,4602429330,2,11.18,16.21,9
5669322#2,4602429330,8834277653,2,11.18,20.05,9
5669326,42424679,595338165,1,22.22,129.56,9
5669328#0,42424706,3874689571,1,22.22,9.28,9
5669328#1,3874689571,254484327,1,22.22,292.06,9
5669348#0,4616536348,42424866,1,11.18,10.3,9
5669348#1,42424866,42423514,1,11.18,92.0,9
5669356,427850819,593984752,1,22.22,70.56,9
5669370#0,42424937,7732654810,2,22.22,885.82,9
5669370#1,7732654810,42425088,2,22.22,7.5,9
5669386,2837768961,42425188,1,27.78,57.94,11
5669406,42424531,42425417,1,22.22,120.51,9
5669407#0,42424235,9557110404,1,11.18,7.12,11
5669407#1,9557110404,589927993,1,11.18,22.48,11
5669407#2,589927993,42425425,1,11.18,122.19,11
5669414,42425425,42425484,1,22.22,89.12,9
5669417,42424758,373755525,2,22.22,259.51,9
5669420#0,278609934,4885904505,1,22.22,15.3,9
5669420#1,4885904505,370759316,1,22.22,55.61,9
5669423,42458435,587812578,1,22.22,102.68,9
5669443,42425681,42425689,2,13.41,180.97,9
5669445,371337250,5333189426,1,22.22,125.03,9
5669475#0,42456831,9557110370,1,22.22,13.04,9
5669475#1,9557110370,371337202,1,22.22,66.35,9
5669486#0,42426089,3788364714,2,11.18,12.26,9
5669486#1,3788364714,3788364713,2,11.18,10.75,9
5669486#2,3788364713,5708240253,2,11.18,23.76,9
5669486#3,5708240253,42426060,2,11.18,7.92,9
5669533,42426665,373850892,1,22.22,141.09,9
5669544#0,5482291262,10170641429,1,22.22,3.45,9
5669544#1,10170641429,3786728788,1,22.22,53.23,9
5669552#0,3786728678,4980851552,1,22.22,15.06,9
5669552#1,4980851552,42422110,1,22.22,12.37,9
5669572,42426799,589928196,1,22.22,97.76,9
5669574#0,42426804,7924320744,1,13.89,68.46,3
5669574#1,7924320744,42426805,1,13.89,10.22,3
5669581#0,42426865,7137281959,1,22.22,20.68,9
5669581#1,7137281959,42426875,1,22.22,12.42,9
5669594#0,42423203,7926724563,1,22.22,12.71,9
5669594#1,7926724563,42422168,1,22.22,47.65,9
5669595,371337140,42426957,2,22.22,65.87,7
5669596,42426971,42426968,1,22.22,71.55,9
5669597,9908501430,60918579,2,22.22,205.31,9
5669599,42427009,371216381,1,22.22,78.6,9
5669606,42438809,42427036,1,22.22,30.04,9
5669631#0,42427239,4878934399,1,11.18,103.92,3
5669631#1,4878934399,42427242,1,11.18,10.01,3
5669633#0,42427249,8094558987,1,11.18,6.12,4
5669633#1,8094558987,7139624431,1,11.18,77.18,4
5669633#2,7139624431,42427251,1,11.18,12.1,4
5669633#3,42427251,7139624389,1,11.18,11.65,4
5669633#4,7139624389,8094558993,1,11.18,39.02,4
5669633#5,8094558993,42427254,1,11.18,7.54,4
5669636#0,370705004,9368522409,2,13.41,4.75,13
5669636#1,9368522409,1369956654,2,13.41,45.85,13
5669639#0,42427335,5804835265,2,11.18,9.24,3
5669639#1,5804835265,10718621128,2,11.18,50.98,3
5669639#2,10718621128,8372982782,2,11.18,42.64,3
5669639#3,8372982782,42427337,2,11.18,8.5,3
5669639#4,42427337,8372982785,2,11.18,5.2,3
5669639#5,8372982785,9584424993,2,11.18,14.57,3
5669643#0,42427390,10168486371,1,11.18,12.26,4
5669643#1,10168486371,2671667955,1,11.18,27.13,4
5669643#2,2671667955,3874653365,1,11.18,176.95,4
5669643#3,3874653365,42427393,1,11.18,8.43,4
5669652#0,42427507,9561125962,1,13.89,9.3,3
5669652#1,9561125962,9561125968,1,13.89,113.17,3
5669652#2,9561125968,42427504,1,13.89,10.05,3
5669661#0,42427735,8835657113,1,13.89,8.77,3
5669661#1,8835657113,2423522330,1,13.89,229.07,3
5669661#10,42427531,4078840324,1,13.89,67.89,3
5669661#11,4078840324,42427523,1,13.89,11.31,3
5669661#2,2423522330,2428684123,1,13.89,31.53,3
5669661#3,2428684123,42427649,1,13.89,225.26,3
5669661#4,42427649,7045489986,1,13.89,89.51,3
5669661#5,7045489986,3579426911,1,13.89,85.72,3
5669661#6,3579426911,10183024494,1,13.89,163.65,3
5669661#7,10183024494,3579426933,1,13.89,65.8,3
5669661#8,3579426933,42427538,1,13.89,47.79,3
5669661#9,42427538,42427531,1,13.89,79.1,3
5669662#0,42427744,8310246482,1,11.18,8.99,3
5669662#1,8310246482,8270654738,1,11.18,57.28,3
5669662#2,8270654738,42427742,1,11.18,11.59,3
5669664#0,42427764,3976008173,3,11.18,50.580000000000005,3
5669664#1,3976008173,42427762,3,11.18,12.270000000000001,3
5669665#0,42427773,7058422586,1,13.89,11.48,3
5669665#1,7058422586,5403868128,1,13.89,73.75,3
5669665#2,5403868128,42427769,1,13.89,12.22,3
5669665#3,42427769,5403868130,1,13.89,11.58,3
5669665#4,5403868130,9563795461,1,13.89,112.38,3
5669665#5,9563795461,42427768,1,13.89,10.46,3
5669666#0,42427780,7395403286,1,8.94,13.35,3
5669666#1,7395403286,1763635682,1,8.94,65.01,3
5669666#2,1763635682,42427782,1,8.94,6.08,3
5669669#0,42427786,10167162605,1,11.18,11.58,3
5669669#1,10167162605,5481897724,1,11.18,64.31,3
5669669#2,5481897724,10171531342,1,11.18,82.59,3
5669669#3,10171531342,42427787,1,11.18,12.02,3
5669669#4,42427787,9198484652,1,11.18,7.7,3
5669669#5,9198484652,10168911554,1,11.18,120.27,3
5669669#6,10168911554,42427797,1,11.18,12.89,3
5669679#0,42427844,2052329249,1,27.78,12.77,11
5669679#1,2052329249,42427846,1,27.78,17.61,11
5669679#2,42427846,1764647103,1,27.78,23.36,11
5669683#0,42432970,5864601688,1,11.18,80.18,10
5669683#1,5864601688,42427881,1,11.18,78.16,10
5669691#0,248709622,1989096622,3,11.18,30.709999999999997,11
5669691#1,1989096622,42427915,3,11.18,13.85,11
5669709#0,42424672,4918486763,1,27.78,7.25,11
5669709#1,4918486763,4918486955,1,27.78,63.69,11
5669709#2,4918486955,42427965,1,27.78,10.47,11
5669710#0,42428072,10164740263,1,13.89,9.55,3
5669710#1,10164740263,9492542211,1,13.89,135.54,3
5669710#10,42428063,9897654909,1,13.89,11.5,3
5669710#11,9897654909,9897654912,1,13.89,249.51,3
5669710#12,9897654912,42428061,1,13.89,11.05,3
5669710#2,9492542211,42428068,1,13.89,12.23,3
5669710#3,42428068,9492556601,1,13.89,12.27,3
5669710#4,9492556601,8709392045,1,13.89,82.38,3
5669710#5,8709392045,42428065,1,13.89,10.5,3
5669710#6,42428065,1061531803,1,13.89,18.23,3
5669710#7,1061531803,8709392051,1,13.89,10.73,3
5669710#8,8709392051,9897724595,1,13.89,128.37,3
5669710#9,9897724595,42428063,1,13.89,13.65,3
5669714#0,42428094,9550791782,1,11.18,12.57,3
5669714#1,9550791782,9550791807,1,11.18,67.08,3
5669714#10,9550791760,9566914924,1,11.18,117.95,3
5669714#11,9566914924,42428080,1,11.18,14.6,3
5669714#2,9550791807,42428090,1,11.18,9.94,3
5669714#3,42428090,9550791804,1,11.18,8.35,3
5669714#4,9550791804,5403873765,1,11.18,97.12,3
5669714#5,5403873765,42428086,1,11.18,13.3,3
5669714#6,42428086,5403873766,1,11.18,11.59,3
5669714#7,5403873766,9550791763,1,11.18,112.15,3
5669714#8,9550791763,42428082,1,11.18,10.4,3
5669714#9,42428082,9550791760,1,11.18,8.64,3
5669719#0,5048446874,9566938939,1,11.18,6.88,3
5669719#1,9566938939,9908570837,1,11.18,63.71,3
5669742#0,42428436,8231922365,2,11.18,8.88,11
5669742#1,8231922365,8307641794,2,11.18,105.66,11
5669742#2,8307641794,42428434,2,11.18,6.26,11
5669799#0,2499757467,9566927263,2,27.78,7.86,12
5669799#1,9566927263,7132814245,2,27.78,22.12,12
5669802#0,596776164,7924099693,2,11.18,10.25,11
5669802#1,7924099693,3392519871,2,11.18,124.77,11
5669802#2,3392519871,42429324,2,11.18,10.12,11
5669802#3,42429324,3392519868,2,11.18,12.08,11
5669802#4,3392519868,9906879193,2,11.18,65.59,11
5669804#0,6262915547,8281922152,1,11.18,5.9,4
5669804#1,8281922152,8281922178,1,11.18,80.13,4
5669804#2,8281922178,42429354,1,11.18,5.3,4
5669806#0,42429373,10198867146,1,11.18,11.78,3
5669806#1,10198867146,42429374,1,11.18,299.19,3
5669806#2,42429374,8310246325,1,11.18,263.32,3
5669806#3,8310246325,42429375,1,11.18,10.15,3
5669806#4,42429375,8310246328,1,11.18,13.24,3
5669806#5,8310246328,1701921025,1,11.18,187.97,3
5669806#6,1701921025,42429378,1,11.18,11.01,3
5669809,6211332483,42429388,1,11.18,11.43,3
5669813#0,42429452,8723021873,1,13.89,12.1,3
5669813#1,8723021873,8723021881,1,13.89,118.51,3
5669813#10,7604384270,42428994,1,13.89,11.14,3
5669813#11,42428994,7604384272,1,13.89,12.53,3
5669813#12,7604384272,7555419446,1,13.89,79.83,3
5669813#13,7555419446,7604384351,1,13.89,56.49,3
5669813#14,7604384351,42427152,1,13.89,10.5,3
5669813#15,42427152,7604384353,1,13.89,9.32,3
5669813#16,7604384353,7604384423,1,13.89,181.94,3
5669813#17,7604384423,42429479,1,13.89,11.37,3
5669813#2,8723021881,42429457,1,13.89,8.83,3
5669813#3,42429457,8723021885,1,13.89,9.86,3
5669813#4,8723021885,8722881598,1,13.89,112.9,3
5669813#5,8722881598,42429466,1,13.89,11.48,3
5669813#6,42429466,8722881600,1,13.89,12.49,3
5669813#7,8722881600,7604384268,1,13.89,97.68,3
5669813#8,7604384268,42429474,1,13.89,6.66,3
5669813#9,42429474,7604384270,1,13.89,5.46,3
5669815#0,42429504,11042989794,1,11.18,5.78,3
5669815#1,11042989794,11053183423,1,11.18,18.64,3
5669815#2,11053183423,42429507,1,11.18,5.33,3
5669815#3,42429507,8276468659,1,11.18,47.7,3
5669815#4,8276468659,2824895141,1,11.18,6.44,3
5669820#0,42429541,10128889848,1,13.89,17.69,3
5669820#1,10128889848,10129081621,1,13.89,242.74,3
5669820#2,10129081621,42428876,1,13.89,9.03,3
5669822#0,2099150501,3023172123,2,13.89,53.8,3
5669822#1,3023172123,5475082071,2,13.89,87.06,3
5669822#2,5475082071,42429552,2,13.89,9.71,3
5669829#0,7838207514,5836025493,2,11.18,45.37,3
5669829#1,5836025493,42429630,2,11.18,15.64,3
5669835,373903786,11027912164,1,11.18,18.47,4
5669841#0,42429680,7797650092,1,11.18,9.32,3
5669841#1,7797650092,8412090721,1,11.18,56.1,3
5669841#10,6747157045,42429688,1,11.18,10.16,3
5669841#11,42429688,6747157054,1,11.18,10.11,3
5669841#12,6747157054,6747157039,1,11.18,130.75,3
5669841#13,6747157039,42429690,1,11.18,12.95,3
5669841#14,42429690,6747157053,1,11.18,13.49,3
5669841#15,6747157053,8393918884,1,11.18,73.47,3
5669841#16,8393918884,7097336611,1,11.18,53.21,3
5669841#17,7097336611,8851344399,1,11.18,64.68,3
5669841#18,8851344399,42429693,1,11.18,12.01,3
5669841#19,42429693,8851344397,1,11.18,12.23,3
5669841#2,8412090721,10122943684,1,11.18,78.2,3
5669841#20,8851344397,6670244849,1,11.18,204.78,3
5669841#21,6670244849,42429694,1,11.18,14.44,3
5669841#3,10122943684,42429682,1,11.18,10.6,3
5669841#4,42429682,10122943685,1,11.18,10.45,3
5669841#5,10122943685,10167967034,1,11.18,125.81,3
5669841#6,10167967034,596776009,1,11.18,10.79,3
5669841#7,596776009,42429685,1,11.18,17.34,3
5669841#8,42429685,10122943673,1,11.18,10.76,3
5669841#9,10122943673,6747157045,1,11.18,126.69,3
5669842#0,42429701,8429015937,1,11.18,5.69,3
5669842#1,8429015937,4320105473,1,11.18,155.81,3
5669842#2,4320105473,42429700,1,11.18,7.48,3
5669846#0,42429703,9675601634,1,22.22,8.05,10
5669846#1,9675601634,9561126009,1,22.22,156.56,10
5669846#2,9561126009,42429704,1,22.22,9.94,10
5669850#0,42429747,7004396660,1,13.89,11.59,3
5669850#1,7004396660,10168029029,1,13.89,112.87,3
5669850#2,10168029029,42429744,1,13.89,9.48,3
5669850#3,42429744,10168029032,1,13.89,8.97,3
5669850#4,10168029032,10168029027,1,13.89,119.59,3
5669850#5,10168029027,42429741,1,13.89,11.67,3
5669850#6,42429741,10168029023,1,13.89,10.39,3
5669850#7,10168029023,10171219249,1,13.89,37.53,3
5669850#8,10171219249,42429735,1,13.89,14.12,3
5669857#0,486867432,8231896494,3,11.18,7.72,12
5669857#1,8231896494,8821681989,3,11.18,60.27,12
5669857#2,8821681989,8307642254,3,11.18,3.65,12
5669857#3,8307642254,486867405,3,11.18,6.169999999999999,12
5669860#0,42429812,5690464192,1,11.18,9.16,3
5669860#1,5690464192,42429811,1,11.18,69.52,3
5669860#2,42429811,7476371570,1,11.18,74.09,3
5669860#3,7476371570,42429809,1,11.18,5.69,3
5669863#0,7598970693,6823995470,1,13.89,18.08,3
5669863#1,6823995470,6823995474,1,13.89,47.5,3
5669863#2,6823995474,10171069632,1,13.89,51.44,3
5669863#3,10171069632,42429825,1,13.89,13.95,3
5669866#0,42428408,8307637666,1,11.18,9.79,3
5669866#1,8307637666,4501889846,1,11.18,34.44,3
5669866#10,42429832,8312361691,1,11.18,10.96,3
5669866#11,8312361691,8304498513,1,11.18,81.08,3
5669866#12,8304498513,42429833,1,11.18,10.69,3
5669866#2,4501889846,4501889847,1,11.18,6.38,3
5669866#3,4501889847,4501889855,1,11.18,29.97,3
5669866#4,4501889855,42429829,1,11.18,36.53,3
5669866#5,42429829,8312361664,1,11.18,39.54,3
5669866#6,8312361664,42429830,1,11.18,11.48,3
5669866#7,42429830,8312361667,1,11.18,11.72,3
5669866#8,8312361667,8312361688,1,11.18,103.84,3
5669866#9,8312361688,42429832,1,11.18,10.04,3
5669875#0,42429874,3009534472,1,11.18,10.57,3
5669875#1,3009534472,4276517132,1,11.18,133.82,3
5669875#2,4276517132,42429876,1,11.18,10.39,3
5669878#0,42429236,9561209011,1,13.89,13.04,3
5669878#1,9561209011,9561229783,1,13.89,74.94,3
5669878#2,9561229783,42429960,1,13.89,13.92,3
5669879#0,42427970,4918486968,2,22.22,11.75,10
5669879#1,4918486968,4918486093,2,22.22,191.81,10
5669879#2,4918486093,42429986,2,22.22,13.62,10
5669881#0,7802856341,3809536804,1,11.18,10.97,4
5669881#1,3809536804,9902399064,1,11.18,82.0,4
5669881#10,42428598,8780665889,1,11.18,12.32,4
5669881#11,8780665889,7556282013,1,11.18,99.66,4
5669881#12,7556282013,7556282021,1,11.18,5.08,4
5669881#13,7556282021,7050687026,1,11.18,31.11,4
5669881#14,7050687026,42429999,1,11.18,10.43,4
5669881#2,9902399064,9902399061,1,11.18,114.43,4
5669881#3,9902399061,9902399056,1,11.18,8.59,4
5669881#4,9902399056,9902175354,1,11.18,44.94,4
5669881#5,9902175354,4557495130,1,11.18,13.17,4
5669881#6,4557495130,9902164242,1,11.18,11.39,4
5669881#7,9902164242,8780665883,1,11.18,70.59,4
5669881#8,8780665883,1061531527,1,11.18,11.93,4
5669881#9,1061531527,42428598,1,11.18,18.4,4
5669882#0,42430009,8304497721,1,11.18,13.16,3
5669882#1,8304497721,8279851473,1,11.18,71.57,3
5669882#2,8279851473,42430007,1,11.18,9.95,3
5669882#3,42430007,8279851470,1,11.18,10.22,3
5669882#4,8279851470,8279851451,1,11.18,106.39,3
5669882#5,8279851451,42430004,1,11.18,11.62,3
5669886#0,42430022,9566938950,1,11.18,18.34,3
5669886#1,9566938950,42430023,1,11.18,7.07,3
5669892#0,42429752,5296795596,1,11.18,10.08,12
5669892#1,5296795596,8821681996,1,11.18,5.84,12
5669892#10,42430038,8231927627,1,11.18,6.71,12
5669892#11,8231927627,8307642228,1,11.18,63.35,12
5669892#12,8307642228,42430041,1,11.18,5.98,12
5669892#2,8821681996,8231909737,1,11.18,59.16,12
5669892#3,8231909737,42430030,1,11.18,6.41,12
5669892#4,42430030,8231909740,1,11.18,6.63,12
5669892#5,8231909740,8231927620,1,11.18,60.13,12
5669892#6,8231927620,42430034,1,11.18,6.09,12
5669892#7,42430034,8231927623,1,11.18,6.78,12
5669892#8,8231927623,8231927624,1,11.18,63.21,12
5669892#9,8231927624,42430038,1,11.18,6.16,12
5669896#0,589298326,6689923818,1,13.89,212.97,3
5669896#1,6689923818,42428013,1,13.89,13.25,3
5669899#0,42430102,4890320314,1,13.89,7.32,3
5669899#1,4890320314,4890320299,1,13.89,57.72,3
5669899#2,4890320299,592484776,1,13.89,7.58,3
5669922#0,4143851142,8304498316,2,11.18,27.75,11
5669922#1,8304498316,42430115,2,11.18,6.86,11
5669925#0,5151708184,8821481440,1,11.18,41.48,3
5669925#1,8821481440,42430470,1,11.18,5.24,3
5669925#2,42430470,42430468,1,11.18,7.81,3
5669928#0,42430482,6190264248,1,13.89,12.5,3
5669928#1,6190264248,6254902022,1,13.89,61.93,3
5669928#2,6254902022,8732555119,1,13.89,57.05,3
5669933#0,11107654706,2034011046,2,11.18,34.64,12
5669933#1,2034011046,279151954,2,11.18,7.32,12
5669935#0,42430519,8304497521,1,11.18,7.27,3
5669935#1,8304497521,42430521,1,11.18,38.76,3
5669935#2,42430521,42430526,1,11.18,39.39,3
5669935#3,42430526,8304498502,1,11.18,38.03,3
5669935#4,8304498502,42430529,1,11.18,10.96,3
5669938#0,42430557,8312361684,1,11.18,10.85,3
5669938#1,8312361684,8312361675,1,11.18,103.49,3
5669938#2,8312361675,42430550,1,11.18,11.26,3
5669938#3,42430550,8312361672,1,11.18,11.68,3
5669938#4,8312361672,4754091366,1,11.18,38.65,3
5669938#5,4754091366,8279851421,1,11.18,105.82,3
5669938#6,8279851421,42428405,1,11.18,9.62,3
5669945#0,9143569913,3914863394,2,11.18,43.02,11
5669945#1,3914863394,42430589,2,11.18,13.42,11
5669953#0,42430828,11062719795,3,11.18,14.21,11
5669953#1,11062719795,11062719791,3,11.18,5.82,11
5669953#2,11062719791,5554351996,3,11.18,71.38,11
5669953#3,5554351996,42430824,3,11.18,9.77,11
5669962#0,42430857,8309479724,1,11.18,11.79,3
5669962#1,8309479724,11070155328,1,11.18,143.24,3
5669962#10,8309479625,4234578194,1,11.18,1.24,3
5669962#11,4234578194,8309479617,1,11.18,102.39,3
5669962#12,8309479617,42430886,1,11.18,13.66,3
5669962#13,42430886,8309479614,1,11.18,13.8,3
5669962#14,8309479614,3892037906,1,11.18,135.95,3
5669962#15,3892037906,4236104521,1,11.18,55.87,3
5669962#16,4236104521,42430898,1,11.18,11.37,3
5669962#2,11070155328,42430861,1,11.18,8.41,3
5669962#3,42430861,11070155329,1,11.18,8.6,3
5669962#4,11070155329,42428480,1,11.18,218.22,3
5669962#5,42428480,4500033348,1,11.18,35.78,3
5669962#6,4500033348,4500033344,1,11.18,33.26,3
5669962#7,4500033344,4234578192,1,11.18,20.08,3
5669962#8,4234578192,42430872,1,11.18,17.91,3
5669962#9,42430872,8309479625,1,11.18,9.66,3
5669964#0,42430951,9550791815,1,8.94,10.47,3
5669964#1,9550791815,42430953,1,8.94,134.64,3
5669966#0,42430959,10122913409,1,11.18,40.28,3
5669966#1,10122913409,7103815251,1,11.18,33.65,3
5669966#2,7103815251,4562863353,1,11.18,7.48,3
5669975#0,42430749,7844803463,2,27.78,8.08,11
5669975#1,7844803463,7844803457,2,27.78,24.01,11
5669975#2,7844803457,595269619,2,27.78,13.96,11
5669976#0,42431156,4872626650,1,11.18,10.0,3
5669976#1,4872626650,10168276347,1,11.18,12.16,3
5669976#2,10168276347,8262308730,1,11.18,67.78,3
5669976#3,8262308730,42431154,1,11.18,7.11,3
5669978#0,5481937333,8309479050,1,11.18,39.16,3
5669978#1,8309479050,42431165,1,11.18,9.8,3
5669978#2,42431165,8309479053,1,11.18,11.02,3
5669978#3,8309479053,42429676,1,11.18,44.82,3
5669978#4,42429676,5824300190,1,11.18,46.99,3
5669978#5,5824300190,42428458,1,11.18,8.67,3
5669981#0,42429211,9561386484,1,13.89,13.22,3
5669981#1,9561386484,42431180,1,13.89,117.23,3
5669981#2,42431180,9561386515,1,13.89,71.4,3
5669981#3,9561386515,42427852,1,13.89,13.5,3
5669981#4,42427852,9561386512,1,13.89,11.14,3
5669981#5,9561386512,9561344703,1,13.89,219.21,3
5669981#6,9561344703,42431177,1,13.89,12.92,3
5669985#0,42431200,3099326117,1,13.89,13.42,3
5669985#1,3099326117,8807524493,1,13.89,7.65,3
5669985#10,42431207,7594535789,1,13.89,43.37,3
5669985#11,7594535789,42431210,1,13.89,97.19,3
5669985#2,8807524493,10165996983,1,13.89,107.08,3
5669985#3,10165996983,42431201,1,13.89,13.6,3
5669985#4,42431201,10165996986,1,13.89,14.24,3
5669985#5,10165996986,9150629534,1,13.89,105.19,3
5669985#6,9150629534,2141026544,1,13.89,9.78,3
5669985#7,2141026544,42431203,1,13.89,16.55,3
5669985#8,42431203,9150629533,1,13.89,10.22,3
5669985#9,9150629533,42431207,1,13.89,255.75,3
5669990#0,42431228,9561561665,1,8.94,27.51,3
5669990#1,9561561665,42431230,1,8.94,10.64,3
5669993#0,42430796,8307641977,1,8.94,10.58,3
5669993#1,8307641977,8429014581,1,8.94,83.1,3
5669993#2,8429014581,42431273,1,8.94,5.57,3
5669993#3,42431273,8429014584,1,8.94,5.69,3
5669993#4,8429014584,4816151669,1,8.94,74.35,3
5669993#5,4816151669,42431275,1,8.94,32.22,3
5670010#0,42431482,4161568805,1,11.18,10.44,4
5670010#1,4161568805,589100791,1,11.18,308.77,4
5670011#0,42431491,5148103557,1,11.18,7.16,3
5670011#1,5148103557,8429175909,1,11.18,164.5,3
5670011#2,8429175909,42431490,1,11.18,11.42,3
5670012#0,42431508,8307642206,1,11.18,8.03,3
5670012#1,8307642206,8307642213,1,11.18,124.06,3
5670012#2,8307642213,42431505,1,11.18,6.65,3
5670012#3,42431505,11159805947,1,11.18,6.34,3
5670012#4,11159805947,9802967325,1,11.18,2.09,3
5670029#0,42431649,7797632754,1,13.89,9.45,3
5670029#1,7797632754,2792783187,1,13.89,132.81,3
5670029#10,10125227986,10125147525,1,13.89,125.85,3
5670029#11,10125147525,42431654,1,13.89,10.65,3
5670029#12,42431654,10125147524,1,13.89,10.45,3
5670029#13,10125147524,10166238433,1,13.89,131.8,3
5670029#14,10166238433,42431656,1,13.89,13.65,3
5670029#15,42431656,10166238432,1,13.89,12.38,3
5670029#16,10166238432,8851344396,1,13.89,191.47,3
5670029#17,8851344396,42431659,1,13.89,12.18,3
5670029#18,42431659,8851344394,1,13.89,12.14,3
5670029#19,8851344394,4918486815,1,13.89,203.22,3
5670029#2,2792783187,10171134792,1,13.89,1.17,3
5670029#20,4918486815,42431661,1,13.89,13.54,3
5670029#3,10171134792,42431650,1,13.89,11.11,3
5670029#4,42431650,2792783185,1,13.89,9.02,3
5670029#5,2792783185,10171134790,1,13.89,1.27,3
5670029#6,10171134790,10125227983,1,13.89,125.41,3
5670029#7,10125227983,596775963,1,13.89,9.97,3
5670029#8,596775963,42431652,1,13.89,17.42,3
5670029#9,42431652,10125227986,1,13.89,11.55,3
5670031#0,42425780,9561543909,1,8.94,6.62,3
5670031#1,9561543909,9561543894,1,8.94,117.52,3
5670034#0,42431671,7797632771,1,13.89,9.61,3
5670034#1,7797632771,10170844866,1,13.89,134.7,3
5670034#2,10170844866,42431674,1,13.89,10.59,3
5670058#0,42431992,11153640077,1,11.18,10.15,3
5670058#1,11153640077,6440842969,1,11.18,68.15,3
5670058#2,6440842969,42431990,1,11.18,7.33,3
5670058#3,42431990,8827539966,1,11.18,48.42,3
5670058#4,8827539966,4158807589,1,11.18,5.12,3
5670058#5,4158807589,4158807592,1,11.18,15.37,3
5670070#0,42432002,8310246547,1,11.18,7.1,3
5670070#1,8310246547,9988423647,1,11.18,47.55,3
5670070#2,9988423647,5863649222,1,11.18,10.18,3
5670070#3,5863649222,7499128114,1,11.18,10.48,3
5670070#4,7499128114,42432001,1,11.18,56.44,3
5670070#5,42432001,7499128112,1,11.18,3.82,3
5670070#6,7499128112,8310246530,1,11.18,65.74,3
5670070#7,8310246530,42432000,1,11.18,9.01,3
5670076#0,42432054,3316523989,1,13.89,7.36,3
5670076#1,3316523989,4625620217,1,13.89,64.39,3
5670076#2,4625620217,42429647,1,13.89,5.89,3
5670077,42432082,1773082408,1,11.18,10.41,3
5670079#0,42432085,8307641650,1,11.18,12.11,3
5670079#1,8307641650,8231909730,1,11.18,71.32,3
5670079#2,8231909730,42432184,1,11.18,14.32,3
5670084#0,42432184,1773069828,1,11.18,16.99,3
5670084#1,1773069828,8231909733,1,11.18,65.14,3
5670084#10,8231927638,42432171,1,11.18,42.33,3
5670084#11,42432171,8231927641,1,11.18,20.54,3
5670084#12,8231927641,42427327,1,11.18,9.1,3
5670084#2,8231909733,42432181,1,11.18,5.86,3
5670084#3,42432181,8231909736,1,11.18,7.02,3
5670084#4,8231909736,8231927630,1,11.18,60.93,3
5670084#5,8231927630,42432178,1,11.18,6.34,3
5670084#6,42432178,8231927633,1,11.18,6.66,3
5670084#7,8231927633,8231927635,1,11.18,64.54,3
5670084#8,8231927635,42432174,1,11.18,6.04,3
5670084#9,42432174,8231927638,1,11.18,6.33,3
5670087#0,42432191,5690441975,1,11.18,5.98,11
5670087#1,5690441975,4320194276,1,11.18,21.98,11
5670087#2,4320194276,42430237,1,11.18,18.57,11
5670088#0,42432218,6836035789,1,13.89,7.93,3
5670088#1,6836035789,6836035784,1,13.89,59.54,3
5670088#2,6836035784,42432220,1,13.89,4.16,3
5670088#3,42432220,6836035785,1,13.89,13.12,3
5670088#4,6836035785,2075592673,1,13.89,72.87,3
5670088#5,2075592673,42432223,1,13.89,13.97,3
5670092#0,1692433911,10171486357,1,11.18,7.87,3
5670092#1,10171486357,5829779506,1,11.18,87.97,3
5670092#10,8231927617,42432302,1,11.18,6.1,3
5670092#11,42432302,8231927618,1,11.18,5.87,3
5670092#12,8231927618,8231927621,1,11.18,68.41,3
5670092#13,8231927621,42430034,1,11.18,10.21,3
5670092#14,42430034,8231927622,1,11.18,9.37,3
5670092#15,8231927622,8231927631,1,11.18,65.22,3
5670092#16,8231927631,42432178,1,11.18,8.21,3
5670092#17,42432178,8231927632,1,11.18,7.59,3
5670092#18,8231927632,7641718046,1,11.18,115.01,3
5670092#19,7641718046,42432282,1,11.18,7.07,3
5670092#2,5829779506,42432308,1,11.18,10.71,3
5670092#20,42432282,7641718037,1,11.18,8.41,3
5670092#21,7641718037,9929761167,1,11.18,127.93,3
5670092#22,9929761167,42432250,1,11.18,5.74,3
5670092#23,42432250,9929761172,1,11.18,6.34,3
5670092#24,9929761172,7641718017,1,11.18,0.56,3
5670092#25,7641718017,8307641547,1,11.18,110.01,3
5670092#26,8307641547,42432246,1,11.18,13.67,3
5670092#27,42432246,8307641550,1,11.18,14.4,3
5670092#28,8307641550,8307641538,1,11.18,125.92,3
5670092#29,8307641538,42432244,1,11.18,6.33,3
5670092#3,42432308,1918039901,1,11.18,16.01,3
5670092#30,42432244,8307641539,1,11.18,5.79,3
5670092#31,8307641539,42432241,1,11.18,72.15,3
5670092#32,42432241,7134393817,1,11.18,50.05,3
5670092#33,7134393817,42432238,1,11.18,5.85,3
5670092#34,42432238,8827539961,1,11.18,90.58,3
5670092#35,8827539961,11153640055,1,11.18,5.51,3
5670092#36,11153640055,1773055865,1,11.18,14.41,3
5670092#4,1918039901,5829779507,1,11.18,9.11,3
5670092#5,5829779507,3463814538,1,11.18,170.76,3
5670092#6,3463814538,42432305,1,11.18,6.38,3
5670092#7,42432305,3463814535,1,11.18,6.1,3
5670092#8,3463814535,4501924445,1,11.18,78.27,3
5670092#9,4501924445,8231927617,1,11.18,73.03,3
5670099#0,595703226,7123873131,1,27.78,3.31,11
5670099#1,7123873131,7123798392,1,27.78,49.85,11
5670099#2,7123798392,42432395,1,27.78,8.94,11
5670106#0,42432436,7826843771,1,13.89,12.26,3
5670106#1,7826843771,10166333105,1,13.89,133.08,3
5670106#10,42432444,10168841817,1,13.89,10.59,3
5670106#11,10168841817,1731564119,1,13.89,92.69,3
5670106#12,1731564119,10125260547,1,13.89,38.58,3
5670106#13,10125260547,42432451,1,13.89,12.76,3
5670106#2,10166333105,42432438,1,13.89,10.37,3
5670106#3,42432438,3955360015,1,13.89,10.72,3
5670106#4,3955360015,10172788543,1,13.89,128.55,3
5670106#5,10172788543,561042200,1,13.89,7.0,3
5670106#6,561042200,8122411159,1,13.89,23.21,3
5670106#7,8122411159,3955360011,1,13.89,7.44,3
5670106#8,3955360011,10168825913,1,13.89,128.18,3
5670106#9,10168825913,42432444,1,13.89,10.88,3
5670111#0,42432556,7784867887,1,13.89,11.15,3
5670111#1,7784867887,3269834162,1,13.89,66.42,3
5670111#2,3269834162,8984859290,1,13.89,182.57,3
5670111#3,8984859290,42432558,1,13.89,13.94,3
5670114#0,42432580,3955372901,1,27.78,12.24,11
5670114#1,3955372901,10693951249,1,27.78,96.49,11
5670114#2,10693951249,4799735130,1,27.78,15.14,11
5670114#3,4799735130,3971196621,1,27.78,174.56,11
5670114#4,3971196621,42430356,1,27.78,12.79,11
5670119#0,42432659,9166288595,1,13.89,11.22,3
5670119#1,9166288595,5478861077,1,13.89,21.42,3
5670119#2,5478861077,5478861082,1,13.89,41.96,3
5670119#3,5478861082,9557088460,1,13.89,4.53,3
5670119#4,9557088460,42432665,1,13.89,6.04,3
5670124#0,9753722444,2176936521,2,27.78,164.0,11
5670124#1,2176936521,9753722445,2,27.78,57.39,11
5670127,42432720,42432722,1,13.89,71.77,3
5670129#0,42432736,9796881840,1,11.18,11.66,3
5670129#1,9796881840,10171241063,1,11.18,117.76,3
5670129#10,42432756,10166004027,1,11.18,15.16,3
5670129#11,10166004027,10166004049,1,11.18,215.6,3
5670129#12,10166004049,1061531717,1,11.18,9.57,3
5670129#13,1061531717,42428760,1,11.18,21.26,3
5670129#2,10171241063,42432737,1,11.18,8.61,3
5670129#3,42432737,10171241066,1,11.18,10.06,3
5670129#4,10171241066,10166004040,1,11.18,112.5,3
5670129#5,10166004040,42432744,1,11.18,13.44,3
5670129#6,42432744,10166004043,1,11.18,11.45,3
5670129#7,10166004043,2539225403,1,11.18,95.99,3
5670129#8,2539225403,10166004024,1,11.18,153.49,3
5670129#9,10166004024,42432756,1,11.18,10.41,3
5670131#0,42429215,9561395277,1,27.78,11.71,12
5670131#1,9561395277,9561395297,1,27.78,101.09,12
5670131#10,42432789,7133975913,1,27.78,8.3,12
5670131#11,7133975913,4321038139,1,27.78,100.98,12
5670131#12,4321038139,1764400286,1,27.78,9.22,12
5670131#2,9561395297,42432795,1,27.78,9.1,12
5670131#3,42432795,9561395296,1,27.78,8.97,12
5670131#4,9561395296,4321038149,1,27.78,97.6,12
5670131#5,4321038149,42427859,1,27.78,13.23,12
5670131#6,42427859,4321038144,1,27.78,10.97,12
5670131#7,4321038144,7271168435,1,27.78,74.71,12
5670131#8,7271168435,7133975914,1,27.78,26.33,12
5670131#9,7133975914,42432789,1,27.78,9.03,12
5670139#0,42432818,9971383724,2,27.78,12.06,12
5670139#1,9971383724,9960054857,2,27.78,68.53,12
5670141#0,42429709,42432882,1,8.94,120.22,3
5670141#1,42432882,42429950,1,8.94,27.09,3
5670164#0,42432894,10171219263,1,22.22,8.24,10
5670164#1,10171219263,1695379703,1,22.22,69.77,10
5670167#0,42433205,8279851808,1,11.18,5.69,3
5670167#1,8279851808,8279851783,1,11.18,46.74,3
5670167#2,8279851783,42433212,1,11.18,5.81,3
5670168#0,42433243,8279851750,1,11.18,8.46,3
5670168#1,8279851750,8279851780,1,11.18,45.81,3
5670168#2,8279851780,42433237,1,11.18,6.44,3
5670168#3,42433237,8279851781,1,11.18,6.32,3
5670168#4,8279851781,8279851806,1,11.18,46.99,3
5670168#5,8279851806,42433231,1,11.18,6.6,3
5670169#0,42433256,9496980738,1,11.18,120.95,3
5670169#1,9496980738,42431104,1,11.18,12.08,3
5670169#2,42431104,9496980740,1,11.18,12.99,3
5670169#3,9496980740,10170980712,1,11.18,105.37,3
5670169#4,10170980712,42428720,1,11.18,9.77,3
5670169#5,42428720,1061531727,1,11.18,18.28,3
5670169#6,1061531727,10170980708,1,11.18,10.16,3
5670169#7,10170980708,6207264935,1,11.18,105.86,3
5670169#8,6207264935,42433252,1,11.18,12.2,3
5670170#0,42433260,8429015928,1,11.18,9.63,3
5670170#1,8429015928,4320028823,1,11.18,31.43,3
5670170#2,4320028823,42433261,1,11.18,6.21,3
5670171#0,42433281,5690447869,1,11.18,6.46,3
5670171#1,5690447869,7646537226,1,11.18,127.2,3
5670171#2,7646537226,42430235,1,11.18,12.48,3
5670171#3,42430235,8231954053,1,11.18,12.58,3
5670171#4,8231954053,42433282,1,11.18,51.97,3
5670171#5,42433282,42433260,1,11.18,39.74,3
5670171#6,42433260,4320028844,1,11.18,47.05,3
5670171#7,4320028844,42433286,1,11.18,5.23,3
5670172#0,42433298,3584752276,1,11.18,8.65,3
5670172#1,3584752276,8309478888,1,11.18,61.73,3
5670172#2,8309478888,42433295,1,11.18,5.95,3
5670172#3,42433295,8309478886,1,11.18,5.8,3
5670172#4,8309478886,8309479178,1,11.18,66.74,3
5670172#5,8309479178,42433292,1,11.18,7.4,3
5670172#6,42433292,8309479175,1,11.18,7.4,3
5670172#7,8309479175,8309479150,1,11.18,65.75,3
5670172#8,8309479150,42428468,1,11.18,9.88,3
5670174#0,42433330,8281922170,1,11.18,6.47,3
5670174#1,8281922170,3784213866,1,11.18,41.02,3
5670174#2,3784213866,6859553505,1,11.18,9.62,3
5670174#3,6859553505,3784213868,1,11.18,8.7,3
5670174#4,3784213868,8262936336,1,11.18,43.86,3
5670174#5,8262936336,673008453,1,11.18,9.5,3
5670175#0,561035371,9680957586,1,13.89,8.87,3
5670175#1,9680957586,42433339,1,13.89,259.03,3
5670176#0,42433346,8725139251,1,13.89,9.82,3
5670176#1,8725139251,5403868122,1,13.89,108.78,3
5670176#2,5403868122,42433151,1,13.89,15.6,3
5670177#0,42433350,9561253098,1,13.89,72.93,3
5670177#1,9561253098,42429109,1,13.89,11.42,3
5670178,9800536167,5784502858,1,11.18,83.48,3
5670184,42430491,5749215967,2,11.18,26.56,3
5670186,589929444,42433422,3,17.88,329.7,14
5670189,588455742,1773060099,1,11.18,14.38,11
5670192#0,42428661,1061531818,1,13.89,18.07,3
5670192#1,1061531818,8709397326,1,13.89,10.54,3
5670192#2,8709397326,10039927876,1,13.89,126.48,3
5670192#3,10039927876,42433567,1,13.89,13.2,3
5670192#4,42433567,10039927867,1,13.89,10.77,3
5670192#5,10039927867,6877248401,1,13.89,198.0,3
5670192#6,6877248401,10039972343,1,13.89,52.21,3
5670192#7,10039972343,42433565,1,13.89,11.07,3
5670193#0,42433581,1919595926,1,11.18,15.2,3
5670193#1,1919595926,5829847195,1,11.18,9.51,3
5670193#10,42432148,8231922390,1,11.18,10.45,3
5670193#11,8231922390,8231922383,1,11.18,108.66,3
5670193#12,8231922383,42433574,1,11.18,7.22,3
5670193#2,5829847195,8231934410,1,11.18,130.98,3
5670193#3,8231934410,42433578,1,11.18,5.94,3
5670193#4,42433578,8231934411,1,11.18,5.62,3
5670193#5,8231934411,8231885405,1,11.18,148.37,3
5670193#6,8231885405,42433577,1,11.18,6.42,3
5670193#7,42433577,8231885406,1,11.18,5.77,3
5670193#8,8231885406,8231922389,1,11.18,148.47,3
5670193#9,8231922389,42432148,1,11.18,10.46,3
5670197#0,42433625,8288270382,1,13.89,12.68,3
5670197#1,8288270382,9664959634,1,13.89,215.47,3
5670202#0,2141026520,8758299316,1,13.89,11.05,3
5670202#1,8758299316,5378686567,1,13.89,181.44,3
5670202#2,5378686567,9557104515,1,13.89,56.56,3
5670202#3,9557104515,42433779,1,13.89,9.76,3
5670203#0,42428917,561035356,1,13.89,18.65,3
5670203#1,561035356,10170641705,1,13.89,10.83,3
5670203#2,10170641705,9279073332,1,13.89,113.05,3
5670203#3,9279073332,42433800,1,13.89,8.12,3
5670203#4,42433800,9279073328,1,13.89,8.39,3
5670203#5,9279073328,10181632168,1,13.89,112.54,3
5670203#6,10181632168,42433797,1,13.89,14.04,3
5670204#0,42433822,4320028827,1,11.18,12.23,3
5670204#1,4320028827,42433821,1,11.18,72.8,3
5670205#0,42433834,1805328848,2,11.18,49.72,12
5670205#1,1805328848,42426747,2,11.18,9.62,12
5670225#0,42434072,3944708043,1,27.78,12.18,11
5670225#1,3944708043,3944708040,1,27.78,133.14,11
5670225#2,3944708040,42434074,1,27.78,10.99,11
5670226#0,42434101,10129081638,1,13.89,52.58,3
5670226#1,10129081638,7732653969,1,13.89,7.69,3
5670226#2,7732653969,7732653970,1,13.89,20.92,3
5670226#3,7732653970,10129081632,1,13.89,9.02,3
5670226#4,10129081632,7184120291,1,13.89,46.36,3
5670226#5,7184120291,10128878993,1,13.89,195.57,3
5670226#6,10128878993,42434105,1,13.89,17.54,3
5670228#0,42434110,3099327931,1,13.89,14.31,3
5670228#1,3099327931,10168169647,1,13.89,10.58,3
5670228#2,10168169647,5481924124,1,13.89,30.39,3
5670228#3,5481924124,5481924122,1,13.89,12.23,3
5670228#4,5481924122,8758345325,1,13.89,194.64,3
5670228#5,8758345325,2141026515,1,13.89,10.97,3
5670230,42434135,6133388352,1,11.18,147.72,3
5670232#0,42434140,3919359298,1,11.18,13.64,3
5670232#1,3919359298,4235738201,1,11.18,190.67,3
5670232#2,4235738201,42434142,1,11.18,12.75,3
5670234#0,7106818623,7106818634,2,13.89,12.55,3
5670234#1,7106818634,3718670421,2,13.89,248.54,3
5670234#2,3718670421,42434158,2,13.89,13.53,3
5670234#3,42434158,9634645805,2,13.89,10.58,3
5670234#4,9634645805,10039808169,2,13.89,249.97,3
5670234#5,10039808169,42434160,2,13.89,11.2,3
5670234#6,42434160,10039808181,2,13.89,13.4,3
5670234#7,10039808181,7004376645,2,13.89,106.57,3
5670234#8,7004376645,1061531637,2,13.89,11.59,3
5670236#0,42434179,6181480008,1,13.89,13.81,3
5670236#1,6181480008,6181480007,1,13.89,202.9,3
5670236#2,6181480007,42434175,1,13.89,11.98,3
5670236#3,42434175,6181480011,1,13.89,12.97,3
5670236#4,6181480011,3590689290,1,13.89,154.56,3
5670236#5,3590689290,6181480050,1,13.89,36.27,3
5670238#0,42429521,4207000218,1,11.18,6.18,3
5670238#1,4207000218,4206997135,1,11.18,65.08,3
5670238#2,4206997135,42433715,1,11.18,10.23,3
5670247#0,42434285,10168486322,1,11.18,12.13,4
5670247#1,10168486322,4872623861,1,11.18,249.0,4
5670247#2,4872623861,42422258,1,11.18,6.4,4
5670250#0,2141026509,42434306,1,13.89,15.81,3
5670250#1,42434306,9150629561,1,13.89,11.59,3
5670250#2,9150629561,8008242749,1,13.89,242.56,3
5670250#3,8008242749,42434308,1,13.89,11.33,3
5670250#4,42434308,8008242752,1,13.89,12.68,3
5670250#5,8008242752,42434314,1,13.89,82.98,3
5670252#0,42431643,42434338,1,13.89,125.64,3
5670252#1,42434338,42434340,1,13.89,132.45,3
5670252#2,42434340,561035365,1,13.89,267.32,3
5670252#3,561035365,42428941,1,13.89,18.31,3
5670252#4,42428941,42434343,1,13.89,133.19,3
5670253#0,42430394,7830685375,2,11.18,11.52,11
5670253#1,7830685375,4347534780,2,11.18,228.27,11
5670253#2,4347534780,4347534767,2,11.18,11.52,11
5670254#0,42434352,8310246183,1,11.18,11.74,3
5670254#1,8310246183,8569045566,1,11.18,68.42,3
5670254#2,8569045566,42431453,1,11.18,7.3,3
5670254#3,42431453,8569045573,1,11.18,7.74,3
5670254#4,8569045573,9507816951,1,11.18,66.85,3
5670254#5,9507816951,42434354,1,11.18,6.18,3
5670261#0,42434377,6900706759,1,13.89,12.05,3
5670261#1,6900706759,8796922026,1,13.89,40.98,3
5670261#2,8796922026,7781090342,1,13.89,84.46,3
5670261#3,7781090342,596776325,1,13.89,6.84,3
5670267#0,42428374,5083818845,1,11.18,7.88,4
5670267#1,5083818845,8262936645,1,11.18,90.39,4
5670267#2,8262936645,42434412,1,11.18,8.96,4
5670268#0,42434418,8276468639,1,11.18,5.72,3
5670268#1,8276468639,4942593334,1,11.18,154.86,3
5670268#2,4942593334,42434420,1,11.18,5.62,3
5670275,427841071,42434465,2,11.18,49.2,12
5670296#0,42434800,10167162584,2,11.18,11.31,3
5670296#1,10167162584,10167162589,2,11.18,87.69,3
5670296#2,10167162589,42428220,2,11.18,10.92,3
5670296#3,42428220,10167162592,2,11.18,8.31,3
5670296#4,10167162592,10168911614,2,11.18,179.98,3
5670296#5,10168911614,42430279,2,11.18,12.66,3
5670297#0,358447541,8262309008,1,2.24,7.33,4
5670297#1,8262309008,8262308987,1,2.24,240.51,4
5670297#2,8262308987,42434821,1,2.24,12.87,4
5670299#0,42434833,8310246546,1,13.89,5.67,3
5670299#1,8310246546,6865794111,1,13.89,12.63,3
5670299#2,6865794111,8310246551,1,13.89,33.29,3
5670299#3,8310246551,42434832,1,13.89,10.13,3
5670308#0,42434898,6191027342,1,13.89,13.28,3
5670308#1,6191027342,8571800880,1,13.89,30.79,3
5670308#2,8571800880,7779545015,1,13.89,102.27,3
5670308#3,7779545015,42434895,1,13.89,8.54,3
5670310#0,42434905,4969067237,1,13.89,12.09,3
5670310#1,4969067237,5481897028,1,13.89,56.6,3
5670310#2,5481897028,4969067232,1,13.89,77.31,3
5670310#3,4969067232,42434904,1,13.89,9.4,3
5670311#0,42434910,6191027345,1,13.89,13.56,3
5670311#1,6191027345,5482216765,1,13.89,23.82,3
5670311#2,5482216765,6191027323,1,13.89,179.86,3
5670311#3,6191027323,42434912,1,13.89,12.34,3
5670317#0,406048768,5130933110,1,8.94,11.06,3
5670317#1,5130933110,9076206578,1,8.94,18.96,3
5670318#0,42434989,6836035764,1,13.89,13.68,3
5670318#1,6836035764,6836035751,1,13.89,118.29,3
5670318#10,7604384246,7604384374,1,13.89,165.51,3
5670318#11,7604384374,42427146,1,13.89,9.97,3
5670318#12,42427146,7604384376,1,13.89,8.98,3
5670318#13,7604384376,7604384417,1,13.89,110.81,3
5670318#14,7604384417,42435002,1,13.89,8.2,3
5670318#2,6836035751,42434992,1,13.89,8.8,3
5670318#3,42434992,6836035753,1,13.89,10.21,3
5670318#4,6836035753,7604384230,1,13.89,112.48,3
5670318#5,7604384230,42433043,1,13.89,12.54,3
5670318#6,42433043,7604384232,1,13.89,11.84,3
5670318#7,7604384232,7604384244,1,13.89,47.87,3
5670318#8,7604384244,42428985,1,13.89,12.45,3
5670318#9,42428985,7604384246,1,13.89,14.23,3
5670333,42435197,765367023,1,13.89,43.67,3
5670339#0,371218803,7925258964,1,11.18,88.11,3
5670339#1,7925258964,7925258820,1,11.18,91.93,3
5670339#2,7925258820,42435240,1,11.18,12.37,3
5670348,4347550065,1792549686,2,11.18,10.11,11
5670354#0,42435403,7924346958,1,13.89,10.06,3
5670354#1,7924346958,10239576930,1,13.89,159.55,3
5670354#10,4585289965,8809432358,1,13.89,100.83,3
5670354#11,8809432358,4983782409,1,13.89,39.9,3
5670354#12,4983782409,42435396,1,13.89,12.99,3
5670354#2,10239576930,7924346831,1,13.89,32.46,3
5670354#3,7924346831,42435400,1,13.89,12.66,3
5670354#4,42435400,4980851590,1,13.89,13.77,3
5670354#5,4980851590,7473666325,1,13.89,149.49,3
5670354#6,7473666325,7924346627,1,13.89,53.83,3
5670354#7,7924346627,4207962275,1,13.89,12.8,3
5670354#8,4207962275,7924346810,1,13.89,12.5,3
5670354#9,7924346810,4585289965,1,13.89,49.63,3
5670366#0,7132405548,7132406686,1,11.18,10.52,3
5670366#1,7132406686,7132406720,1,11.18,42.93,3
5670366#2,7132406720,42435435,1,11.18,5.57,3
5670366#3,42435435,7132405549,1,11.18,78.11,3
5670370#0,42435497,2238282386,2,11.18,8.84,11
5670370#1,2238282386,9906879196,2,11.18,96.38,11
5670405#0,42435943,10170703036,1,13.89,6.93,3
5670405#1,10170703036,10170703045,1,13.89,182.0,3
5670405#2,10170703045,42435940,1,13.89,12.78,3
5670411#0,42435988,42435990,1,13.89,32.47,3
5670411#1,42435990,42435993,1,13.89,25.64,3
5670415#0,42432950,10171603054,1,13.89,10.7,3
5670415#1,10171603054,10170605779,1,13.89,103.02,3
5670415#2,10170605779,42435837,1,13.89,13.08,3
5670415#3,42435837,10170605775,1,13.89,11.54,3
5670415#4,10170605775,3316662358,1,13.89,64.78,3
5670415#5,3316662358,5487825388,1,13.89,30.91,3
5670415#6,5487825388,9150629544,1,13.89,148.18,3
5670415#7,9150629544,42436003,1,13.89,11.18,3
5670418#0,42436014,8304498378,1,11.18,12.19,3
5670418#1,8304498378,8002650346,1,11.18,45.84,3
5670418#2,8002650346,8429031609,1,11.18,67.6,3
5670418#3,8429031609,42436017,1,11.18,7.05,3
5670418#4,42436017,8429031612,1,11.18,8.31,3
5670418#5,8429031612,42436021,1,11.18,60.01,3
5670418#6,42436021,8250851267,1,11.18,54.65,3
5670418#7,8250851267,3874650177,1,11.18,21.45,3
5670418#8,3874650177,42436024,1,11.18,11.3,3
5670432,3914862593,588546798,1,27.78,11.42,11
5670438#0,42436283,8740550831,1,13.89,7.83,3
5670438#1,8740550831,8740550824,1,13.89,82.93,3
5670438#2,8740550824,42436285,1,13.89,12.4,3
5670440#0,42436316,3874650171,1,11.18,10.36,3
5670440#1,3874650171,42436313,1,11.18,83.5,3
5670440#2,42436313,5837174092,1,11.18,58.86,3
5670440#3,5837174092,42436060,1,11.18,9.04,3
5670451#0,4685465959,8262308681,2,11.18,46.91,3
5670451#1,8262308681,42429394,2,11.18,7.62,3
5670451#2,42429394,8262308682,2,11.18,7.58,3
5670451#3,8262308682,8262308641,2,11.18,53.2,3
5670451#4,8262308641,42436431,2,11.18,8.27,3
5670451#5,42436431,8262308642,2,11.18,7.66,3
5670451#6,8262308642,8307463652,2,11.18,59.4,3
5670451#7,8307463652,42431503,2,11.18,5.99,3
5670454#0,42436411,1701921010,2,27.78,7.51,11
5670454#1,1701921010,6211332478,2,27.78,32.89,11
5670454#2,6211332478,6211334202,2,27.78,6.27,11
5670458#0,42427965,4918486094,3,11.18,12.300000000000002,11
5670458#1,4918486094,5119773922,3,11.18,44.48,11
5670458#2,5119773922,3342322003,3,11.18,9.96,11
5670458#3,3342322003,5119773933,3,11.18,6.77,11
5670458#4,5119773933,8231348299,3,11.18,43.31,11
5670458#5,8231348299,4918486946,3,11.18,87.58999999999999,11
5670458#6,4918486946,42436531,3,11.18,13.050000000000002,11
5670459#0,42436556,6352970510,1,11.18,8.27,3
5670459#1,6352970510,7135164269,1,11.18,202.3,3
5670459#2,7135164269,42428045,1,11.18,12.43,3
5670459#3,42428045,7135164274,1,11.18,12.45,3
5670459#4,7135164274,7140667650,1,11.18,191.3,3
5670459#5,7140667650,42436551,1,11.18,12.55,3
5670462#0,42436567,4890333643,1,11.18,7.25,3
5670462#1,4890333643,9988098416,1,11.18,20.62,3
5670462#2,9988098416,4890320315,1,11.18,65.85,3
5670462#3,4890320315,592484776,1,11.18,7.11,3
5670466#0,42436575,10166167553,1,11.18,10.0,3
5670466#1,10166167553,10166167528,1,11.18,132.59,3
5670466#2,10166167528,4597668029,1,11.18,9.9,3
5670468#0,42436619,7779545010,1,11.18,9.07,3
5670468#1,7779545010,6191027301,1,11.18,132.33,3
5670468#2,6191027301,42436624,1,11.18,13.6,3
5670470#0,9178807971,42436641,1,13.89,5.8,3
5670470#1,42436641,6256723733,1,13.89,6.56,3
5670470#10,5481998081,7777321713,1,13.89,48.19,3
5670470#11,7777321713,42436647,1,13.89,13.17,3
5670470#2,6256723733,5481998071,1,13.89,34.58,3
5670470#3,5481998071,5481998074,1,13.89,63.7,3
5670470#4,5481998074,7779608820,1,13.89,29.44,3
5670470#5,7779608820,42436644,1,13.89,8.72,3
5670470#6,42436644,7779608795,1,13.89,9.04,3
5670470#7,7779608795,5481998078,1,13.89,35.83,3
5670470#8,5481998078,5481998085,1,13.89,9.04,3
5670470#9,5481998085,5481998081,1,13.89,40.06,3
5670472#0,42436651,7777321747,1,13.89,12.68,3
5670472#1,7777321747,5481998039,1,13.89,56.14,3
5670472#2,5481998039,7929477356,1,13.89,65.17,3
5670472#3,7929477356,7474589657,1,13.89,63.21,3
5670472#4,7474589657,7777426420,1,13.89,18.28,3
5670472#5,7777426420,42436653,1,13.89,13.47,3
5670481,5426969134,42436716,1,22.22,53.24,9
5670488#0,42436793,8429053207,1,11.18,5.88,3
5670488#1,8429053207,8429031591,1,11.18,154.08,3
5670488#2,8429031591,1692433932,1,11.18,6.56,3
5670490#0,42436761,8304498342,1,11.18,20.41,3
5670490#1,8304498342,42430136,1,11.18,12.66,3
5670495#0,42436832,9566938941,1,11.18,7.95,3
5670495#1,9566938941,10670916659,1,11.18,116.45,3
5670495#10,7604384312,8722881559,1,11.18,64.14,3
5670495#11,8722881559,42436812,1,11.18,9.92,3
5670495#12,42436812,8722881557,1,11.18,8.14,3
5670495#13,8722881557,5403873780,1,11.18,98.42,3
5670495#14,5403873780,42433058,1,11.18,12.38,3
5670495#15,42433058,5403873781,1,11.18,10.79,3
5670495#16,5403873781,8722881615,1,11.18,113.16,3
5670495#17,8722881615,42436807,1,11.18,10.17,3
5670495#18,42436807,8722881612,1,11.18,8.35,3
5670495#19,8722881612,8723021844,1,11.18,119.09,3
5670495#2,10670916659,42430023,1,11.18,7.48,3
5670495#20,8723021844,42436806,1,11.18,13.54,3
5670495#3,42430023,10670916660,1,11.18,7.32,3
5670495#4,10670916660,9566938955,1,11.18,63.37,3
5670495#5,9566938955,42427164,1,11.18,9.74,3
5670495#6,42427164,9566938952,1,11.18,9.51,3
5670495#7,9566938952,7604384314,1,11.18,112.81,3
5670495#8,7604384314,42429006,1,11.18,12.39,3
5670495#9,42429006,7604384312,1,11.18,12.79,3
5670498#0,42430187,529556095,1,11.18,14.52,3
5670498#1,529556095,8429015947,1,11.18,106.84,3
5670498#2,8429015947,42436848,1,11.18,5.82,3
5670507#0,42436911,7094731938,1,11.18,8.85,3
5670507#1,7094731938,10122937140,1,11.18,134.37,3
5670507#10,42436917,10122937124,1,11.18,9.54,3
5670507#11,10122937124,10122913415,1,11.18,131.81,3
5670507#12,10122913415,42436919,1,11.18,12.83,3
5670507#13,42436919,10122913416,1,11.18,13.92,3
5670507#14,10122913416,8250715773,1,11.18,190.55,3
5670507#15,8250715773,42436921,1,11.18,12.0,3
5670507#16,42436921,8250715767,1,11.18,14.43,3
5670507#17,8250715767,6689909664,1,11.18,202.88,3
5670507#18,6689909664,42436922,1,11.18,13.84,3
5670507#19,42436922,6689909662,1,11.18,13.04,3
5670507#2,10122937140,42436913,1,11.18,10.62,3
5670507#20,6689909662,6689923792,1,11.18,191.08,3
5670507#21,6689923792,42428016,1,11.18,11.56,3
5670507#3,42436913,10122937139,1,11.18,12.15,3
5670507#4,10122937139,10122937135,1,11.18,125.01,3
5670507#5,10122937135,596776078,1,11.18,10.18,3
5670507#6,596776078,42436914,1,11.18,17.04,3
5670507#7,42436914,10122937136,1,11.18,10.6,3
5670507#8,10122937136,10122937125,1,11.18,126.73,3
5670507#9,10122937125,42436917,1,11.18,10.55,3
5670508#0,6865009901,42429944,1,8.94,42.23,3
5670508#1,42429944,9561209079,1,8.94,75.13,3
5670508#2,9561209079,42436929,1,8.94,6.99,3
5670508#3,42436929,9561209082,1,8.94,8.54,3
5670508#4,9561209082,42436930,1,8.94,97.42,3
5670508#5,42436930,9561209094,1,8.94,76.36,3
5670508#6,9561209094,42429707,1,8.94,8.98,3
5670510#0,42436949,5178498523,1,8.94,56.48,3
5670510#1,5178498523,7145875534,1,8.94,11.18,3
5670510#2,7145875534,8309479476,1,8.94,38.65,3
5670510#3,8309479476,42436947,1,8.94,7.63,3
5670512#0,42436957,8309479568,1,8.94,9.65,4
5670512#1,8309479568,8309479565,1,8.94,210.37,4
5670512#2,8309479565,3624790934,1,8.94,9.8,4
5670514#0,42430187,3891950555,1,11.18,14.13,3
5670514#1,3891950555,8309469088,1,11.18,117.2,3
5670514#2,8309469088,42431517,1,11.18,5.74,3
5670514#3,42431517,8309469089,1,11.18,5.62,3
5670514#4,8309469089,8307641963,1,11.18,130.36,3
5670514#5,8307641963,42436968,1,11.18,13.23,3
5670515#0,42436971,8310246553,1,13.89,7.99,3
5670515#1,8310246553,8310246566,1,13.89,45.94,3
5670515#2,8310246566,42436974,1,13.89,5.82,3
5670519#0,42437005,10061723884,1,11.18,6.34,3
5670519#1,10061723884,9492556575,1,11.18,182.78,3
5670519#10,42436990,8687882685,1,11.18,11.75,3
5670519#2,9492556575,42431094,1,11.18,12.46,3
5670519#3,42431094,9492556581,1,11.18,12.43,3
5670519#4,9492556581,10061731003,1,11.18,105.28,3
5670519#5,10061731003,42428709,1,11.18,10.13,3
5670519#6,42428709,1061531847,1,11.18,19.26,3
5670519#7,1061531847,7004379680,1,11.18,9.17,3
5670519#8,7004379680,8687882686,1,11.18,105.38,3
5670519#9,8687882686,42436990,1,11.18,12.42,3
5670522#0,4597668019,3252590542,2,11.18,16.89,12
5670522#1,3252590542,42437021,2,11.18,5.84,12
5670526#0,42437058,9168918322,1,11.18,8.04,3
5670526#1,9168918322,9492556594,1,11.18,143.75,3
5670526#2,9492556594,42431057,1,11.18,11.75,3
5670526#3,42431057,9492556520,1,11.18,11.72,3
5670526#4,9492556520,10060611744,1,11.18,105.69,3
5670532#0,42427346,8310245584,1,11.18,8.89,3
5670532#1,8310245584,8310245578,1,11.18,64.82,3
5670532#2,8310245578,42437067,1,11.18,5.83,3
5670532#3,42437067,8310245581,1,11.18,6.02,3
5670532#4,8310245581,2715605021,1,11.18,63.24,3
5670532#5,2715605021,42437071,1,11.18,6.33,3
5670536,1773060097,42437559,1,11.18,11.24,3
5670539#0,1506445821,6791440554,1,13.89,9.08,3
5670539#1,6791440554,8385765465,1,13.89,141.74,3
5670539#2,8385765465,42437142,1,13.89,13.05,3
5670540#0,42437174,10167137551,1,11.18,12.86,10
5670540#1,10167137551,3817980392,1,11.18,142.51,10
5670540#2,3817980392,10170875043,1,11.18,139.07,10
5670540#3,10170875043,42437177,1,11.18,10.09,10
5670544#0,42437223,10168673736,1,13.89,5.98,3
5670544#1,10168673736,7326861785,1,13.89,129.25,3
5670544#2,7326861785,42428799,1,13.89,11.9,3
5670551#0,42437280,9679181051,1,11.18,7.27,3
5670551#1,9679181051,9679181043,1,11.18,134.29,3
5670551#2,9679181043,42434357,1,11.18,8.54,3
5670553#0,42437300,10039972351,1,13.89,11.24,3
5670553#1,10039972351,10039927888,1,13.89,249.97,3
5670553#2,10039927888,42437305,1,13.89,11.0,3
5670555#0,42437316,8725182233,1,13.89,10.84,3
5670555#1,8725182233,5748721453,1,13.89,55.74,3
5670555#2,5748721453,9569882312,1,13.89,83.22,3
5670555#3,9569882312,42437319,1,13.89,10.06,3
5670560#0,42437354,8309479317,1,8.94,9.83,3
5670560#1,8309479317,8309479338,1,8.94,211.67,3
5670560#2,8309479338,42437349,1,8.94,8.12,3
5670566#0,42435272,7802856371,1,11.18,11.85,3
5670566#1,7802856371,9668750178,1,11.18,249.23,3
5670566#2,9668750178,42437384,1,11.18,12.48,3
5670572#0,42427985,7837088635,1,11.18,13.64,3
5670572#1,7837088635,9030177787,1,11.18,191.81,3
5670572#2,9030177787,42437451,1,11.18,13.62,3
5670572#3,42437451,9030177814,1,11.18,15.23,3
5670572#4,9030177814,8851344393,1,11.18,203.21,3
5670572#5,8851344393,42437445,1,11.18,11.89,3
5670574#0,11038072550,5804835257,2,11.18,33.98,11
5670574#1,5804835257,11038072465,2,11.18,9.12,11
5670574#2,11038072465,42427335,2,11.18,7.22,11
5670578#0,42437505,11038072104,1,11.18,8.06,3
5670578#1,11038072104,8310246621,1,11.18,8.34,3
5670578#10,6330018954,6330018965,1,11.18,10.15,3
5670578#11,6330018965,6330018924,1,11.18,12.36,3
5670578#12,6330018924,42437496,1,11.18,50.82,3
5670578#13,42437496,8310246625,1,11.18,3.4,3
5670578#14,8310246625,4487582555,1,11.18,5.81,3
5670578#15,4487582555,7480515813,1,11.18,16.26,3
5670578#2,8310246621,8310246596,1,11.18,140.85,3
5670578#3,8310246596,42437503,1,11.18,8.62,3
5670578#4,42437503,8310246599,1,11.18,8.6,3
5670578#5,8310246599,7071398758,1,11.18,25.43,3
5670578#6,7071398758,6330018943,1,11.18,30.49,3
5670578#7,6330018943,6330018951,1,11.18,57.02,3
5670578#8,6330018951,42437500,1,11.18,11.38,3
5670578#9,42437500,6330018954,1,11.18,32.21,3
5670579#0,42437519,5804713723,1,11.18,8.41,3
5670579#1,5804713723,2348991669,1,11.18,71.2,3
5670581#0,42437529,1251830468,1,11.18,37.13,3
5670581#1,1251830468,9558740378,1,11.18,30.66,3
5670581#2,9558740378,42437530,1,11.18,5.71,3
5670584#0,42437546,4296895459,1,6.71,21.36,3
5670584#1,4296895459,9017251855,1,6.71,11.68,3
5670584#2,9017251855,42437537,1,6.71,45.51,3
5670594#0,1773084402,8309479116,2,11.18,15.77,12
5670594#1,8309479116,8309479105,2,11.18,63.26,12
5670594#2,8309479105,42431168,2,11.18,9.17,12
5670594#3,42431168,8309479106,2,11.18,8.47,12
5670594#4,8309479106,8309479095,2,11.18,70.33,12
5670594#5,8309479095,42437618,2,11.18,7.77,12
5670594#6,42437618,8309479096,2,11.18,8.35,12
5670594#7,8309479096,8309479089,2,11.18,32.53,12
5670594#8,8309479089,1692433907,2,11.18,7.22,12
5670600#0,9971314382,3857334397,2,11.18,251.95,12
5670600#1,3857334397,42430304,2,11.18,10.53,12
5670615#0,42435990,9559444354,1,13.89,73.94,3
5670615#1,9559444354,42437801,1,13.89,11.93,3
5670618#0,588593097,4206997168,1,11.18,48.37,3
5670618#1,4206997168,42433718,1,11.18,9.82,3
5670621#0,10705337090,7144880737,1,11.18,66.93,3
5670621#1,7144880737,7144880739,1,11.18,63.51,3
5670621#2,7144880739,3236082435,1,11.18,66.91,3
5670627#0,42437845,9900041155,1,11.18,9.3,3
5670627#1,9900041155,9900041161,1,11.18,60.41,3
5670627#2,9900041161,42437841,1,11.18,10.01,3
5670633#0,1919595923,3783146166,1,11.18,9.61,3
5670633#1,3783146166,8310245655,1,11.18,126.27,3
5670633#10,8310245572,8310245564,1,11.18,42.26,3
5670633#11,8310245564,42435534,1,11.18,7.92,3
5670633#2,8310245655,42432078,1,11.18,5.64,3
5670633#3,42432078,8310245656,1,11.18,5.59,3
5670633#4,8310245656,8310245579,1,11.18,126.34,3
5670633#5,8310245579,42437067,1,11.18,5.8,3
5670633#6,42437067,8310245580,1,11.18,6.03,3
5670633#7,8310245580,8310245571,1,11.18,125.32,3
5670633#8,8310245571,42429806,1,11.18,5.57,3
5670633#9,42429806,8310245572,1,11.18,7.33,3
5670640#0,42435337,7784826646,1,11.18,11.55,3
5670640#1,7784826646,6935388008,1,11.18,18.11,3
5670640#10,42437918,9654214286,1,11.18,14.6,3
5670640#11,9654214286,7004451411,1,11.18,137.5,3
5670640#12,7004451411,1061531575,1,11.18,9.82,3
5670640#13,1061531575,42428751,1,11.18,21.92,3
5670640#14,42428751,9646862914,1,11.18,11.6,3
5670640#15,9646862914,10166004085,1,11.18,68.77,3
5670640#16,10166004085,9916138283,1,11.18,0.38,3
5670640#17,9916138283,42431118,1,11.18,12.49,3
5670640#2,6935388008,10171363575,1,11.18,101.31,3
5670640#3,10171363575,42437916,1,11.18,7.21,3
5670640#4,42437916,10171363571,1,11.18,10.09,3
5670640#5,10171363571,10166004031,1,11.18,111.57,3
5670640#6,10166004031,42437917,1,11.18,13.54,3
5670640#7,42437917,10166004034,1,11.18,11.96,3
5670640#8,10166004034,9654214288,1,11.18,250.21,3
5670640#9,9654214288,42437918,1,11.18,10.46,3
5670642#0,42432795,9561395295,1,22.22,12.2,10
5670642#1,9561395295,9561420899,1,22.22,189.33,10
5670642#2,9561420899,42437921,1,22.22,8.97,10
5670642#3,42437921,9561420897,1,22.22,9.36,10
5670642#4,9561420897,9561420928,1,22.22,158.39,10
5670642#5,9561420928,42437923,1,22.22,9.21,10
5670642#6,42437923,9561420926,1,22.22,8.59,10
5670642#7,9561420926,9561420936,1,22.22,157.84,10
5670642#8,9561420936,42431242,1,22.22,10.56,10
5670650#0,42437942,8740550767,1,13.89,10.05,3
5670650#1,8740550767,5403868132,1,13.89,111.96,3
5670650#2,5403868132,1762221470,1,13.89,11.87,3
5670650#3,1762221470,5403868133,1,13.89,12.6,3
5670650#4,5403868133,9563795470,1,13.89,97.61,3
5670650#5,9563795470,42437944,1,13.89,8.77,3
5670651#0,42430237,1760570971,1,11.18,14.15,11
5670651#1,1760570971,8309478832,1,11.18,133.67,11
5670651#2,8309478832,42437951,1,11.18,6.86,11
5670651#3,42437951,8309478830,1,11.18,5.54,11
5670651#4,8309478830,8231298071,1,11.18,97.2,11
5670651#5,8231298071,8309478853,1,11.18,46.34,11
5670651#6,8309478853,42437949,1,11.18,8.86,11
5670652#0,5796726888,7480301993,2,11.18,7.99,12
5670652#1,7480301993,42437970,2,11.18,16.43,12
5670655#0,2140997997,8008242800,1,13.89,184.05,3
5670655#1,8008242800,42435898,1,13.89,11.91,3
5670655#2,42435898,8008242803,1,13.89,12.35,3
5670655#3,8008242803,42438018,1,13.89,100.63,3
5670656,42438024,42432983,1,13.89,171.65,3
5670657,42438030,4149750389,1,11.18,51.72,3
5670658#0,7132405547,7641718048,1,11.18,5.76,3
5670658#1,7641718048,7132389383,1,11.18,63.24,3
5670658#2,7132389383,7132405535,1,11.18,6.59,3
5670659#0,42438052,10039815557,1,13.89,9.16,3
5670659#1,10039815557,9492542200,1,13.89,219.3,3
5670659#10,42438045,8699239288,1,13.89,11.94,3
5670659#11,8699239288,8002696369,1,13.89,21.96,3
5670659#12,8002696369,10042608487,1,13.89,227.29,3
5670659#13,10042608487,42438043,1,13.89,11.13,3
5670659#2,9492542200,42431044,1,13.89,11.91,3
5670659#3,42431044,9492556598,1,13.89,11.84,3
5670659#4,9492556598,8699239304,1,13.89,106.2,3
5670659#5,8699239304,42428682,1,13.89,10.33,3
5670659#6,42428682,1061531810,1,13.89,16.8,3
5670659#7,1061531810,7004376644,1,13.89,11.88,3
5670659#8,7004376644,8699239293,1,13.89,105.71,3
5670659#9,8699239293,42438045,1,13.89,13.3,3
5670665,42438084,7925258564,1,22.22,15.32,7
5670667#0,42438090,7925258546,1,13.89,30.75,3
5670667#1,7925258546,42438153,1,13.89,12.91,3
5670668#0,42428376,8281922231,1,11.18,7.26,3
5670668#1,8281922231,8262936495,1,11.18,105.48,3
5670668#2,8262936495,42438155,1,11.18,8.73,3
5670670#0,42428124,9563821097,1,8.94,8.38,12
5670670#1,9563821097,1769708232,1,8.94,52.65,12
5670670#2,1769708232,9563821094,1,8.94,15.7,12
5670670#3,9563821094,9166213997,1,8.94,8.46,12
5670673#0,42437530,9558740374,1,11.18,61.85,3
5670673#1,9558740374,42438174,1,11.18,7.18,3
5670673#2,42438174,42438173,1,11.18,70.77,3
5670675#0,42438186,9566869987,1,13.89,13.79,3
5670675#1,9566869987,9566869994,1,13.89,118.86,3
5670675#10,9550791877,9563795505,1,13.89,74.62,3
5670675#11,9563795505,42429035,1,13.89,10.83,3
5670675#2,9566869994,42438189,1,13.89,8.43,3
5670675#3,42438189,9566869997,1,13.89,9.79,3
5670675#4,9566869997,5403873755,1,13.89,113.28,3
5670675#5,5403873755,42433069,1,13.89,10.83,3
5670675#6,42433069,5403873751,1,13.89,12.69,3
5670675#7,5403873751,9550791874,1,13.89,97.98,3
5670675#8,9550791874,42438199,1,13.89,8.26,3
5670675#9,42438199,9550791877,1,13.89,9.4,3
5670676#0,42430953,9563795433,1,8.94,72.74,3
5670676#1,9563795433,42427196,1,8.94,9.25,3
5670677#0,42438224,9459407318,1,13.89,89.11,3
5670677#1,9459407318,2541754747,1,13.89,10.16,3
5670677#2,2541754747,42428873,1,13.89,19.86,3
5670677#3,42428873,10128823992,1,13.89,9.0,3
5670677#4,10128823992,10128660290,1,13.89,242.21,3
5670677#5,10128660290,42438228,1,13.89,17.61,3
5670681#0,42438246,10170977528,1,13.89,8.72,3
5670681#1,10170977528,10171135917,1,13.89,96.85,3
5670681#2,10171135917,42438247,1,13.89,10.54,3
5670684#0,42438255,42432994,1,13.89,116.21,3
5670684#1,42432994,42438257,1,13.89,72.69,3
5670684#2,42438257,9935939374,1,13.89,256.94,3
5670684#3,9935939374,561035374,1,13.89,13.48,3
5670686#0,42438271,9557110401,1,13.89,134.62,3
5670686#1,9557110401,42424235,1,13.89,8.28,3
5670688#0,6979088365,6979088366,1,13.89,8.53,3
5670688#1,6979088366,10743657294,1,13.89,151.52,3
5670688#2,10743657294,42428922,1,13.89,8.8,3
5670694#0,595245925,10098621509,1,11.18,8.81,3
5670694#1,10098621509,9900513533,1,11.18,64.2,3
5670694#2,9900513533,595245859,1,11.18,7.04,3
5670694#3,595245859,9900513526,1,11.18,7.53,3
5670694#4,9900513526,9243903031,1,11.18,65.49,3
5670694#5,9243903031,42438300,1,11.18,10.63,3
5670701,42438362,685164636,1,11.18,13.09,3
5670703#0,42422283,3898690195,1,11.18,11.94,11
5670703#1,3898690195,5378284711,1,11.18,91.53,11
5670703#2,5378284711,42438471,1,11.18,58.22,11
5670703#3,42438471,8279851791,1,11.18,51.19,11
5670703#4,8279851791,42438476,1,11.18,10.4,11
5670707#0,42438485,3341915091,1,11.18,8.79,3
5670707#1,3341915091,10156669030,1,11.18,133.29,3
5670707#10,10125087300,42438498,1,11.18,10.34,3
5670707#11,42438498,10125087299,1,11.18,10.12,3
5670707#12,10125087299,10170793852,1,11.18,130.97,3
5670707#13,10170793852,42438503,1,11.18,13.76,3
5670707#14,42438503,10170793856,1,11.18,12.86,3
5670707#15,10170793856,8250715774,1,11.18,191.06,3
5670707#16,8250715774,42438506,1,11.18,12.05,3
5670707#17,42438506,8250715779,1,11.18,13.26,3
5670707#18,8250715779,9001600168,1,11.18,167.95,3
5670707#19,9001600168,6691104515,1,11.18,34.69,3
5670707#2,10156669030,42438487,1,11.18,11.76,3
5670707#20,6691104515,42438509,1,11.18,13.97,3
5670707#21,42438509,6691104517,1,11.18,12.55,3
5670707#22,6691104517,8996371851,1,11.18,30.49,3
5670707#23,8996371851,6691104522,1,11.18,161.21,3
5670707#24,6691104522,42428022,1,11.18,12.65,3
5670707#3,42438487,10156669027,1,11.18,10.51,3
5670707#4,10156669027,9563518596,1,11.18,124.96,3
5670707#5,9563518596,596776083,1,11.18,10.41,3
5670707#6,596776083,42438490,1,11.18,17.45,3
5670707#7,42438490,9563518601,1,11.18,10.33,3
5670707#8,9563518601,5375821999,1,11.18,78.36,3
5670707#9,5375821999,10125087300,1,11.18,49.06,3
5670709#0,42435931,7196107837,1,11.18,8.63,11
5670709#1,7196107837,588455701,1,11.18,33.62,11
5670711#0,42433553,7196135023,1,11.18,9.65,3
5670711#1,7196135023,7179988086,1,11.18,58.06,3
5670711#2,7179988086,588455700,1,11.18,8.55,3
5670719#0,42438684,4872498378,1,11.18,10.85,3
5670719#1,4872498378,8261123020,1,11.18,223.62,3
5670719#2,8261123020,42430603,1,11.18,13.62,3
5670719#3,42430603,8261123017,1,11.18,13.6,3
5670719#4,8261123017,2823833578,1,11.18,202.8,3
5670719#5,2823833578,8262308994,1,11.18,44.99,3
5670719#6,8262308994,42438674,1,11.18,13.3,3
5670719#7,42438674,8262308991,1,11.18,14.16,3
5670719#8,8262308991,5122551883,1,11.18,246.38,3
5670719#9,5122551883,42438672,1,11.18,12.19,3
5670728#0,42434839,5804849353,1,11.18,6.25,3
5670728#1,5804849353,42438779,1,11.18,72.66,3
5670728#2,42438779,4890553386,1,11.18,65.9,3
5670728#3,4890553386,42438781,1,11.18,9.33,3
5670733,596799891,42427036,1,11.18,44.28,10
5670734#0,42438819,9900507017,1,11.18,10.28,3
5670734#1,9900507017,10742000956,1,11.18,44.92,3
5670734#2,10742000956,5117745451,1,11.18,16.29,3
5670734#3,5117745451,9374781628,1,11.18,12.29,3
5670734#4,9374781628,42437841,1,11.18,74.08,3
5670734#5,42437841,42438825,1,11.18,80.2,3
5670734#6,42438825,9374838667,1,11.18,65.22,3
5670734#7,9374838667,42438832,1,11.18,13.31,3
5670735#0,42438836,8835729528,1,22.22,12.39,10
5670735#1,8835729528,5487817597,1,22.22,37.76,10
5670735#2,5487817597,10171129698,1,22.22,67.85,10
5670735#3,10171129698,42438839,1,22.22,10.58,10
5670736#0,42438849,9558740375,1,11.18,61.07,3
5670736#1,9558740375,42434360,1,11.18,7.94,3
5670736#2,42434360,7937421625,1,11.18,8.74,3
5670736#3,7937421625,42437529,1,11.18,61.97,3
5670736#4,42437529,246539423,1,11.18,41.43,3
5670738#0,42424225,7104619478,1,11.18,11.49,3
5670738#1,7104619478,3916376283,1,11.18,99.21,3
5670738#2,3916376283,3916376281,1,11.18,49.11,3
5670738#3,3916376281,3718672431,1,11.18,101.13,3
5670738#4,3718672431,42438859,1,11.18,13.46,3
5670740,370924677,3829675225,1,22.22,87.9,9
5670742#0,42438906,10170875063,1,13.89,142.01,3
5670742#1,10170875063,42438908,1,13.89,9.0,3
5670742#2,42438908,3099326119,1,13.89,15.34,3
5670742#3,3099326119,10170875067,1,13.89,8.52,3
5670742#4,10170875067,8758345333,1,13.89,239.16,3
5670742#5,8758345333,2141026538,1,13.89,10.04,3
5670742#6,2141026538,42438913,1,13.89,15.18,3
5670747#0,42438953,6190263584,1,13.89,13.56,3
5670747#1,6190263584,7779533925,1,13.89,132.7,3
5670747#2,7779533925,42438949,1,13.89,8.99,3
5670747#3,42438949,7779533898,1,13.89,8.21,3
5670747#4,7779533898,6254630451,1,13.89,128.74,3
5670747#5,6254630451,42438947,1,13.89,5.88,3
5670748#0,42438963,6254630471,1,13.89,12.08,3
5670748#1,6254630471,6029892037,1,13.89,35.53,3
5670748#2,6029892037,5481897031,1,13.89,25.0,3
5670748#3,5481897031,7089698649,1,13.89,73.45,3
5670748#4,7089698649,42438961,1,13.89,8.95,3
5670749#0,42438973,6190264265,1,13.89,14.06,3
5670749#1,6190264265,6190264221,1,13.89,202.62,3
5670749#2,6190264221,42438971,1,13.89,13.95,3
5670751#0,42424757,10122952960,1,13.89,9.0,3
5670751#1,10122952960,5481922046,1,13.89,91.11,3
5670751#2,5481922046,10169396616,1,13.89,36.94,3
5670751#3,10169396616,589928033,1,13.89,6.69,3
5670756#0,42439006,4298757048,1,11.18,10.3,3
5670756#1,4298757048,595655124,1,11.18,6.31,3
5670756#10,4298757016,595655123,1,11.18,6.44,3
5670756#2,595655124,4161568369,1,11.18,6.28,3
5670756#3,4161568369,8429307327,1,11.18,66.32,3
5670756#4,8429307327,8575732686,1,11.18,52.21,3
5670756#5,8575732686,8575732683,1,11.18,7.19,3
5670756#6,8575732683,7144880693,1,11.18,22.37,3
5670756#7,7144880693,7144880695,1,11.18,51.41,3
5670756#8,7144880695,8429307328,1,11.18,82.94,3
5670756#9,8429307328,4298757016,1,11.18,65.93,3
5670759,595338201,2383895311,1,13.89,249.97,3
5670762#0,42445644,9563435884,1,13.89,10.61,3
5670762#1,9563435884,42439065,1,13.89,32.44,3
5670762#2,42439065,9561557610,1,13.89,126.57,3
5670762#3,9561557610,42432722,1,13.89,8.46,3
5670765,42439115,42434243,2,11.18,79.97,11
5670770#0,246539423,4132605207,1,11.18,29.19,3
5670770#1,4132605207,42439170,1,11.18,14.13,3
5670771#0,42427369,7781127797,1,11.18,12.49,3
5670771#1,7781127797,8569048158,1,11.18,92.97,3
5670771#2,8569048158,42428183,1,11.18,10.87,3
5670773#0,42432171,8307641669,1,11.18,7.51,3
5670773#1,8307641669,8307641660,1,11.18,123.06,3
5670773#2,8307641660,42439207,1,11.18,7.88,3
5670774#0,42439216,42428939,1,13.89,119.57,3
5670774#1,42428939,561035364,1,13.89,18.77,3
5670774#2,561035364,42439213,1,13.89,267.11,3
5670774#3,42439213,42439210,1,13.89,132.47,3
5670774#4,42439210,42432970,1,13.89,140.97,3
5670776#0,42439228,8008242744,1,13.89,81.7,3
5670776#1,8008242744,42435876,1,13.89,13.31,3
5670776#2,42435876,8008242741,1,13.89,11.96,3
5670776#3,8008242741,7229615769,1,13.89,36.04,3
5670776#4,7229615769,9150629560,1,13.89,207.21,3
5670776#5,9150629560,42439225,1,13.89,10.67,3
5670778#0,42438173,1251830454,1,11.18,36.43,3
5670778#1,1251830454,9558740372,1,11.18,30.42,3
5670778#2,9558740372,42438849,1,11.18,7.39,3
5670782#0,595407639,3919350751,2,11.18,5.75,3
5670782#1,3919350751,42434140,2,11.18,13.76,3
5670785#0,42439272,8429175896,1,11.18,10.24,3
5670785#1,8429175896,5481850676,1,11.18,186.1,3
5670785#2,5481850676,9683231651,1,11.18,100.96,3
5670785#3,9683231651,42430259,1,11.18,11.43,3
5670787#0,685164633,4298757037,1,11.18,6.33,3
5670787#1,4298757037,10990454351,1,11.18,50.87,3
5670787#2,10990454351,7144880509,1,11.18,92.24,3
5670787#3,7144880509,7144880540,1,11.18,63.35,3
5670787#4,7144880540,10990454350,1,11.18,81.3,3
5670787#5,10990454350,4298757010,1,11.18,49.95,3
5670787#6,4298757010,685164631,1,11.18,7.07,3
5670792#0,42439335,8231934390,1,11.18,17.52,3
5670792#1,8231934390,42430164,1,11.18,13.22,3
5670793#0,42432220,6836035771,1,13.89,10.12,3
5670793#1,6836035771,6836035770,1,13.89,85.04,3
5670793#2,6836035770,42439362,1,13.89,9.01,3
5670793#3,42439362,6836035809,1,13.89,10.64,3
5670793#4,6836035809,7675910666,1,13.89,82.91,3
5670793#5,7675910666,6836035768,1,13.89,20.77,3
5670793#6,6836035768,42435197,1,13.89,11.61,3
5670795#0,42429346,7834030794,1,13.89,12.23,3
5670795#1,7834030794,42439384,1,13.89,42.42,3
5670797#0,42439389,3341858523,1,13.89,8.83,3
5670797#1,3341858523,3341917065,1,13.89,136.14,3
5670797#10,42439399,10125087291,1,13.89,10.42,3
5670797#11,10125087291,10156669104,1,13.89,131.02,3
5670797#12,10156669104,42439403,1,13.89,13.64,3
5670797#13,42439403,10156669101,1,13.89,13.19,3
5670797#14,10156669101,8250715793,1,13.89,190.19,3
5670797#15,8250715793,42439406,1,13.89,12.11,3
5670797#16,42439406,8250715780,1,13.89,12.13,3
5670797#17,8250715780,6691104507,1,13.89,203.52,3
5670797#18,6691104507,42439409,1,13.89,13.83,3
5670797#19,42439409,6691104508,1,13.89,12.69,3
5670797#2,3341917065,42439392,1,13.89,10.62,3
5670797#20,6691104508,7834024328,1,13.89,191.96,3
5670797#21,7834024328,42428027,1,13.89,12.53,3
5670797#22,42428027,7834024323,1,13.89,12.41,3
5670797#23,7834024323,7135164278,1,13.89,201.36,3
5670797#24,7135164278,42439416,1,13.89,13.43,3
5670797#3,42439392,3341917066,1,13.89,10.45,3
5670797#4,3341917066,3341912573,1,13.89,125.69,3
5670797#5,3341912573,596776127,1,13.89,9.66,3
5670797#6,596776127,42439395,1,13.89,17.47,3
5670797#7,42439395,3341912575,1,13.89,11.06,3
5670797#8,3341912575,10125087292,1,13.89,127.02,3
5670797#9,10125087292,42439399,1,13.89,9.84,3
5670798,42436930,42434372,1,8.94,122.16,3
5670800#0,42439432,9561229784,1,13.89,14.39,3
5670800#1,9561229784,9561209008,1,13.89,114.59,3
5670800#2,9561209008,42429231,1,13.89,12.41,3
5670803#0,42437654,7782217024,5,11.18,13.220000000000002,11
5670803#1,7782217024,7590955909,5,11.18,64.68,11
5670803#2,7590955909,4461990857,5,11.18,6.76,11
5670811#0,42439485,10167137532,1,13.89,12.36,3
5670811#1,10167137532,8002880948,1,13.89,32.24,3
5670811#10,42439488,10170646956,1,13.89,6.34,3
5670811#11,10170646956,10122952991,1,13.89,127.7,3
5670811#12,10122952991,42439489,1,13.89,9.18,3
5670811#13,42439489,10122952994,1,13.89,9.15,3
5670811#14,10122952994,10122952993,1,13.89,132.56,3
5670811#15,10122952993,10166326163,1,13.89,0.91,3
5670811#16,10166326163,42439490,1,13.89,13.15,3
5670811#17,42439490,10166326159,1,13.89,12.19,3
5670811#18,10166326159,10166326179,1,13.89,191.74,3
5670811#19,10166326179,42439497,1,13.89,13.2,3
5670811#2,8002880948,5481977581,1,13.89,67.19,3
5670811#20,42439497,10166326175,1,13.89,11.92,3
5670811#21,10166326175,5482291285,1,13.89,61.44,3
5670811#22,5482291285,5482291282,1,13.89,17.54,3
5670811#23,5482291282,8797068773,1,13.89,124.71,3
5670811#24,8797068773,42439498,1,13.89,13.41,3
5670811#25,42439498,8797068768,1,13.89,12.4,3
5670811#26,8797068768,6257070524,1,13.89,192.09,3
5670811#27,6257070524,42439506,1,13.89,12.33,3
5670811#3,5481977581,10167137522,1,13.89,32.36,3
5670811#4,10167137522,42439486,1,13.89,12.05,3
5670811#5,42439486,10167137519,1,13.89,12.07,3
5670811#6,10167137519,7620520352,1,13.89,96.65,3
5670811#7,7620520352,10170646951,1,13.89,28.58,3
5670811#8,10170646951,596776442,1,13.89,7.77,3
5670811#9,596776442,42439488,1,13.89,24.38,3
5670814#0,42430143,4890320316,1,11.18,11.47,3
5670814#1,4890320316,4890320305,1,11.18,42.5,3
5670814#10,8231934398,5829844668,1,11.18,131.19,3
5670814#11,5829844668,1919595927,1,11.18,9.11,3
5670814#12,1919595927,42439533,1,11.18,15.0,3
5670814#13,42439533,5829827215,1,11.18,9.82,3
5670814#14,5829827215,8429031589,1,11.18,124.61,3
5670814#15,8429031589,1692433935,1,11.18,7.33,3
5670814#16,1692433935,8309478952,1,11.18,6.44,3
5670814#17,8309478952,8309478971,1,11.18,153.64,3
5670814#18,8309478971,42439537,1,11.18,6.16,3
5670814#19,42439537,8309478970,1,11.18,7.08,3
5670814#2,4890320305,42432127,1,11.18,6.65,3
5670814#20,8309478970,3584752262,1,11.18,67.0,3
5670814#21,3584752262,42439542,1,11.18,6.71,3
5670814#3,42432127,4890320289,1,11.18,7.74,3
5670814#4,4890320289,8231934386,1,11.18,141.73,3
5670814#5,8231934386,42439527,1,11.18,8.17,3
5670814#6,42439527,8231934385,1,11.18,7.75,3
5670814#7,8231934385,8231934399,1,11.18,149.17,3
5670814#8,8231934399,42439530,1,11.18,6.0,3
5670814#9,42439530,8231934398,1,11.18,5.96,3
5670818#0,42439553,7785624657,1,11.18,9.0,3
5670818#1,7785624657,10173250679,1,11.18,134.3,3
5670818#10,42439559,10125087313,1,11.18,10.14,3
5670818#11,10125087313,10170793874,1,11.18,131.32,3
5670818#12,10170793874,42439561,1,11.18,12.96,3
5670818#13,42439561,10170793878,1,11.18,13.07,3
5670818#14,10170793878,8250715787,1,11.18,190.86,3
5670818#15,8250715787,42439563,1,11.18,13.33,3
5670818#16,42439563,8250715786,1,11.18,12.19,3
5670818#17,8250715786,6689909679,1,11.18,203.15,3
5670818#18,6689909679,42439567,1,11.18,13.51,3
5670818#19,42439567,6689909677,1,11.18,13.29,3
5670818#2,10173250679,42439556,1,11.18,11.59,3
5670818#20,6689909677,6689923822,1,11.18,191.53,3
5670818#21,6689923822,42428012,1,11.18,12.0,3
5670818#3,42439556,10173250676,1,11.18,9.95,3
5670818#4,10173250676,10125222330,1,11.18,125.01,3
5670818#5,10125222330,596788016,1,11.18,11.17,3
5670818#6,596788016,42439557,1,11.18,17.19,3
5670818#7,42439557,10125222329,1,11.18,10.41,3
5670818#8,10125222329,10125087314,1,11.18,127.17,3
5670818#9,10125087314,42439559,1,11.18,10.09,3
5670820#0,42439580,8231931838,1,11.18,9.77,3
5670820#1,8231931838,8231931829,1,11.18,61.58,3
5670820#2,8231931829,42439581,1,11.18,5.73,3
5670820#3,42439581,8231931831,1,11.18,6.48,3
5670820#4,8231931831,8307641793,1,11.18,65.24,3
5670820#5,8307641793,42428434,1,11.18,10.43,3
5670825#0,42439588,7784459433,1,22.22,13.29,10
5670825#1,7784459433,7784459442,1,22.22,67.88,10
5670825#2,7784459442,42439590,1,22.22,6.37,10
5670825#3,42439590,7784459441,1,22.22,8.02,10
5670825#4,7784459441,10171324738,1,22.22,65.14,10
5670825#5,10171324738,42439598,1,22.22,5.89,10
5670828,42439673,42427894,1,22.22,23.18,10
5670831,42439802,42439653,1,22.22,34.61,5
5670832,42439813,3898690216,1,11.18,10.34,3
5670836#0,42437890,10171337694,3,11.18,12.449999999999998,11
5670836#1,10171337694,8836214006,3,11.18,34.04,11
5670842#0,42439851,10172883034,2,11.18,6.97,12
5670842#1,10172883034,10172883044,2,11.18,65.65,12
5670842#2,10172883044,42439849,2,11.18,7.46,12
5670842#3,42439849,10172883041,2,11.18,6.66,12
5670842#4,10172883041,9446943731,2,11.18,9.46,12
5670848,42434935,373768744,2,27.78,15.84,12
5670851#0,42438288,10166154788,1,22.22,7.1,10
5670851#1,10166154788,10743755884,1,22.22,66.98,10
5670851#2,10743755884,42440052,1,22.22,6.57,10
5670851#3,42440052,10743755883,1,22.22,6.88,10
5670851#4,10743755883,42440053,1,22.22,71.77,10
5670851#5,42440053,42434251,1,22.22,86.08,10
5670853#0,42429216,9561420858,1,8.94,13.43,3
5670853#1,9561420858,9561420914,1,8.94,117.7,3
5670853#2,9561420914,42440079,1,8.94,10.06,3
5670859#0,42437196,1792521271,1,13.89,12.63,3
5670859#1,1792521271,42440112,1,13.89,73.24,3
5670859#10,42440134,10168029080,1,13.89,73.39,3
5670859#11,10168029080,42438923,1,13.89,5.63,3
5670859#2,42440112,42440122,1,13.89,79.39,3
5670859#3,42440122,8250876258,1,13.89,7.27,3
5670859#4,8250876258,42440125,1,13.89,72.48,3
5670859#5,42440125,7004396661,1,13.89,72.97,3
5670859#6,7004396661,42429747,1,13.89,6.67,3
5670859#7,42429747,7004396659,1,13.89,7.88,3
5670859#8,7004396659,42440131,1,13.89,71.45,3
5670859#9,42440131,42440134,1,13.89,80.68,3
5670867#0,42430358,3971196626,2,27.78,12.59,11
5670867#1,3971196626,10693951250,2,27.78,166.6,11
5670867#2,10693951250,4549080329,2,27.78,8.77,11
5670867#3,4549080329,6814895823,2,27.78,75.35,11
5670867#4,6814895823,3977886225,2,27.78,34.82,11
5670867#5,3977886225,42440153,2,27.78,12.56,11
5670873#0,9433097821,6751794455,3,11.18,37.15,11
5670873#1,6751794455,4347534767,3,11.18,12.28,11
5670874#0,4347534767,3377461261,3,11.18,11.9,11
5670874#1,3377461261,3377461262,3,11.18,37.38,11
5670874#2,3377461262,5706568771,3,11.18,12.589999999999998,11
5670876#0,42434268,8265964356,1,11.18,12.15,3
5670876#1,8265964356,3857400397,1,11.18,37.86,3
5670876#2,3857400397,42428198,1,11.18,12.04,3
5670877#0,42428377,11051616128,1,11.18,9.0,3
5670877#1,11051616128,8281922224,1,11.18,3.72,3
5670877#2,8281922224,8281922139,1,11.18,117.02,3
5670877#3,8281922139,42440335,1,11.18,5.84,3
5670877#4,42440335,8281922137,1,11.18,6.0,3
5670877#5,8281922137,42440340,1,11.18,68.49,3
5670881#0,42440371,9557110355,2,27.78,31.4,11
5670881#1,9557110355,42435957,2,27.78,7.16,11
5670888#0,11037590245,6330089033,1,11.18,33.49,3
5670888#1,6330089033,479847982,1,11.18,5.16,3
5670888#10,42437770,8231945177,1,11.18,10.05,3
5670888#11,8231945177,5804425620,1,11.18,64.25,3
5670888#12,5804425620,42435928,1,11.18,6.69,3
5670888#2,479847982,5804425625,1,11.18,45.46,3
5670888#3,5804425625,42437503,1,11.18,9.24,3
5670888#4,42437503,8310246597,1,11.18,10.86,3
5670888#5,8310246597,6330018947,1,11.18,53.35,3
5670888#6,6330018947,6330018969,1,11.18,12.31,3
5670888#7,6330018969,6330018945,1,11.18,14.57,3
5670888#8,6330018945,8231945176,1,11.18,52.06,3
5670888#9,8231945176,42437770,1,11.18,10.75,3
5670891#0,42440476,6672749628,1,13.89,23.1,3
5670891#1,6672749628,42440472,1,13.89,5.46,3
5670894#0,42440494,9561566541,1,13.89,12.58,3
5670894#1,9561566541,9561566521,1,13.89,157.48,3
5670894#2,9561566521,42440499,1,13.89,9.52,3
5670896#0,246890579,9607729579,1,11.18,16.36,11
5670896#1,9607729579,3874650186,1,11.18,11.75,11
5670897#0,42428458,8309479042,1,11.18,9.61,3
5670897#1,8309479042,8309478986,1,11.18,66.35,3
5670897#2,8309478986,42440545,1,11.18,7.38,3
5670899#0,42440565,6747028073,1,11.18,9.43,3
5670899#1,6747028073,371021314,1,11.18,60.62,3
5670899#2,371021314,42436716,1,11.18,21.99,3
5670920#0,42428524,11050054104,1,11.18,8.65,3
5670920#1,11050054104,8276468828,1,11.18,119.84,3
5670920#2,8276468828,42431877,1,11.18,8.64,3
5670922,4478001045,1919595911,1,11.18,14.98,3
5670924#0,42440710,8310246302,1,11.18,11.91,3
5670924#1,8310246302,9907956916,1,11.18,115.66,3
5670932#0,4778174564,4890419521,3,11.18,9.46,13
5670932#1,4890419521,42438781,3,11.18,49.62,13
5670932#2,42438781,4143859866,3,11.18,16.47,13
5670932#3,4143859866,2151385505,3,11.18,6.010000000000001,13
5670932#4,2151385505,4143859865,3,11.18,10.76,13
5670938#0,42440934,10075274236,1,11.18,11.8,10
5670938#1,10075274236,10183035757,1,11.18,59.28,10
5670938#2,10183035757,7246154629,1,11.18,162.73,10
5670938#3,7246154629,9441141806,1,11.18,28.5,10
5670938#4,9441141806,42440935,1,11.18,10.61,10
5670941#0,6213204061,10168548422,1,8.94,132.51,3
5670941#1,10168548422,42440940,1,8.94,5.61,3
5670941#2,42440940,10168548420,1,8.94,5.72,3
5670941#3,10168548420,42433278,1,8.94,130.33,3
5670941#4,42433278,8262308440,1,8.94,49.34,3
5670941#5,8262308440,42432205,1,8.94,8.61,3
5670942#0,42440943,42436146,1,11.18,146.17,3
5670942#1,42436146,6210448845,1,11.18,55.74,3
5670942#2,6210448845,42436411,1,11.18,13.26,3
5670946#0,42441009,9561395288,2,27.78,13.99,12
5670946#1,9561395288,595729838,2,27.78,22.22,12
5670946#2,595729838,9561395281,2,27.78,45.26,12
5670946#3,9561395281,42429215,2,27.78,25.33,12
5670961,42441191,1705982037,1,27.78,84.3,11
5670964#0,6813350876,7732571819,1,22.22,28.9,6
5670964#1,7732571819,7732551671,1,22.22,58.54,6
5670964#2,7732551671,7732551670,1,22.22,24.58,6
5670967#0,42441251,42441430,1,22.22,5.64,6
5670967#1,42441430,42441442,1,22.22,29.43,6
5670967#2,42441442,42441104,1,22.22,31.0,6
5670971#0,595314125,42441526,1,13.89,65.82,3
5670971#1,42441526,42441521,1,13.89,79.83,3
5670971#2,42441521,10061754171,1,13.89,84.6,3
5670971#3,10061754171,42437005,1,13.89,6.85,3
5670971#4,42437005,1584624215,1,13.89,71.43,3
5670971#5,1584624215,2029349871,1,13.89,7.8,3
5670971#6,2029349871,2029349876,1,13.89,10.81,3
5670971#7,2029349876,595314114,1,13.89,56.72,3
5670976#0,42441695,9935939351,1,13.89,80.52,3
5670976#1,9935939351,42441701,1,13.89,5.87,3
5670976#2,42441701,9935939350,1,13.89,6.88,3
5670976#3,9935939350,8725182295,1,13.89,64.39,3
5670976#4,8725182295,42441704,1,13.89,8.86,3
5670976#5,42441704,5552274522,1,13.89,81.25,3
5670976#6,5552274522,5552274527,1,13.89,4.79,3
5670976#7,5552274527,587933855,1,13.89,100.15,3
5670983#0,42437324,765251431,2,27.78,257.41,11
5670983#1,765251431,595352897,2,27.78,125.06,11
5670988#0,42434343,42441771,1,13.89,80.29,3
5670988#1,42441771,42441774,1,13.89,81.96,3
5670988#2,42441774,42441777,1,13.89,83.21,3
5670988#3,42441777,42442058,1,13.89,78.96,3
5670996#0,595314125,42441864,1,27.78,216.5,11
5670996#1,42441864,42441867,1,27.78,12.86,11
5671008#0,42442107,11042989814,1,11.18,9.59,3
5671008#1,11042989814,8276468702,1,11.18,72.68,3
5671008#2,8276468702,42429504,1,11.18,5.79,3
5671009#0,42442128,10170875107,1,13.89,7.41,3
5671009#1,10170875107,42438906,1,13.89,72.55,3
5671009#2,42438906,10170875097,1,13.89,71.39,3
5671009#3,10170875097,42442123,1,13.89,9.0,3
5671009#4,42442123,10170875100,1,13.89,6.56,3
5671009#5,10170875100,3858909357,1,13.89,73.12,3
5671009#6,3858909357,10170875078,1,13.89,71.19,3
5671009#7,10170875078,2099150501,1,13.89,9.19,3
5671028#0,42442294,5708245833,1,13.89,13.68,3
5671028#1,5708245833,8307641944,1,13.89,61.18,3
5671028#2,8307641944,42442291,1,13.89,7.8,3
5671030#0,42442378,1215606737,1,8.94,11.32,10
5671030#1,1215606737,42442384,1,8.94,122.56,10
5671030#2,42442384,9423152412,1,8.94,119.28,10
5671030#3,9423152412,42436297,1,8.94,7.52,10
5671030#4,42436297,8955677111,1,8.94,6.98,10
5671030#5,8955677111,42442400,1,8.94,218.15,10
5671056#0,1241742743,7341373902,3,11.18,9.97,12
5671056#1,7341373902,2710204291,3,11.18,60.93,12
5671056#2,2710204291,42421982,3,11.18,7.419999999999999,12
5671056#3,42421982,7341396374,3,11.18,7.8,12
5671056#4,7341396374,7050687063,3,11.18,61.580000000000005,12
5671056#5,7050687063,7050687060,3,11.18,9.35,12
5671059#0,42442788,3783073260,1,11.18,10.51,3
5671059#1,3783073260,4300994826,1,11.18,96.05,3
5671059#2,4300994826,42442791,1,11.18,8.71,3
5671061#0,42429819,4300994835,1,11.18,10.56,3
5671061#1,4300994835,42435553,1,11.18,54.14,3
5671083#0,42442838,10606695724,4,11.18,25.32,12
5671083#1,10606695724,3927743126,4,11.18,6.98,12
5671083#2,3927743126,42443127,4,11.18,10.58,12
5671084#0,272196096,4876648472,1,11.18,49.45,3
5671084#1,4876648472,42427412,1,11.18,9.74,3
5671086#0,3579426871,10169289750,1,13.89,12.01,3
5671086#1,10169289750,595314036,1,13.89,42.15,3
5671089#0,42443264,7061726466,2,11.18,11.4,11
5671089#1,7061726466,2059119488,2,11.18,73.45,11
5671090,42443263,2059119483,1,11.18,83.22,11
5671092,42431293,7012450754,1,11.18,28.22,11
5671093#0,42443280,3248774424,1,11.18,13.7,11
5671093#1,3248774424,4205805390,1,11.18,43.45,11
5671095#0,42443296,4235733230,1,11.18,5.55,3
5671095#1,4235733230,4235733228,1,11.18,40.2,3
5671095#2,4235733228,42443298,1,11.18,10.16,3
5671103#0,42435359,1775693135,3,27.78,12.949999999999998,12
5671103#1,1775693135,10171363568,3,27.78,54.95000000000001,12
5671103#2,10171363568,42443426,3,27.78,8.1,12
5671106#0,1061531736,8687882617,1,13.89,10.6,3
5671106#1,8687882617,8687882661,1,13.89,105.92,3
5671106#2,8687882661,42442502,1,13.89,12.71,3
5671106#3,42442502,8687882656,1,13.89,12.13,3
5671106#4,8687882656,7801775732,1,13.89,249.34,3
5671106#5,7801775732,42443363,1,13.89,10.96,3
5671106#6,42443363,3718670416,1,13.89,13.64,3
5671106#7,3718670416,7123525304,1,13.89,249.39,3
5671106#8,7123525304,42435317,1,13.89,11.26,3
5671109,42443486,42443482,1,13.89,78.99,3
5671111#0,4478001045,8307642240,1,11.18,10.49,3
5671111#1,8307642240,42440702,1,11.18,12.59,3
5671112#0,42443522,9561344689,1,13.89,11.37,3
5671112#1,9561344689,9561314677,1,13.89,65.33,3
5671112#2,9561314677,42443520,1,13.89,9.22,3
5671112#3,42443520,9561314691,1,13.89,56.93,3
5671112#4,9561314691,42421786,1,13.89,9.26,3
5671115#0,42430694,10166521650,3,11.18,10.68,3
5671115#1,10166521650,10698841376,3,11.18,36.89,3
5671115#10,10168088501,6210777838,3,11.18,4.0,3
5671115#2,10698841376,10168029001,3,11.18,212.58,3
5671115#3,10168029001,42443534,3,11.18,12.68,3
5671115#4,42443534,10168029005,3,11.18,11.79,3
5671115#5,10168029005,10171089670,3,11.18,249.73,3
5671115#6,10171089670,42443532,3,11.18,12.58,3
5671115#7,42443532,10171089667,3,11.18,11.63,3
5671115#8,10171089667,9286503617,3,11.18,172.92999999999998,3
5671115#9,9286503617,10168088501,3,11.18,74.93,3
5671117#0,62915509,3874681640,1,11.18,10.03,4
5671117#1,3874681640,5985110734,1,11.18,152.78,4
5671117#2,5985110734,10166505409,1,11.18,39.62,4
5671117#3,10166505409,42430680,1,11.18,14.87,4
5671118#0,42440065,8008242755,1,13.89,82.04,3
5671118#1,8008242755,42435881,1,13.89,12.76,3
5671118#2,42435881,8008242758,1,13.89,11.33,3
5671118#3,8008242758,42443574,1,13.89,16.21,3
5671118#4,42443574,8008242764,1,13.89,9.76,3
5671118#5,8008242764,9150629563,1,13.89,217.76,3
5671118#6,9150629563,42439927,1,13.89,10.84,3
5671118#7,42439927,2141026522,1,13.89,15.54,3
5671119#0,42441771,42428944,1,13.89,138.96,3
5671119#1,42428944,561035366,1,13.89,17.85,3
5671119#2,561035366,42442635,1,13.89,267.54,3
5671119#3,42442635,8344802619,1,13.89,42.65,3
5671119#4,8344802619,42443582,1,13.89,89.61,3
5671119#5,42443582,42432974,1,13.89,108.83,3
5671119#6,42432974,42427881,1,13.89,31.62,3
5671121#0,42431602,8262309637,1,11.18,10.46,4
5671121#1,8262309637,5487729367,1,11.18,10.21,4
5671121#2,5487729367,5487729370,1,11.18,32.03,4
5671121#3,5487729370,7182561635,1,11.18,9.09,4
5671121#4,7182561635,42443588,1,11.18,7.36,4
5671129#0,42431544,10171655543,2,13.89,11.96,3
5671129#1,10171655543,42443612,2,13.89,143.48,3
5671134#0,42425232,7779666016,2,11.18,11.97,3
5671134#1,7779666016,7801775726,2,11.18,192.98,3
5671135#0,3099327965,9557086589,1,11.18,8.97,3
5671135#1,9557086589,10899250512,1,11.18,110.28,3
5671135#2,10899250512,9557110436,1,11.18,148.28,3
5671135#3,9557110436,42426968,1,11.18,9.63,3
5671137#0,42443658,10743755851,1,13.89,8.46,3
5671137#1,10743755851,10743755752,1,13.89,112.77,3
5671137#10,42428926,2922071092,1,13.89,8.96,3
5671137#11,2922071092,10743755711,1,13.89,125.87,3
5671137#12,10743755711,42441952,1,13.89,10.53,3
5671137#2,10743755752,42442618,1,13.89,11.16,3
5671137#3,42442618,10743755747,1,13.89,13.07,3
5671137#4,10743755747,10743755746,1,13.89,12.48,3
5671137#5,10743755746,42443659,1,13.89,7.18,3
5671137#6,42443659,10743755741,1,13.89,9.67,3
5671137#7,10743755741,2922071093,1,13.89,213.45,3
5671137#8,2922071093,561035359,1,13.89,10.89,3
5671137#9,561035359,42428926,1,13.89,18.89,3
5671140#0,246901366,1430380058,1,11.18,12.54,3
5671140#1,1430380058,7728114202,1,11.18,83.18,3
5671140#2,7728114202,42443666,1,11.18,2.49,3
5671140#3,42443666,7728114203,1,11.18,11.52,3
5671140#4,7728114203,5708140037,1,11.18,65.64,3
5671140#5,5708140037,42429521,1,11.18,7.61,3
5671140#6,42429521,5708140036,1,11.18,8.14,3
5671140#7,5708140036,3778160094,1,11.18,65.5,3
5671140#8,3778160094,588593097,1,11.18,10.45,3
5671158#0,42434197,8309479209,1,13.89,8.43,3
5671158#1,8309479209,8309479204,1,13.89,59.29,3
5671158#2,8309479204,42443799,1,13.89,6.31,3
5671162#0,42429552,4577988771,1,13.89,16.41,3
5671162#1,4577988771,3023172096,1,13.89,90.36,3
5671162#2,3023172096,42443817,1,13.89,50.49,3
5671162#3,42443817,10170646987,1,13.89,136.48,3
5671162#4,10170646987,596776594,1,13.89,7.16,3
5671172#0,4561384853,1253070422,2,11.18,44.26,11
5671172#1,1253070422,42427290,2,11.18,8.35,11
5671172#2,42427290,4215580879,2,11.18,58.04,11
5671181#0,4207937591,10169532556,3,11.18,28.97,11
5671181#1,10169532556,42430314,3,11.18,12.85,11
5671187#0,42440072,8008242787,1,13.89,82.8,3
5671187#1,8008242787,42435891,1,13.89,12.7,3
5671187#2,42435891,8008242784,1,13.89,11.73,3
5671187#3,8008242784,42444028,1,13.89,95.96,3
5671189,42428951,561035368,1,13.89,20.17,3
5671192#0,42444055,11003445519,1,27.78,12.22,11
5671192#1,11003445519,3569749123,1,27.78,4.09,11
5671192#2,3569749123,10173288475,1,27.78,202.66,11
5671192#3,10173288475,42442947,1,27.78,13.61,11
5671192#4,42442947,10173288478,1,27.78,13.6,11
5671192#5,10173288478,4207915681,1,27.78,168.09,11
5671197#0,42437135,588455857,1,11.18,25.77,12
5671197#1,588455857,8276469284,1,11.18,5.58,12
5671197#2,8276469284,7830788122,1,11.18,147.32,12
5671197#3,7830788122,42444116,1,11.18,12.47,12
5671197#4,42444116,7830788143,1,11.18,11.61,12
5671197#5,7830788143,9907939580,1,11.18,70.84,12
5671198#0,588455698,5496610265,1,17.88,14.9,9
5671198#1,5496610265,42423307,1,17.88,215.9,9
5671202#0,42421965,8276468430,1,11.18,6.68,12
5671202#1,8276468430,8629148774,1,11.18,21.89,12
5671202#2,8629148774,4145794861,1,11.18,133.93,12
5671203#0,42436899,8288270340,1,11.18,10.85,3
5671203#1,8288270340,8288270339,1,11.18,66.4,3
5671203#2,8288270339,42444267,1,11.18,5.21,3
5671212#0,42444277,42444279,1,11.18,13.87,3
5671212#1,42444279,42444293,1,11.18,32.66,3
5671220#0,4215936660,9906904529,2,11.18,61.37,11
5671220#1,9906904529,42443353,2,11.18,12.61,11
5671222#0,42444485,7093620695,1,11.18,9.32,3
5671222#1,7093620695,6270714174,1,11.18,135.0,3
5671222#10,42444495,7093620712,1,11.18,10.51,3
5671222#11,7093620712,7158854729,1,11.18,121.05,3
5671222#12,7158854729,6181478367,1,11.18,9.55,3
5671222#13,6181478367,42444500,1,11.18,12.26,3
5671222#14,42444500,6181480027,1,11.18,14.13,3
5671222#15,6181480027,5401363739,1,11.18,78.38,3
5671222#16,5401363739,5401365122,1,11.18,36.63,3
5671222#17,5401365122,8644420813,1,11.18,33.28,3
5671222#18,8644420813,5399637662,1,11.18,7.24,3
5671222#19,5399637662,6181480019,1,11.18,35.74,3
5671222#2,6270714174,42444487,1,11.18,10.38,3
5671222#20,6181480019,42443052,1,11.18,13.18,3
5671222#3,42444487,7093620701,1,11.18,10.05,3
5671222#4,7093620701,7093532776,1,11.18,125.55,3
5671222#5,7093532776,596776173,1,11.18,10.13,3
5671222#6,596776173,42444491,1,11.18,17.42,3
5671222#7,42444491,7093620706,1,11.18,10.94,3
5671222#8,7093620706,7093620697,1,11.18,126.77,3
5671222#9,7093620697,42444495,1,11.18,9.9,3
5671236,373778409,42426665,2,22.22,332.35,9
5671244#0,589927965,7732243576,1,11.18,275.36,3
5671244#1,7732243576,589928047,1,11.18,15.07,3
5671246#0,42425423,6860035683,1,11.18,44.99,3
5671246#1,6860035683,373761421,1,11.18,10.16,3
5671248#0,42444809,5306313709,1,11.18,9.0,3
5671248#1,5306313709,5306313695,1,11.18,134.62,3
5671248#2,5306313695,42444810,1,11.18,11.39,3
5671255#0,42435865,8008242708,1,13.89,11.59,3
5671255#1,8008242708,9150629556,1,13.89,244.16,3
5671255#2,9150629556,42439910,1,13.89,10.8,3
5671257,561035360,42442621,1,13.89,267.3,3
5671259#0,60915682,5487852123,1,22.22,73.68,10
5671259#1,5487852123,5487851019,1,22.22,5.72,10
5671259#10,42444880,9561160006,1,22.22,72.46,10
5671259#11,9561160006,42444873,1,22.22,12.95,10
5671259#2,5487851019,5487855843,1,22.22,62.29,10
5671259#3,5487855843,42427504,1,22.22,7.75,10
5671259#4,42427504,5487855835,1,22.22,69.39,10
5671259#5,5487855835,42444884,1,22.22,8.25,10
5671259#6,42444884,9047393189,1,22.22,55.62,10
5671259#7,9047393189,42429703,1,22.22,27.08,10
5671259#8,42429703,9142910494,1,22.22,105.92,10
5671259#9,9142910494,42444880,1,22.22,14.29,10
5671261#0,42436159,8262308624,1,11.18,7.92,3
5671261#1,8262308624,42431151,1,11.18,21.73,3
5671261#2,42431151,8262308649,1,11.18,73.65,3
5671261#3,8262308649,4557517555,1,11.18,6.77,3
5671276#0,42445027,3463815150,3,27.78,8.67,12
5671276#1,3463815150,3463815149,3,27.78,64.83,12
5671276#2,3463815149,42445025,3,27.78,7.8,12
5671281#0,42432722,9561557609,1,13.89,8.96,3
5671281#1,9561557609,42445046,1,13.89,71.2,3
5671282#0,42448506,10170606859,2,11.18,6.6,12
5671282#1,10170606859,10170606886,2,11.18,65.53,12
5671282#2,10170606886,42431203,2,11.18,7.85,12
5671282#3,42431203,10170606882,2,11.18,6.4,12
5671282#4,10170606882,9153603242,2,11.18,27.85,12
5671283#0,42429541,10128889850,1,13.89,9.02,3
5671283#1,10128889850,10128889851,1,13.89,61.05,3
5671283#2,10128889851,42424701,1,13.89,5.08,3
5671285#0,42421785,9561314674,1,13.89,8.56,3
5671285#1,9561314674,9561314676,1,13.89,186.16,3
5671285#2,9561314676,42443520,1,13.89,6.76,3
5671291#0,42432142,8231885413,4,11.18,17.1,12
5671291#1,8231885413,8231938423,4,11.18,56.37,12
5671291#2,8231938423,42436770,4,11.18,7.15,12
5671291#3,42436770,8231938426,4,11.18,7.24,12
5671291#4,8231938426,4890320281,4,11.18,63.93,12
5671291#5,4890320281,42430143,4,11.18,11.9,12
5671295#0,42445183,10170656844,1,13.89,8.41,3
5671295#1,10170656844,7471678537,1,13.89,99.27,3
5671295#10,10122952976,9148335673,1,13.89,74.02,3
5671295#11,9148335673,10166326140,1,13.89,58.05,3
5671295#12,10166326140,42445196,1,13.89,13.87,3
5671295#13,42445196,10166326144,1,13.89,12.63,3
5671295#14,10166326144,5482291251,1,13.89,111.47,3
5671295#15,5482291251,7925258746,1,13.89,79.93,3
5671295#16,7925258746,42443099,1,13.89,12.48,3
5671295#17,42443099,3931534871,1,13.89,18.75,3
5671295#2,7471678537,10170656834,1,13.89,28.94,3
5671295#3,10170656834,596776578,1,13.89,8.49,3
5671295#4,596776578,42445185,1,13.89,24.33,3
5671295#5,42445185,10170656839,1,13.89,6.2,3
5671295#6,10170656839,5481977609,1,13.89,98.32,3
5671295#7,5481977609,10122952977,1,13.89,28.99,3
5671295#8,10122952977,42445189,1,13.89,9.25,3
5671295#9,42445189,10122952976,1,13.89,9.21,3
5671296#0,42438779,4890621100,1,11.18,39.33,3
5671296#1,4890621100,42430131,1,11.18,11.5,3
5671297#0,42435380,6791440576,1,13.89,9.24,3
5671297#1,6791440576,6816455652,1,13.89,120.6,3
5671297#2,6816455652,3579432161,1,13.89,11.91,3
5671298#0,3858909357,7004418419,1,13.89,143.32,3
5671298#1,7004418419,42445215,1,13.89,7.34,3
5671298#2,42445215,3099327957,1,13.89,15.19,3
5671298#3,3099327957,7004418421,1,13.89,8.09,3
5671298#4,7004418421,8758345334,1,13.89,240.65,3
5671298#5,8758345334,2141026510,1,13.89,9.5,3
5671298#6,2141026510,42439855,1,13.89,15.23,3
5671300,42427030,4562897759,2,11.18,31.55,10
5671302#0,42445256,6254630418,1,13.89,12.07,3
5671302#1,6254630418,5481897035,1,13.89,57.98,3
5671302#2,5481897035,6254630440,1,13.89,67.28,3
5671302#3,6254630440,596776231,1,13.89,7.48,3
5671307#0,42445286,1702442155,1,11.18,71.76,3
5671307#1,1702442155,42429633,1,11.18,16.27,3
5671307#2,42429633,10172717293,1,11.18,6.85,3
5671307#3,10172717293,8282447533,1,11.18,68.68,3
5671307#4,8282447533,3762705796,1,11.18,17.13,3
5671307#5,3762705796,42445291,1,11.18,72.12,3
5671307#6,42445291,42431635,1,11.18,86.95,3
5671311,4899886546,42445314,1,11.18,19.37,3
5671314#0,9121386349,9121386338,1,11.18,7.29,4
5671314#1,9121386338,4878838722,1,11.18,9.35,4
5671314#2,4878838722,7182561637,1,11.18,61.97,4
5671314#3,7182561637,42443588,1,11.18,5.61,4
5671314#4,42443588,7182561636,1,11.18,5.68,4
5671314#5,7182561636,8279851426,1,11.18,128.76,4
5671314#6,8279851426,42428402,1,11.18,9.0,4
5671314#7,42428402,8279851429,1,11.18,9.72,4
5671314#8,8279851429,8312361679,1,11.18,142.25,4
5671314#9,8312361679,42445356,1,11.18,12.05,4
5671315#0,42445365,8133342865,2,11.18,10.48,12
5671315#1,8133342865,4207937589,2,11.18,38.49,12
5671317#0,42437686,10167162610,1,11.18,11.38,10
5671317#1,10167162610,10168210219,1,11.18,133.39,10
5671317#2,10168210219,42445404,1,11.18,9.33,10
5671318#0,42445426,4980851593,1,13.89,13.1,3
5671318#1,4980851593,7924346943,1,13.89,192.43,3
5671318#2,7924346943,42445430,1,13.89,11.5,3
5671319#0,42435295,7784867902,1,13.89,11.28,3
5671319#1,7784867902,9001499679,1,13.89,251.17,3
5671319#2,9001499679,42443344,1,13.89,11.81,3
5671322#0,42442247,2154628339,1,11.18,9.36,3
5671322#1,2154628339,5152337880,1,11.18,82.79,3
5671322#2,5152337880,42430044,1,11.18,7.9,3
5671327#0,42436093,8307641930,1,11.18,7.8,3
5671327#1,8307641930,8307641934,1,11.18,111.56,3
5671327#2,8307641934,42436359,1,11.18,12.0,3
5671331#0,42428912,10168100447,1,13.89,7.74,3
5671331#1,10168100447,10168100444,1,13.89,164.94,3
5671331#2,10168100444,42441949,1,13.89,7.67,3
5671332#0,42445587,9559408275,1,13.89,9.97,3
5671332#1,9559408275,9559433251,1,13.89,280.93,3
5671332#2,9559433251,42445585,1,13.89,12.91,3
5671335#0,248709714,3602649920,1,11.18,115.9,11
5671335#1,3602649920,1170604778,1,11.18,87.55,11
5671339#0,42445603,6369613028,1,11.18,9.06,3
5671339#1,6369613028,5161246305,1,11.18,67.45,3
5671339#2,5161246305,42437580,1,11.18,12.38,3
5671339#3,42437580,6369613034,1,11.18,13.89,3
5671339#4,6369613034,8307641594,1,11.18,64.9,3
5671339#5,8307641594,42445606,1,11.18,5.65,3
5671339#6,42445606,7641718014,1,11.18,6.82,3
5671339#7,7641718014,7641718038,1,11.18,60.48,3
5671339#8,7641718038,9929761170,1,11.18,0.38,3
5671339#9,9929761170,42432250,1,11.18,5.68,3
5671341#0,42445627,6369613040,1,11.18,6.89,3
5671341#1,6369613040,6369625009,1,11.18,64.17,3
5671341#2,6369625009,42429641,1,11.18,5.68,3
5671341#3,42429641,6369625007,1,11.18,5.74,3
5671341#4,6369625007,5863593983,1,11.18,57.17,3
5671341#5,5863593983,3212472963,1,11.18,7.2,3
5671343#0,42445630,5377706588,1,11.18,11.31,3
5671343#1,5377706588,42432088,1,11.18,97.47,3
5671343#2,42432088,8310245631,1,11.18,55.86,3
5671343#3,8310245631,42435544,1,11.18,9.49,3
5671345#0,42445634,9561420847,1,22.22,13.88,10
5671345#1,9561420847,9561420877,1,22.22,99.65,10
5671345#10,42437921,9561420898,1,22.22,9.58,10
5671345#11,9561420898,9561420859,1,22.22,97.99,10
5671345#12,9561420859,42429217,1,22.22,11.56,10
5671345#2,9561420877,42445635,1,22.22,8.38,10
5671345#3,42445635,9561420879,1,22.22,10.6,10
5671345#4,9561420879,8395710040,1,22.22,48.78,10
5671345#5,8395710040,9561420900,1,22.22,51.14,10
5671345#6,9561420900,42427863,1,22.22,11.25,10
5671345#7,42427863,9561420902,1,22.22,13.02,10
5671345#8,9561420902,9561420896,1,22.22,98.0,10
5671345#9,9561420896,42437921,1,22.22,8.48,10
5671349#0,42445667,3569749099,1,11.18,13.75,3
5671349#1,3569749099,5481907299,1,11.18,56.35,3
5671349#2,5481907299,9987259786,1,11.18,69.31,3
5671349#3,9987259786,42445666,1,11.18,10.44,3
5671352#0,42445680,9563795402,1,13.89,8.52,3
5671352#1,9563795402,5403868153,1,13.89,97.64,3
5671352#10,42442755,9421763707,1,13.89,12.52,3
5671352#11,9421763707,7134871416,1,13.89,27.69,3
5671352#12,7134871416,9566892698,1,13.89,65.25,3
5671352#13,9566892698,42445672,1,13.89,8.2,3
5671352#2,5403868153,42433077,1,13.89,12.4,3
5671352#3,42433077,5403868156,1,13.89,11.52,3
5671352#4,5403868156,1762361905,1,13.89,113.21,3
5671352#5,1762361905,42445675,1,13.89,9.64,3
5671352#6,42445675,8740550817,1,13.89,8.14,3
5671352#7,8740550817,42445674,1,13.89,61.71,3
5671352#8,42445674,9421763705,1,13.89,56.92,3
5671352#9,9421763705,42442755,1,13.89,12.2,3
5671353#0,42429072,9563795533,1,8.94,12.88,3
5671353#1,9563795533,10151452102,1,8.94,15.31,3
5671353#2,10151452102,9563795535,1,8.94,50.74,3
5671353#3,9563795535,42445689,1,8.94,6.16,3
5671353#4,42445689,9563795537,1,8.94,7.56,3
5671353#5,9563795537,9563795538,1,8.94,94.81,3
5671353#6,9563795538,42442384,1,8.94,8.26,3
5671354#0,42445700,8312344409,1,11.18,10.79,3
5671354#1,8312344409,8312344401,1,11.18,51.49,3
5671354#2,8312344401,42445702,1,11.18,10.02,3
5671354#3,42445702,8312344404,1,11.18,12.97,3
5671354#4,8312344404,8312344393,1,11.18,129.67,3
5671354#5,8312344393,42436336,1,11.18,9.22,3
5671357#0,42445731,5306314451,1,11.18,8.33,3
5671357#1,5306314451,5306314434,1,11.18,134.55,3
5671357#10,7924099785,42445738,1,11.18,9.69,3
5671357#11,42445738,7924094027,1,11.18,10.27,3
5671357#12,7924094027,7134855827,1,11.18,131.14,3
5671357#13,7134855827,42445740,1,11.18,13.66,3
5671357#14,42445740,7134839383,1,11.18,12.74,3
5671357#15,7134839383,7134855824,1,11.18,36.9,3
5671357#16,7134855824,7134855829,1,11.18,153.91,3
5671357#17,7134855829,42443042,1,11.18,12.55,3
5671357#18,42443042,7134855835,1,11.18,12.02,3
5671357#19,7134855835,5376251279,1,11.18,61.32,3
5671357#2,5306314434,42445733,1,11.18,11.19,3
5671357#20,5376251279,7834030785,1,11.18,141.57,3
5671357#21,7834030785,42445748,1,11.18,13.68,3
5671357#22,42445748,7834025552,1,11.18,13.13,3
5671357#23,7834025552,7834025517,1,11.18,191.36,3
5671357#24,7834025517,42428043,1,11.18,12.56,3
5671357#25,42428043,7834025561,1,11.18,12.41,3
5671357#26,7834025561,6352970553,1,11.18,202.26,3
5671357#27,6352970553,42445757,1,11.18,9.54,3
5671357#3,42445733,5306314430,1,11.18,10.43,3
5671357#4,5306314430,8780064277,1,11.18,71.75,3
5671357#5,8780064277,7924099686,1,11.18,53.49,3
5671357#6,7924099686,596776103,1,11.18,10.11,3
5671357#7,596776103,42445736,1,11.18,17.45,3
5671357#8,42445736,7924094017,1,11.18,11.35,3
5671357#9,7924094017,7924099785,1,11.18,126.9,3
5671359#0,42431490,8429175913,1,11.18,12.49,3
5671359#1,8429175913,4500012798,1,11.18,45.85,3
5671359#2,4500012798,5416905054,1,11.18,178.5,3
5671359#3,5416905054,8429175916,1,11.18,61.58,3
5671359#4,8429175916,42430255,1,11.18,12.01,3
5671360#0,42445773,9561208950,1,22.22,13.53,10
5671360#1,9561208950,9561229771,1,22.22,110.08,10
5671360#2,9561229771,42437926,1,22.22,7.42,10
5671360#3,42437926,9561229747,1,22.22,105.86,10
5671360#4,9561229747,5071822871,1,22.22,13.55,10
5671365#0,593886253,9509176058,1,13.89,54.91,3
5671365#1,9509176058,42432540,1,13.89,9.21,3
5671367#0,7777321715,6216541832,1,13.89,13.09,3
5671367#1,6216541832,5481998083,1,13.89,53.71,3
5671367#2,5481998083,4970550396,1,13.89,79.07,3
5671367#3,4970550396,42445823,1,13.89,9.41,3
5671367#4,42445823,4970550395,1,13.89,8.54,3
5671367#5,4970550395,6256723742,1,13.89,128.19,3
5671367#6,6256723742,42445817,1,13.89,6.07,3
5671367#7,42445817,9178807968,1,13.89,5.81,3
5671368#0,42445843,6256723711,1,13.89,12.04,3
5671368#1,6256723711,7781090347,1,13.89,133.42,3
5671368#2,7781090347,42445840,1,13.89,9.69,3
5671393#0,42445867,4276517099,3,11.18,12.19,11
5671393#1,4276517099,10166167557,3,11.18,65.69,11
5671393#2,10166167557,42436575,3,11.18,5.87,11
5671393#3,42436575,10166167555,3,11.18,7.07,11
5671393#4,10166167555,10179045680,3,11.18,64.27,11
5671393#5,10179045680,42445879,3,11.18,7.02,11
5671397#0,42446228,9561143934,1,13.89,127.07,3
5671397#1,9561143934,42444880,1,13.89,8.61,3
5671397#2,42444880,9561143936,1,13.89,10.64,3
5671397#3,9561143936,9561160002,1,13.89,156.85,3
5671397#4,9561160002,42446231,1,13.89,10.68,3
5671397#5,42446231,9561143946,1,13.89,12.24,3
5671397#6,9561143946,9561143944,1,13.89,19.73,3
5671397#7,9561143944,42429244,1,13.89,11.45,3
5671400#0,5173594703,8310245637,1,11.18,6.41,3
5671400#1,8310245637,8310245524,1,11.18,125.16,3
5671400#2,8310245524,42437071,1,11.18,5.63,3
5671401#0,42438544,10167162596,1,11.18,11.22,3
5671401#1,10167162596,10167162558,1,11.18,133.68,3
5671401#2,10167162558,42445888,1,11.18,9.68,3
5671403#0,42435319,7123525309,1,13.89,11.48,3
5671403#1,7123525309,10062984470,1,13.89,249.7,3
5671403#2,10062984470,42443366,1,13.89,14.63,3
5671403#3,42443366,7801775749,1,13.89,10.45,3
5671403#4,7801775749,8687882669,1,13.89,249.21,3
5671403#5,8687882669,42442514,1,13.89,12.64,3
5671403#6,42442514,8687882665,1,13.89,12.15,3
5671403#7,8687882665,7004379681,1,13.89,106.14,3
5671403#8,7004379681,1061531790,1,13.89,9.37,3
5671404#0,42429809,5173594706,1,11.18,10.68,3
5671404#1,5173594706,42435538,1,11.18,53.53,3
5671404#2,42435538,8310245595,1,11.18,8.22,3
5671404#3,8310245595,42432089,1,11.18,60.71,3
5671404#4,42432089,5804713728,1,11.18,96.68,3
5671404#5,5804713728,11038072433,1,11.18,9.28,3
5671404#6,11038072433,42452107,1,11.18,8.54,3
5671406#0,42423101,8723021840,1,13.89,13.75,3
5671406#1,8723021840,8722881589,1,13.89,119.51,3
5671406#2,8722881589,42446331,1,13.89,7.95,3
5671406#3,42446331,8722881591,1,13.89,10.15,3
5671406#4,8722881591,8722881573,1,13.89,112.73,3
5671406#5,8722881573,42433057,1,13.89,11.19,3
5671406#6,42433057,8722881579,1,13.89,12.72,3
5671406#7,8722881579,7604384191,1,13.89,96.58,3
5671406#8,7604384191,42446337,1,13.89,9.72,3
5671410#0,42442794,3783088935,1,11.18,112.23,3
5671410#1,3783088935,42446398,1,11.18,10.3,3
5671413#0,42435556,8310245627,1,11.18,19.22,3
5671413#1,8310245627,4487598490,1,11.18,45.74,3
5671413#2,4487598490,42446424,1,11.18,12.9,3
5671415#0,7802856372,7784826681,1,11.18,11.33,3
5671415#1,7784826681,9902312974,1,11.18,249.44,3
5671415#2,9902312974,42443329,1,11.18,12.63,3
5671422#0,42428015,6689923796,1,11.18,13.37,3
5671422#1,6689923796,6856727469,1,11.18,33.16,3
5671422#2,6856727469,6856727460,1,11.18,57.0,3
5671422#3,6856727460,42430959,1,11.18,38.07,3
5671425#0,9019680390,8288270553,2,11.18,6.07,12
5671425#1,8288270553,4207942159,2,11.18,49.16,12
5671429#0,42439070,8309479785,1,11.18,11.43,3
5671429#1,8309479785,8309479779,1,11.18,154.68,3
5671429#10,42446528,8309479656,1,11.18,12.94,3
5671429#11,8309479656,3627218182,1,11.18,155.42,3
5671429#12,3627218182,42446533,1,11.18,13.65,3
5671429#13,42446533,8309479663,1,11.18,13.65,3
5671429#14,8309479663,3627218183,1,11.18,1.05,3
5671429#15,3627218183,9492586118,1,11.18,166.48,3
5671429#2,8309479779,42446521,1,11.18,8.34,3
5671429#3,42446521,8309479776,1,11.18,7.51,3
5671429#4,8309479776,8309479703,1,11.18,143.88,3
5671429#5,8309479703,42428489,1,11.18,10.65,3
5671429#6,42428489,8309479700,1,11.18,9.18,3
5671429#7,8309479700,5357086126,1,11.18,53.56,3
5671429#8,5357086126,8309479659,1,11.18,28.15,3
5671429#9,8309479659,42446528,1,11.18,14.04,3
5671432#0,42432789,4321038141,1,22.22,11.49,10
5671432#1,4321038141,7271168431,1,22.22,29.56,10
5671432#10,42431252,9561420908,1,22.22,10.62,10
5671432#11,9561420908,9561420906,1,22.22,49.51,10
5671432#12,9561420906,42446609,1,22.22,18.36,10
5671432#2,7271168431,9561420878,1,22.22,159.68,10
5671432#3,9561420878,42445635,1,22.22,9.28,10
5671432#4,42445635,9561420876,1,22.22,8.8,10
5671432#5,9561420876,9561420894,1,22.22,159.05,10
5671432#6,9561420894,42446604,1,22.22,8.98,10
5671432#7,42446604,9561420893,1,22.22,8.81,10
5671432#8,9561420893,9561420910,1,22.22,158.06,10
5671432#9,9561420910,42431252,1,22.22,10.73,10
5671434#0,1773063787,11153640079,1,11.18,7.83,3
5671434#1,11153640079,42446617,1,11.18,68.95,3
5671434#2,42446617,8307641520,1,11.18,66.67,3
5671434#3,8307641520,42432241,1,11.18,6.38,3
5671436#0,42446640,4876524536,1,11.18,10.65,3
5671436#1,4876524536,42446632,1,11.18,65.63,3
5671436#2,42446632,4207000391,1,11.18,63.95,3
5671436#3,4207000391,42436181,1,11.18,7.34,3
5671436#4,42436181,4206997188,1,11.18,8.94,3
5671436#5,4206997188,4206997180,1,11.18,40.01,3
5671436#6,4206997180,42446622,1,11.18,9.91,3
5671436#7,42446622,4206997176,1,11.18,9.16,3
5671436#8,4206997176,7335430597,1,11.18,75.45,3
5671436#9,7335430597,42428368,1,11.18,6.66,3
5671442#0,42446701,10169157390,1,11.18,12.96,3
5671442#1,10169157390,6224277863,1,11.18,266.76,3
5671442#2,6224277863,6224277869,1,11.18,7.85,3
5671444#0,42446721,7803460156,1,13.89,11.26,3
5671444#1,7803460156,6217820604,1,13.89,45.93,3
5671444#10,9150629532,2141026500,1,13.89,10.98,3
5671444#2,6217820604,7802964961,1,13.89,236.55,3
5671444#3,7802964961,42446723,1,13.89,10.38,3
5671444#4,42446723,3099326116,1,13.89,14.46,3
5671444#5,3099326116,7802964963,1,13.89,7.98,3
5671444#6,7802964963,7802964954,1,13.89,14.45,3
5671444#7,7802964954,42433161,1,13.89,11.51,3
5671444#8,42433161,7802964914,1,13.89,12.68,3
5671444#9,7802964914,9150629532,1,13.89,201.19,3
5671446#0,42442571,6814307789,1,13.89,11.52,3
5671446#1,6814307789,2706603537,1,13.89,39.82,3
5671446#2,2706603537,2706603724,1,13.89,132.11,3
5671446#3,2706603724,1506445808,1,13.89,81.22,3
5671446#4,1506445808,42428790,1,13.89,17.33,3
5671447,627905367,42428833,1,13.89,18.72,3
5671450#0,42435387,6784911810,1,13.89,12.97,3
5671450#1,6784911810,5481978580,1,13.89,128.23,3
5671450#10,10168729770,42433173,1,13.89,12.51,3
5671450#11,42433173,10168729773,1,13.89,12.82,3
5671450#12,10168729773,8758345344,1,13.89,12.2,3
5671450#13,8758345344,2141026546,1,13.89,8.94,3
5671450#2,5481978580,8807524557,1,13.89,72.13,3
5671450#3,8807524557,6784911807,1,13.89,82.46,3
5671450#4,6784911807,42446772,1,13.89,8.91,3
5671450#5,42446772,3099327937,1,13.89,13.68,3
5671450#6,3099327937,8807524531,1,13.89,7.91,3
5671450#7,8807524531,5481882801,1,13.89,48.34,3
5671450#8,5481882801,5481882798,1,13.89,45.47,3
5671450#9,5481882798,10168729770,1,13.89,111.05,3
5671452#0,42442575,8385765478,1,13.89,13.05,3
5671452#1,8385765478,7618358583,1,13.89,103.52,3
5671452#2,7618358583,8379839213,1,13.89,39.5,3
5671452#3,8379839213,42435362,1,13.89,10.1,3
5671456#0,42445563,9561557615,1,13.89,68.8,3
5671456#1,9561557615,42445054,1,13.89,8.15,3
5671456#2,42445054,9561566518,1,13.89,9.78,3
5671456#3,9561566518,9561566529,1,13.89,156.29,3
5671456#4,9561566529,42446797,1,13.89,10.8,3
5671457#0,42431630,5815643306,1,11.18,8.63,3
5671457#1,5815643306,5815643340,1,11.18,62.02,3
5671457#2,5815643340,42446814,1,11.18,9.56,3
5671457#3,42446814,5836025487,1,11.18,7.4,3
5671457#4,5836025487,42446812,1,11.18,72.01,3
5671457#5,42446812,42446800,1,11.18,60.32,3
5671458#0,42446800,42446826,1,11.18,60.9,3
5671458#1,42446826,5836025491,1,11.18,72.44,3
5671458#2,5836025491,42446825,1,11.18,7.25,3
5671459#0,42428170,4285055690,1,11.18,7.66,3
5671459#1,4285055690,9510853474,1,11.18,96.14,3
5671460#0,42431789,8310246689,1,11.18,5.68,3
5671460#1,8310246689,8429015934,1,11.18,141.06,3
5671460#2,8429015934,42446902,1,11.18,5.21,3
5671461#0,42428970,561035379,1,13.89,18.33,3
5671461#1,561035379,9935939391,1,13.89,12.32,3
5671461#2,9935939391,9569882307,1,13.89,132.76,3
5671461#3,9569882307,42433024,1,13.89,13.37,3
5671461#4,42433024,9569882304,1,13.89,12.22,3
5671461#5,9569882304,9569882311,1,13.89,85.51,3
5671461#6,9569882311,42442697,1,13.89,11.69,3
5671463#0,587933945,9935939354,1,13.89,7.34,3
5671463#1,9935939354,9935939371,1,13.89,198.37,3
5671463#2,9935939371,42427112,1,13.89,10.26,3
5671463#3,42427112,9935939368,1,13.89,8.91,3
5671463#4,9935939368,9935939267,1,13.89,73.71,3
5671463#5,9935939267,42428964,1,13.89,8.75,3
5671472#0,42446925,8835579648,2,11.18,12.62,3
5671472#1,8835579648,8835579637,2,11.18,64.83,3
5671472#2,8835579637,42440325,2,11.18,7.19,3
5671475#0,42427979,4999169388,1,11.18,13.67,10
5671475#1,4999169388,9030177779,1,11.18,39.14,10
5671475#10,5542680299,6680686164,1,11.18,6.84,10
5671475#11,6680686164,5550244689,1,11.18,16.32,10
5671475#12,5550244689,6680686170,1,11.18,6.75,10
5671475#13,6680686170,5542680312,1,11.18,137.02,10
5671475#14,5542680312,5542680306,1,11.18,23.1,10
5671475#15,5542680306,42447235,1,11.18,13.27,10
5671475#2,9030177779,9030177813,1,11.18,152.69,10
5671475#3,9030177813,42447237,1,11.18,13.64,10
5671475#4,42447237,9030177805,1,11.18,14.17,10
5671475#5,9030177805,5375679279,1,11.18,120.34,10
5671475#6,5375679279,7640863612,1,11.18,58.8,10
5671475#7,7640863612,5542680294,1,11.18,24.0,10
5671475#8,5542680294,42442983,1,11.18,12.21,10
5671475#9,42442983,5542680299,1,11.18,13.09,10
5671485#0,42447273,7083341697,1,13.89,13.49,3
5671485#1,7083341697,7083341689,1,13.89,65.28,3
5671485#10,42447281,10101505775,1,13.89,7.94,3
5671485#11,10101505775,10101663904,1,13.89,62.66,3
5671485#12,10101663904,42447285,1,13.89,8.32,3
5671485#13,42447285,10108614604,1,13.89,9.54,3
5671485#14,10108614604,10108611206,1,13.89,65.35,3
5671485#15,10108611206,42437916,1,13.89,6.35,3
5671485#16,42437916,10171363573,1,13.89,7.51,3
5671485#17,10171363573,10171363561,1,13.89,67.86,3
5671485#18,10171363561,42421731,1,13.89,10.72,3
5671485#2,7083341689,42447275,1,13.89,7.25,3
5671485#3,42447275,7083341695,1,13.89,6.5,3
5671485#4,7083341695,7115910322,1,13.89,60.36,3
5671485#5,7115910322,7571274551,1,13.89,6.43,3
5671485#6,7571274551,42447278,1,13.89,6.52,3
5671485#7,42447278,10101650874,1,13.89,7.64,3
5671485#8,10101650874,10101655892,1,13.89,65.35,3
5671485#9,10101655892,42447281,1,13.89,6.12,3
5671488#0,42447346,9557110434,1,13.89,10.42,3
5671488#1,9557110434,7169239273,1,13.89,83.75,3
5671488#2,7169239273,42447348,1,13.89,51.51,3
5671491#0,3099327935,42440381,1,13.89,13.74,3
5671491#1,42440381,9557104511,1,13.89,9.96,3
5671491#10,10166154732,42439601,1,13.89,7.99,3
5671491#2,9557104511,8758299315,1,13.89,237.67,3
5671491#3,8758299315,2141026514,1,13.89,10.42,3
5671491#4,2141026514,42439899,1,13.89,16.3,3
5671491#5,42439899,9150629553,1,13.89,10.41,3
5671491#6,9150629553,9166175596,1,13.89,244.41,3
5671491#7,9166175596,42435860,1,13.89,11.57,3
5671491#8,42435860,9166175595,1,13.89,12.78,3
5671491#9,9166175595,10166154732,1,13.89,112.11,3
5671494#0,42442717,6836035781,1,13.89,13.95,3
5671494#1,6836035781,6836035742,1,13.89,118.42,3
5671494#2,6836035742,42447418,1,13.89,8.94,3
5671494#3,42447418,6836035744,1,13.89,10.1,3
5671494#4,6836035744,8150068508,1,13.89,109.82,3
5671494#5,8150068508,7985644736,1,13.89,4.48,3
5671494#6,7985644736,42428980,1,13.89,8.54,3
5671533#0,42434105,10128878988,2,27.78,9.06,11
5671533#1,10128878988,42424679,2,27.78,47.08,11
5671540#0,5004570627,42441907,1,13.89,16.75,3
5671540#1,42441907,7785782260,1,13.89,5.58,3
5671540#10,7004451412,9646878721,1,13.89,116.63,3
5671540#11,9646878721,42442561,1,13.89,13.44,3
5671540#12,42442561,9646878727,1,13.89,10.78,3
5671540#13,9646878727,5790702444,1,13.89,69.25,3
5671540#14,5790702444,5790702448,1,13.89,21.12,3
5671540#15,5790702448,7571410107,1,13.89,39.73,3
5671540#16,7571410107,7146086674,1,13.89,30.11,3
5671540#17,7146086674,10166004096,1,13.89,89.22,3
5671540#18,10166004096,42443406,1,13.89,12.65,3
5671540#19,42443406,10166004093,1,13.89,13.85,3
5671540#2,7785782260,9916138287,1,13.89,126.28,3
5671540#20,10166004093,7571274547,1,13.89,73.81,3
5671540#21,7571274547,10108636807,1,13.89,37.15,3
5671540#22,10108636807,42447285,1,13.89,10.5,3
5671540#23,42447285,10108646043,1,13.89,7.78,3
5671540#24,10108646043,7784826639,1,13.89,119.93,3
5671540#25,7784826639,42435336,1,13.89,10.45,3
5671540#3,9916138287,42431116,1,13.89,12.58,3
5671540#4,42431116,10166004089,1,13.89,11.76,3
5671540#5,10166004089,9916138288,1,13.89,0.64,3
5671540#6,9916138288,9646862887,1,13.89,93.78,3
5671540#7,9646862887,42428746,1,13.89,10.33,3
5671540#8,42428746,1061531496,1,13.89,19.59,3
5671540#9,1061531496,7004451412,1,13.89,9.5,3
5671543,7132405545,7132405537,1,11.18,26.23,3
5671558#0,1331391393,7135169189,1,13.89,86.49,3
5671558#1,7135169189,42448257,1,13.89,12.12,3
5671568#0,9906259297,6216836448,1,11.18,51.21,3
5671568#1,6216836448,42448278,1,11.18,12.18,3
5671570#0,42435343,9796881842,1,13.89,12.76,3
5671570#1,9796881842,5481868703,1,13.89,37.86,3
5671570#2,5481868703,10171363591,1,13.89,78.04,3
5671570#3,10171363591,42447303,1,13.89,9.5,3
5671570#4,42447303,10171363594,1,13.89,11.18,3
5671570#5,10171363594,10171363567,1,13.89,110.98,3
5671570#6,10171363567,42443426,1,13.89,13.32,3
5671574#0,5706568771,6188877015,3,11.18,12.199999999999998,11
5671574#1,6188877015,8254176969,3,11.18,60.57,11
5671574#2,8254176969,6188877022,3,11.18,72.61,11
5671574#3,6188877022,42445950,3,11.18,10.72,11
5671577#0,42448406,7248638332,1,11.18,27.03,3
5671577#1,7248638332,42440566,1,11.18,13.64,3
5671579,42448423,5163687759,1,13.89,8.08,3
5671584#0,42433302,4885959783,1,11.18,9.12,3
5671584#1,4885959783,7830788150,1,11.18,197.27,3
5671584#2,7830788150,42448430,1,11.18,6.67,3
5671584#3,42448430,7830788144,1,11.18,7.37,3
5671584#4,7830788144,11148406715,1,11.18,34.94,3
5671587#0,42443844,1683645326,3,11.18,9.76,11
5671587#1,1683645326,3942249544,3,11.18,63.77,11
5671587#2,3942249544,1272562931,3,11.18,7.7,11
5671593,6793645469,5119807674,1,11.18,40.65,11
5671597#0,561035373,9703359684,1,13.89,10.02,3
5671597#1,9703359684,42442659,1,13.89,257.45,3
5671597#2,42442659,42432992,1,13.89,88.14,3
5671597#3,42432992,42439711,1,13.89,94.28,3
5671599#0,42440284,8281922123,1,11.18,5.56,3
5671599#1,8281922123,8281922124,1,11.18,97.78,3
5671599#2,8281922124,42440340,1,11.18,5.51,3
5671603#0,4321748237,3891963914,1,11.18,10.38,3
5671603#1,3891963914,2522434121,1,11.18,36.77,3
5671603#2,2522434121,42431515,1,11.18,4.14,3
5671608#0,42448558,5829907374,3,11.18,8.68,12
5671608#1,5829907374,5829880519,3,11.18,56.43,12
5671608#2,5829880519,42436788,3,11.18,6.419999999999999,12
5671608#3,42436788,5829880525,3,11.18,6.78,12
5671608#4,5829880525,5829880523,3,11.18,63.31,12
5671608#5,5829880523,42439533,3,11.18,7.52,12
5671608#6,42439533,5829880527,3,11.18,5.64,12
5671608#7,5829880527,5829880524,3,11.18,62.52,12
5671608#8,5829880524,42448549,3,11.18,7.22,12
5671615#0,42427951,8276468875,1,11.18,37.78,3
5671615#1,8276468875,42437536,1,11.18,10.11,3
5671617#0,42448605,10171069502,1,22.22,12.36,10
5671617#1,10171069502,10171069506,1,22.22,67.99,10
5671617#2,10171069506,42436734,1,22.22,8.83,10
5671620#0,42437881,3009534455,3,11.18,11.19,11
5671620#1,3009534455,3884612885,3,11.18,25.570000000000004,11
5671620#2,3884612885,42428201,3,11.18,8.44,11
5671622#0,42447348,8212384291,1,13.89,67.87,3
5671622#1,8212384291,42438271,1,13.89,7.68,3
5671623#0,42448726,7093620699,1,13.89,9.09,3
5671623#1,7093620699,6270714168,1,13.89,134.62,3
5671623#10,42447149,7158854699,1,13.89,10.17,3
5671623#11,7158854699,6185259929,1,13.89,130.94,3
5671623#12,6185259929,42448735,1,13.89,14.43,3
5671623#13,42448735,6185259893,1,13.89,12.2,3
5671623#14,6185259893,6110479993,1,13.89,82.81,3
5671623#15,6110479993,5163244066,1,13.89,37.77,3
5671623#16,5163244066,6110464459,1,13.89,16.88,3
5671623#17,6110464459,6110464454,1,13.89,3.02,3
5671623#18,6110464454,6185259912,1,13.89,50.83,3
5671623#19,6185259912,42443048,1,13.89,12.49,3
5671623#2,6270714168,42446070,1,13.89,11.06,3
5671623#3,42446070,7093620686,1,13.89,9.96,3
5671623#4,7093620686,7158854722,1,13.89,125.84,3
5671623#5,7158854722,596776177,1,13.89,10.07,3
5671623#6,596776177,42448729,1,13.89,19.35,3
5671623#7,42448729,7158854701,1,13.89,9.37,3
5671623#8,7158854701,7158854711,1,13.89,126.41,3
5671623#9,7158854711,42447149,1,13.89,10.06,3
5671626#0,8843765047,10050000053,1,13.89,36.1,3
5671626#1,10050000053,595320307,1,13.89,11.81,3
5671628#0,42441668,10039870535,1,13.89,9.49,3
5671628#1,10039870535,9492542186,1,13.89,159.44,3
5671628#10,42442459,9611179679,1,13.89,11.1,3
5671628#11,9611179679,9677631661,1,13.89,250.07,3
5671628#12,9677631661,42443346,1,13.89,12.8,3
5671628#2,9492542186,42431009,1,13.89,11.24,3
5671628#3,42431009,9492542174,1,13.89,12.68,3
5671628#4,9492542174,8727760425,1,13.89,115.33,3
5671628#5,8727760425,42428645,1,13.89,9.03,3
5671628#6,42428645,1061531566,1,13.89,18.76,3
5671628#7,1061531566,8727760419,1,13.89,11.18,3
5671628#8,8727760419,6207264931,1,13.89,95.46,3
5671628#9,6207264931,42442459,1,13.89,13.01,3
5671629#0,42443528,3944708053,1,13.89,10.58,3
5671629#1,3944708053,10166333039,1,13.89,133.93,3
5671629#2,10166333039,42445926,1,13.89,10.59,3
5671645#0,42421791,9561344669,1,13.89,7.51,3
5671645#1,9561344669,9561344696,1,13.89,71.38,3
5671645#2,9561344696,42448930,1,13.89,11.67,3
5671645#3,42448930,1764400312,1,13.89,13.44,3
5671645#4,1764400312,9561386516,1,13.89,219.62,3
5671645#5,9561386516,42427849,1,13.89,11.98,3
5671654#0,42448996,3874681632,1,11.18,12.21,12
5671654#1,3874681632,5481848951,1,11.18,228.35,12
5671656#0,9906892371,7061726467,1,11.18,96.7,11
5671656#1,7061726467,42443264,1,11.18,8.29,11
5671659#0,42449021,8309479518,1,11.18,12.82,3
5671659#1,8309479518,9770582311,1,11.18,95.13,3
5671659#2,9770582311,4235738202,1,11.18,109.13,3
5671659#3,4235738202,42442857,1,11.18,11.26,3
5671661#0,42449038,8309479388,1,8.94,9.62,3
5671661#1,8309479388,8309479394,1,8.94,212.28,3
5671661#2,8309479394,42449029,1,8.94,7.85,3
5671661#3,42449029,8309479397,1,8.94,9.97,3
5671661#4,8309479397,7483737468,1,8.94,30.67,3
5671661#5,7483737468,7483709975,1,8.94,9.27,3
5671661#6,7483709975,4216045817,1,8.94,169.63,3
5671661#7,4216045817,42449027,1,8.94,8.01,3
5671663#0,42428476,8309479638,1,11.18,9.94,3
5671663#1,8309479638,4500010374,1,11.18,108.98,3
5671663#2,4500010374,4500010382,1,11.18,31.43,3
5671663#3,4500010382,8309478870,1,11.18,70.99,3
5671663#4,8309478870,42449045,1,11.18,7.91,3
5671663#5,42449045,8309478873,1,11.18,9.28,3
5671663#6,8309478873,8265964360,1,11.18,138.22,3
5671663#7,8265964360,42421877,1,11.18,10.29,3
5671668#0,11062719791,8262308449,1,8.94,11.75,3
5671668#1,8262308449,42433275,1,8.94,54.79,3
5671668#2,42433275,8307642227,1,8.94,131.34,3
5671668#3,8307642227,42449076,1,8.94,5.6,3
5671668#4,42449076,8307642226,1,8.94,5.75,3
5671668#5,8307642226,8307463830,1,8.94,127.37,3
5671668#6,8307463830,42431814,1,8.94,5.66,3
5671668#7,42431814,8307463833,1,8.94,5.84,3
5671668#8,8307463833,8307463845,1,8.94,55.36,3
5671668#9,8307463845,42436407,1,8.94,9.01,3
5671672#0,42435880,8008242763,1,27.78,37.51,11
5671672#1,8008242763,42443574,1,27.78,7.04,11
5671672#2,42443574,8008242765,1,27.78,7.74,11
5671672#3,8008242765,42449127,1,27.78,81.49,11
5671674,2140997997,589927943,1,22.22,42.27,6
5671681#0,42446919,42449163,1,13.89,48.23,3
5671681#1,42449163,8881193180,1,13.89,7.38,3
5671681#2,8881193180,42449166,1,13.89,76.86,3
5671684#0,42432669,8668338838,1,13.89,7.34,3
5671684#1,8668338838,9557088465,1,13.89,8.41,3
5671684#2,9557088465,7043607048,1,13.89,79.56,3
5671685#0,42432967,42448661,1,13.89,141.06,3
5671685#1,42448661,42442628,1,13.89,132.34,3
5671685#2,42442628,561035363,1,13.89,267.08,3
5671685#3,561035363,42428936,1,13.89,19.07,3
5671688#0,42449187,3392519834,2,11.18,12.06,11
5671688#1,3392519834,2059303954,2,11.18,64.99,11
5671690,42433927,1382339047,1,11.18,52.38,11
5671691#0,1241742627,10046247872,2,22.22,13.13,10
5671691#1,10046247872,7382801856,2,22.22,211.34,10
5671693#0,42443680,10173045241,3,11.18,10.5,4
5671693#1,10173045241,3252586225,3,11.18,127.26,4
5671693#2,3252586225,10169157392,3,11.18,6.650000000000001,4
5671693#3,10169157392,42445899,3,11.18,10.57,4
5671698,8288270047,246580982,1,11.18,12.11,3
5671699#0,42446291,8119596370,1,11.18,7.49,3
5671699#1,8119596370,42449352,1,11.18,71.42,3
5671699#2,42449352,3834442663,1,11.18,69.96,3
5671699#3,3834442663,42429910,1,11.18,8.13,3
5671701#0,42436756,8119193317,1,11.18,13.47,3
5671701#1,8119193317,6572026580,1,11.18,2.13,3
5671702#0,42449422,7924346824,1,13.89,13.12,3
5671702#1,7924346824,7924346963,1,13.89,190.31,3
5671702#2,7924346963,42443078,1,13.89,12.85,3
5671702#3,42443078,7924346857,1,13.89,12.05,3
5671702#4,7924346857,7668880139,1,13.89,50.4,3
5671702#5,7668880139,8386364995,1,13.89,53.57,3
5671702#6,8386364995,4980851596,1,13.89,99.62,3
5671702#7,4980851596,42449427,1,13.89,13.65,3
5671703#0,42443524,9561344713,1,13.89,7.55,3
5671703#1,9561344713,9561386431,1,13.89,161.52,3
5671703#2,9561386431,42429174,1,13.89,11.7,3
5671709#0,42436700,3977886250,2,27.78,10.22,11
5671709#1,3977886250,8941359204,2,27.78,88.57,11
5671709#2,8941359204,10778981822,2,27.78,76.83,11
5671709#3,10778981822,10778981819,2,27.78,5.77,11
5671709#4,10778981819,1745856081,2,27.78,49.79,11
5671709#5,1745856081,4207938835,2,27.78,43.07,11
5671710#0,42428858,10049830862,1,13.89,7.39,3
5671710#1,10049830862,10049835181,1,13.89,68.93,3
5671710#2,10049835181,42443181,1,13.89,8.49,3
5671710#3,42443181,10049835183,1,13.89,9.11,3
5671710#4,10049835183,10049857024,1,13.89,66.78,3
5671710#5,10049857024,42441077,1,13.89,8.07,3
5671711#0,42448552,1919595925,1,11.18,15.34,3
5671711#1,1919595925,5829847185,1,11.18,9.1,3
5671711#2,5829847185,9815692303,1,11.18,3.81,3
5671712#0,42429228,9561229781,1,13.89,12.98,3
5671712#1,9561229781,9561229776,1,13.89,163.75,3
5671712#2,9561229776,42449593,1,13.89,14.41,3
5671713#0,42445291,5836025490,1,11.18,8.2,3
5671713#1,5836025490,5815643261,1,11.18,103.13,3
5671713#2,5815643261,42446814,1,11.18,7.85,3
5671713#3,42446814,42446825,1,11.18,25.8,3
5671717#0,42444277,1754817323,2,11.18,17.64,12
5671717#1,1754817323,11153640075,2,11.18,77.69,12
5671717#2,11153640075,42437749,2,11.18,14.57,12
5671719#0,3829688390,1577501047,1,11.18,25.32,11
5671719#1,1577501047,10170620783,1,11.18,42.86,11
5671719#2,10170620783,42422899,1,11.18,12.3,11
5671739#0,60926616,8692185202,1,11.18,6.2,3
5671739#1,8692185202,42436832,1,11.18,65.65,3
5671739#2,42436832,2419285541,1,11.18,41.02,3
5671739#3,2419285541,42429479,1,11.18,122.58,3
5671739#4,42429479,42449804,1,11.18,104.76,3
5671739#5,42449804,42435002,1,11.18,83.07,3
5671743#0,42433587,3584752200,1,11.18,7.33,3
5671743#1,3584752200,3584752212,1,11.18,62.99,3
5671743#2,3584752212,42449817,1,11.18,8.08,3
5671743#3,42449817,3584752226,1,11.18,9.94,3
5671743#4,3584752226,3584752273,1,11.18,58.38,3
5671743#5,3584752273,42433298,1,11.18,7.2,3
5671752#0,42439416,7135164270,1,13.89,11.76,3
5671752#1,7135164270,6185447546,1,13.89,53.9,3
5671754#0,42433821,8309478822,1,11.18,117.77,3
5671754#1,8309478822,42430233,1,11.18,12.59,3
5671754#2,42430233,8309478819,1,11.18,10.91,3
5671754#3,8309478819,4302910548,1,11.18,123.26,3
5671754#4,4302910548,1692433942,1,11.18,6.89,3
5671756#0,42429812,4300994796,1,11.18,10.1,3
5671756#1,4300994796,42435544,1,11.18,54.2,3
5671774#0,42440729,3985008872,3,11.18,11.69,12
5671774#1,3985008872,5481911746,3,11.18,46.04999999999999,12
5671774#2,5481911746,3985008875,3,11.18,22.17,12
5671774#3,3985008875,42431459,3,11.18,6.849999999999999,12
5671774#4,42431459,3985008879,3,11.18,7.669999999999999,12
5671774#5,3985008879,9507816948,3,11.18,67.02,12
5671774#6,9507816948,42449890,3,11.18,6.56,12
5671780#0,42432954,42439590,1,13.89,21.75,3
5671780#1,42439590,7784459440,1,13.89,8.52,3
5671780#10,8758345322,9559408305,1,13.89,240.89,3
5671780#11,9559408305,3099327961,1,13.89,8.42,3
5671780#12,3099327961,42434361,1,13.89,14.58,3
5671780#2,7784459440,10170605789,1,13.89,112.52,3
5671780#3,10170605789,42435850,1,13.89,12.69,3
5671780#4,42435850,10170605785,1,13.89,12.08,3
5671780#5,10170605785,5401929686,1,13.89,33.58,3
5671780#6,5401929686,9150629546,1,13.89,210.1,3
5671780#7,9150629546,42439891,1,13.89,10.98,3
5671780#8,42439891,2141026507,1,13.89,15.23,3
5671780#9,2141026507,8758345322,1,13.89,9.7,3
5671781,561035351,561035350,1,13.89,16.26,3
5671786#0,42435316,7123525310,1,2.24,11.06,3
5671786#1,7123525310,4016646207,1,2.24,248.83,3
5671786#2,4016646207,4016646206,1,2.24,14.31,3
5671786#3,4016646206,10060860189,1,2.24,10.5,3
5671786#4,10060860189,8687882636,1,2.24,249.52,3
5671788#0,42442766,8740550841,1,13.89,12.97,3
5671788#1,8740550841,8740550768,1,13.89,117.36,3
5671788#10,8740550743,8740551014,1,13.89,59.72,3
5671788#11,8740551014,42443486,1,13.89,7.29,3
5671788#2,8740550768,42450275,1,13.89,9.37,3
5671788#3,42450275,8740550774,1,13.89,10.04,3
5671788#4,8740550774,5403868142,1,13.89,112.25,3
5671788#5,5403868142,42433107,1,13.89,11.73,3
5671788#6,42433107,5403868141,1,13.89,12.93,3
5671788#7,5403868141,8740550738,1,13.89,97.41,3
5671788#8,8740550738,42449654,1,13.89,9.11,3
5671788#9,42449654,8740550743,1,13.89,9.32,3
5671789#0,42429094,9563795381,1,8.94,13.42,3
5671789#1,9563795381,9563795389,1,8.94,65.12,3
5671789#2,9563795389,42450290,1,8.94,6.54,3
5671799#0,42437951,8309478831,1,11.18,6.86,3
5671799#1,8309478831,42450333,1,11.18,37.62,3
5671799#2,42450333,3584752526,1,11.18,44.64,3
5671799#3,3584752526,42433281,1,11.18,7.68,3
5671801#0,42450352,4872443917,1,13.89,5.62,4
5671801#1,4872443917,7661292943,1,13.89,112.54,4
5671801#2,7661292943,4870256104,1,13.89,46.87,4
5671801#3,4870256104,10082484574,1,13.89,87.13,4
5671801#4,10082484574,42430747,1,13.89,14.02,4
5671810,42424218,11017186444,1,27.78,17.8,11
5671811#0,42447182,4970503547,1,11.18,8.64,11
5671811#1,4970503547,4970519941,1,11.18,75.87,11
5671811#2,4970519941,6254630401,1,11.18,52.6,11
5671811#3,6254630401,42450460,1,11.18,6.1,11
5671811#4,42450460,9178805722,1,11.18,5.55,11
5671866,370892861,42450876,1,22.22,300.95,9
5671887,370898427,42431487,3,17.88,267.39,14
5671901,42433422,42451231,3,17.88,295.03,14
5671914#0,42427531,10171865601,1,13.89,6.47,3
5671914#1,10171865601,10171865595,1,13.89,153.59,3
5671914#2,10171865595,42448607,1,13.89,9.24,3
5671916#0,42438984,10171956605,1,13.89,10.53,3
5671916#1,10171956605,5481939506,1,13.89,38.17,3
5671916#2,5481939506,10172833433,1,13.89,247.28,3
5671916#3,10172833433,42451564,1,13.89,8.86,3
5671918#0,1905863520,10171603019,1,13.89,12.22,3
5671918#1,10171603019,10171865572,1,13.89,76.52,3
5671918#2,10171865572,42432936,1,13.89,11.91,3
5671920#0,42451593,5804835285,2,11.18,12.82,12
5671920#1,5804835285,8960350843,2,11.18,93.83,12
5671920#2,8960350843,42432097,2,11.18,7.32,12
5671920#3,42432097,8231896477,2,11.18,7.08,12
5671920#4,8231896477,8231896481,2,11.18,80.91,12
5671920#5,8231896481,486867534,2,11.18,10.77,12
5671921#0,42427891,42432980,1,13.89,83.3,3
5671921#1,42432980,42442645,1,13.89,189.76,3
5671921#2,42442645,561035369,1,13.89,266.35,3
5671928#0,42433542,8279851201,1,11.18,9.79,3
5671928#1,8279851201,8279851191,1,11.18,59.7,3
5671928#2,8279851191,42435920,1,11.18,8.82,3
5671945#0,42438513,7103815243,1,13.89,7.18,3
5671945#1,7103815243,5163802885,1,13.89,67.53,3
5671945#2,5163802885,42451744,1,13.89,9.91,3
5671964,42442773,5403858703,1,11.18,228.35,11
5671973#0,42433821,4320032277,1,11.18,6.74,3
5671973#1,4320032277,5690465658,1,11.18,18.18,3
5671973#2,5690465658,42451987,1,11.18,5.46,3
5671994#0,2512378850,9935939400,2,27.78,16.0,11
5671994#1,9935939400,2504882471,2,27.78,4.29,11
5671994#2,2504882471,4207731295,2,27.78,42.42,11
5671998#0,42429017,9550791741,3,27.78,14.29,11
5671998#1,9550791741,5590991391,3,27.78,16.31,11
5672001#0,42436856,4320194273,1,11.18,5.82,3
5672001#1,4320194273,8231954055,1,11.18,77.69,3
5672001#2,8231954055,42433282,1,11.18,6.92,3
5672006#0,42426747,1805328855,1,11.18,11.56,3
5672006#1,1805328855,7335430611,1,11.18,60.01,3
5672006#2,7335430611,42444355,1,11.18,7.18,3
5672019#0,5838916777,7209676823,1,11.18,9.15,11
5672019#1,7209676823,7099250748,1,11.18,118.12,11
5672019#2,7099250748,42435359,1,11.18,11.41,11
5672027#0,42436184,8262936667,1,11.18,7.53,3
5672027#1,8262936667,8262936704,1,11.18,64.1,3
5672027#2,8262936704,42452310,1,11.18,6.08,3
5672027#3,42452310,8262936707,1,11.18,7.02,3
5672027#4,8262936707,4599130007,1,11.18,58.98,3
5672027#5,4599130007,42452314,1,11.18,13.53,3
5672032,7925143983,42443105,1,13.89,18.66,3
5672036#0,42452353,10166333044,1,11.18,12.02,3
5672036#1,10166333044,10166333085,1,11.18,287.25,3
5672036#2,10166333085,42430350,1,11.18,13.01,3
5672036#3,42430350,8375496966,1,11.18,13.37,3
5672036#4,8375496966,10228962338,1,11.18,249.23,3
5672036#5,10228962338,42439994,1,11.18,10.68,3
5672040#0,1692433941,3584752497,1,11.18,5.62,3
5672040#1,3584752497,3584752281,1,11.18,63.42,3
5672040#2,3584752281,42439542,1,11.18,7.54,3
5672040#3,42439542,3584752265,1,11.18,5.79,3
5672040#4,3584752265,3584752242,1,11.18,65.0,3
5672040#5,3584752242,42436796,1,11.18,7.37,3
5672050#0,1764387325,9561253114,2,27.78,38.31,12
5672050#1,9561253114,42421783,2,27.78,12.03,12
5672052#0,42441701,9935939349,1,13.89,4.35,3
5672052#1,9935939349,9421763716,1,13.89,162.71,3
5672052#2,9421763716,42427122,1,13.89,10.6,3
5672052#3,42427122,9935939361,1,13.89,9.02,3
5672052#4,9935939361,9935939419,1,13.89,107.75,3
5672052#5,9935939419,42428966,1,13.89,8.98,3
5672053#0,42433014,4378236638,1,13.89,10.66,3
5672053#1,4378236638,4378236637,1,13.89,3.88,3
5672053#2,4378236637,2075596386,1,13.89,18.14,3
5672053#3,2075596386,42449166,1,13.89,105.94,3
5672053#4,42449166,8725182219,1,13.89,60.95,3
5672053#5,8725182219,42439721,1,13.89,10.0,3
5672060#0,42452556,7830788096,1,11.18,44.37,3
5672060#1,7830788096,5799766717,1,11.18,7.64,3
5672063#0,42442577,8379847751,1,13.89,12.42,3
5672063#1,8379847751,6791440566,1,13.89,142.13,3
5672063#2,6791440566,3579432159,1,13.89,9.0,3
5672065#0,42440122,8250876252,1,13.89,11.27,3
5672065#1,8250876252,8250876239,1,13.89,113.45,3
5672065#2,8250876239,42447326,1,13.89,9.17,3
5672065#3,42447326,10168010397,1,13.89,9.38,3
5672065#4,10168010397,10168010401,1,13.89,119.47,3
5672065#5,10168010401,4708064890,1,13.89,11.61,3
5672065#6,4708064890,10168010404,1,13.89,10.29,3
5672065#7,10168010404,10171102347,1,13.89,135.27,3
5672065#8,10171102347,42432897,1,13.89,13.41,3
5672068#0,42424439,7108033371,3,27.78,11.36,11
5672068#1,7108033371,7801775766,3,27.78,249.57000000000002,11
5672068#2,7801775766,42443381,3,27.78,14.06,11
5672068#3,42443381,7801775722,3,27.78,10.46,11
5672068#4,7801775722,8687882756,3,27.78,250.03,11
5672068#5,8687882756,42442534,3,27.78,12.160000000000002,11
5672073#0,42430813,9791390463,1,8.94,14.39,3
5672073#1,9791390463,10168546916,1,8.94,83.38,3
5672073#2,10168546916,42452598,1,8.94,5.63,3
5672073#3,42452598,10168548417,1,8.94,5.64,3
5672073#4,10168548417,10168546914,1,8.94,126.28,3
5672073#5,10168546914,42431805,1,8.94,5.68,3
5672073#6,42431805,10168546913,1,8.94,6.03,3
5672073#7,10168546913,10168907024,1,8.94,106.98,3
5672073#8,10168907024,42436400,1,8.94,8.8,3
5672076,42423303,370888101,1,11.18,133.0,3
5672093#0,42452117,5173625923,1,11.18,12.29,3
5672093#1,5173625923,42432189,1,11.18,96.9,3
5672093#2,42432189,8310245617,1,11.18,7.38,3
5672093#3,8310245617,8310245614,1,11.18,46.52,3
5672093#4,8310245614,42435550,1,11.18,9.17,3
5672107#0,589929417,8828091529,1,13.89,10.99,3
5672107#1,8828091529,5482216794,1,13.89,27.19,3
5672107#2,5482216794,6244796721,1,13.89,78.07,3
5672107#3,6244796721,6181709392,1,13.89,55.79,3
5672107#4,6181709392,42452814,1,13.89,13.71,3
5672110#0,42452816,8312361692,1,11.18,10.67,3
5672110#1,8312361692,8312361659,1,11.18,104.29,3
5672110#2,8312361659,42452817,1,11.18,11.26,3
5672118#0,42445930,10165986922,1,11.18,10.63,3
5672118#1,10165986922,10125233917,1,11.18,124.89,3
5672118#2,10125233917,10165922703,1,11.18,0.81,3
5672118#3,10165922703,596775914,1,11.18,10.27,3
5672120#0,42441899,6880029849,1,11.18,5.58,3
5672120#1,6880029849,6880029850,1,11.18,128.21,3
5672120#2,6880029850,42431111,1,11.18,10.98,3
5672120#3,42431111,9496980745,1,11.18,11.15,3
5672120#4,9496980745,10171397828,1,11.18,107.59,3
5672120#5,10171397828,42428737,1,11.18,10.64,3
5672120#6,42428737,1061531802,1,11.18,19.77,3
5672120#7,1061531802,7004451414,1,11.18,9.02,3
5672120#8,7004451414,10165989501,1,11.18,104.63,3
5672120#9,10165989501,42442557,1,11.18,15.59,3
5672122#0,42447278,10101626668,1,13.89,8.25,3
5672122#1,10101626668,9796881834,1,13.89,118.48,3
5672122#2,9796881834,42435333,1,13.89,11.18,3
5672129#0,42452936,4300994881,1,11.18,5.65,3
5672129#1,4300994881,42446424,1,11.18,60.89,3
5672135#0,371206274,7103815255,1,13.89,17.97,3
5672135#1,7103815255,42451754,1,13.89,11.69,3
5672138#0,42448558,5829827214,1,11.18,10.72,3
5672138#1,5829827214,1692433927,1,11.18,124.03,3
5672138#2,1692433927,1692433928,1,11.18,7.3,3
5672138#3,1692433928,8309478929,1,11.18,8.3,3
5672138#4,8309478929,8309478921,1,11.18,148.51,3
5672138#5,8309478921,42440553,1,11.18,10.02,3
5672142#0,42430643,8261122914,2,11.18,13.72,11
5672142#1,8261122914,3270031031,2,11.18,94.61,11
5672142#2,3270031031,3270031030,2,11.18,48.08,11
5672142#3,3270031030,9421933505,2,11.18,1.69,11
5672142#4,9421933505,8261122931,2,11.18,102.9,11
5672142#5,8261122931,42452975,2,11.18,12.63,11
5672142#6,42452975,8261122928,2,11.18,13.05,11
5672142#7,8261122928,5481852077,2,11.18,13.3,11
5672142#8,5481852077,4207921706,2,11.18,75.91,11
5672146#0,42428365,7335430602,1,11.18,7.29,3
5672146#1,7335430602,4145586916,1,11.18,81.04,3
5672146#2,4145586916,42436202,1,11.18,9.39,3
5672148#0,42451370,4207000225,1,11.18,11.49,3
5672148#1,4207000225,8821315483,1,11.18,3.4,3
5672148#2,8821315483,5209084625,1,11.18,28.76,3
5672148#3,5209084625,42452994,1,11.18,33.15,3
5672149#0,42443556,9965135057,1,13.89,11.82,3
5672149#1,9965135057,3944708033,1,13.89,133.33,3
5672149#2,3944708033,42445920,1,13.89,10.78,3
5672149#3,42445920,3955360050,1,13.89,8.54,3
5672149#4,3955360050,42443807,1,13.89,78.17,3
5672151#0,42442943,9509176088,1,13.89,14.03,3
5672151#1,9509176088,3569749111,1,13.89,202.06,3
5672151#2,3569749111,3670418751,1,13.89,3.7,3
5672151#3,3670418751,42453000,1,13.89,11.05,3
5672155#0,42446488,5178688285,1,13.89,12.12,3
5672155#1,5178688285,3997454671,1,13.89,134.23,3
5672155#2,3997454671,42445914,1,13.89,10.46,3
5672159#0,42433286,6855861034,1,11.18,13.74,3
5672159#1,6855861034,4320028838,1,11.18,67.1,3
5672159#2,4320028838,42433822,1,11.18,8.73,3
5672161,42449163,748726602,1,13.89,69.7,3
5672168#0,42453038,8312361623,1,11.18,18.22,3
5672168#1,8312361623,8312361632,1,11.18,12.51,3
5672168#2,8312361632,42453059,1,11.18,10.02,3
5672168#3,42453059,8312361629,1,11.18,9.91,3
5672168#4,8312361629,8304498317,1,11.18,103.32,3
5672168#5,8304498317,42430115,1,11.18,8.36,3
5672173#0,42453087,8224676518,1,13.89,7.23,3
5672173#1,8224676518,42453080,1,13.89,61.93,3
5672176#0,42446528,8309479657,2,11.18,6.98,12
5672176#1,8309479657,8309479694,2,11.18,71.82,12
5672176#2,8309479694,42436939,2,11.18,7.75,12
5672176#3,42436939,8309479693,2,11.18,6.58,12
5672176#4,8309479693,42453116,2,11.18,57.35,12
5672178#0,42439249,3627218171,1,11.18,9.6,3
5672178#1,3627218171,3919359296,1,11.18,61.29,3
5672178#2,3919359296,42445558,1,11.18,6.72,3
5672180#0,42443349,10042554901,1,13.89,10.58,3
5672180#1,10042554901,10039932506,1,13.89,249.13,3
5672180#2,10039932506,42442475,1,13.89,11.44,3
5672183#0,42453156,8309479359,1,8.94,161.1,3
5672183#1,8309479359,42453158,1,8.94,10.51,3
5672184#0,42453166,7977873304,1,11.18,12.7,3
5672184#1,7977873304,5481937330,1,11.18,101.89,3
5672184#2,5481937330,3420766627,1,11.18,101.97,3
5672184#3,3420766627,42442850,1,11.18,11.43,3
5672187#0,42453177,7977832463,1,8.94,7.55,3
5672187#1,7977832463,6814309598,1,8.94,206.36,3
5672187#2,6814309598,42453175,1,8.94,9.77,3
5672190#0,42453187,3817760670,1,11.18,13.23,4
5672190#1,3817760670,1729086998,1,11.18,112.52,4
5672190#2,1729086998,1729087000,1,11.18,22.85,4
5672190#3,1729087000,3817760026,1,11.18,66.65,4
5672190#4,3817760026,42442913,1,11.18,14.88,4
5672195#0,42431200,8807524477,2,27.78,7.19,11
5672195#1,8807524477,8807524527,2,27.78,66.14,11
5672195#2,8807524527,42453216,2,27.78,6.22,11
5672195#3,42453216,8807524606,2,27.78,6.89,11
5672195#4,8807524606,7640495254,2,27.78,5.46,11
5672195#5,7640495254,4207724567,2,27.78,33.87,11
5672211#0,42438173,10172843079,1,11.18,72.32,3
5672211#1,10172843079,42453310,1,11.18,9.0,3
5672211#2,42453310,4597668039,1,11.18,10.63,3
5672211#3,4597668039,10172843074,1,11.18,9.22,3
5672211#4,10172843074,5481897719,1,11.18,103.55,3
5672211#5,5481897719,4276517116,1,11.18,94.17,3
5672211#6,4276517116,42428192,1,11.18,7.31,3
5672217#0,42445637,9561420915,1,8.94,8.84,3
5672217#1,9561420915,9561420911,1,8.94,157.97,3
5672217#2,9561420911,42453349,1,8.94,9.78,3
5672217#3,42453349,8952453950,1,8.94,9.62,3
5672217#4,8952453950,8952453945,1,8.94,157.62,3
5672217#5,8952453945,42431234,1,8.94,10.72,3
5672244#0,246911576,3574648569,4,13.41,11.75,13
5672244#1,3574648569,588593059,4,13.41,14.23,13
5672262#0,42453575,7089698647,1,13.89,8.85,3
5672262#1,7089698647,6254630428,1,13.89,134.79,3
5672262#2,6254630428,42446099,1,13.89,11.94,3
5672262#3,42446099,6254630517,1,13.89,11.99,3
5672262#4,6254630517,6254630499,1,13.89,124.94,3
5672262#5,6254630499,596776166,1,13.89,7.4,3
5672264#0,42453586,9563795371,1,22.22,8.43,10
5672264#1,9563795371,1762373649,1,22.22,55.82,10
5672264#2,1762373649,42443492,1,22.22,86.28,10
5672264#3,42443492,704441652,1,22.22,47.06,10
5672264#4,704441652,42453591,1,22.22,97.91,10
5672264#5,42453591,6882325998,1,22.22,96.02,10
5672264#6,6882325998,42429104,1,22.22,11.13,10
5672273#0,3008856931,5147972301,1,11.18,28.17,3
5672273#1,5147972301,42428212,1,11.18,10.03,3
5672284#0,42453669,9561561657,1,8.94,10.67,3
5672284#1,9561561657,9561561633,1,8.94,327.71,3
5672284#2,9561561633,42453638,1,8.94,7.62,3
5672284#3,42453638,9561561627,1,8.94,189.39,3
5672284#4,9561561627,42432802,1,8.94,9.53,3
5672284#5,42432802,9561561629,1,8.94,9.25,3
5672284#6,9561561629,9561561620,1,8.94,107.46,3
5672284#7,9561561620,42441007,1,8.94,13.21,3
5672290#0,4347534783,4347534771,2,11.18,11.38,11
5672290#1,4347534771,4347534768,2,11.18,33.93,11
5672303#0,42453709,7924346736,1,13.89,105.97,3
5672303#1,7924346736,42443081,1,13.89,13.63,3
5672303#2,42443081,7924346803,1,13.89,12.55,3
5672303#3,7924346803,42453714,1,13.89,96.53,3
5672309#0,42438224,7616666755,1,13.89,21.94,3
5672309#1,7616666755,595313982,1,13.89,22.98,3
5672315#0,42441654,10039898981,1,13.89,9.62,3
5672315#1,10039898981,9492556541,1,13.89,127.91,3
5672315#10,42442445,9441745385,1,13.89,10.01,3
5672315#11,9441745385,9668181745,1,13.89,249.99,3
5672315#12,9668181745,42443341,1,13.89,10.46,3
5672315#2,9492556541,42431007,1,13.89,12.08,3
5672315#3,42431007,9492542216,1,13.89,12.99,3
5672315#4,9492542216,8727756047,1,13.89,160.5,3
5672315#5,8727756047,42428640,1,13.89,8.83,3
5672315#6,42428640,1061531500,1,13.89,20.22,3
5672315#7,1061531500,8727756041,1,13.89,11.53,3
5672315#8,8727756041,9441745386,1,13.89,50.16,3
5672315#9,9441745386,42442445,1,13.89,14.2,3
5672321#0,42427327,8231927642,1,11.18,9.61,11
5672321#1,8231927642,5152337872,1,11.18,53.52,11
5672321#2,5152337872,42430041,1,11.18,8.7,11
5672337#0,278608816,42453792,2,22.22,134.82,9
5672337#1,42453792,278646241,2,22.22,270.58,9
5672377#0,42438155,8262936496,3,11.18,8.27,11
5672377#1,8262936496,8262936499,3,11.18,64.58,11
5672377#10,8262936511,8279851459,3,11.18,67.58,11
5672377#11,8279851459,42453952,3,11.18,9.64,11
5672377#2,8262936499,42453934,3,11.18,7.400000000000001,11
5672377#3,42453934,8262936375,3,11.18,5.89,11
5672377#4,8262936375,8262936505,3,11.18,49.98,11
5672377#5,8262936505,8840333846,3,11.18,10.71,11
5672377#6,8840333846,8840333828,3,11.18,3.97,11
5672377#7,8840333828,8840333829,3,11.18,54.78,11
5672377#8,8840333829,8840333851,3,11.18,3.2900000000000005,11
5672377#9,8840333851,8262936511,3,11.18,9.47,11
5672389#0,5316108106,9897810848,2,11.18,196.15,11
5672389#1,9897810848,42442463,2,11.18,12.25,11
5672392#0,42427206,9484666552,1,8.94,8.75,3
5672392#1,9484666552,9484666548,1,8.94,66.27,3
5672392#2,9484666548,42454089,1,8.94,6.36,3
5672398#0,42430981,7595748179,1,11.18,14.23,4
5672398#1,7595748179,10045967175,1,11.18,48.13,4
5672398#2,10045967175,42454120,1,11.18,2.58,4
5672399,1061531509,42428575,1,27.78,20.07,11
5672402#0,42436563,8310246627,1,11.18,17.56,3
5672402#1,8310246627,482807376,1,11.18,71.57,3
5672402#2,482807376,8310246638,1,11.18,66.01,3
5672402#3,8310246638,42437763,1,11.18,10.44,3
5672409#0,42440810,7641718018,1,11.18,11.64,3
5672409#1,7641718018,42447255,1,11.18,15.89,3
5672409#2,42447255,7641718055,1,11.18,7.31,3
5672409#3,7641718055,9910248819,1,11.18,23.88,3
5672409#4,9910248819,42453780,1,11.18,66.16,3
5672409#5,42453780,7132405547,1,11.18,41.97,3
5672409#6,7132405547,6946750302,1,11.18,108.17,3
5672409#7,6946750302,7132405537,1,11.18,6.65,3
5672410#0,42425955,7132406725,1,11.18,10.12,3
5672410#1,7132406725,7132405545,1,11.18,78.34,3
5672411#0,42451773,6352970535,1,13.89,11.9,3
5672411#1,6352970535,7834030793,1,13.89,202.28,3
5672411#10,7134855818,7068067126,1,13.89,12.19,3
5672411#11,7068067126,7068067131,1,13.89,15.94,3
5672411#12,7068067131,7134855796,1,13.89,125.24,3
5672411#13,7134855796,7134855807,1,13.89,37.55,3
5672411#14,7134855807,42450030,1,13.89,12.65,3
5672411#15,42450030,7134855801,1,13.89,13.69,3
5672411#16,7134855801,7924099752,1,13.89,131.56,3
5672411#17,7924099752,42447136,1,13.89,9.72,3
5672411#18,42447136,7924099719,1,13.89,9.68,3
5672411#19,7924099719,7924099720,1,13.89,127.04,3
5672411#2,7834030793,42428039,1,13.89,12.3,3
5672411#20,7924099720,42454192,1,13.89,11.12,3
5672411#21,42454192,596776115,1,13.89,17.6,3
5672411#22,596776115,7924094058,1,13.89,10.3,3
5672411#23,7924094058,7924094032,1,13.89,125.44,3
5672411#24,7924094032,42446041,1,13.89,9.23,3
5672411#25,42446041,7924094018,1,13.89,11.58,3
5672411#26,7924094018,5306314452,1,13.89,135.33,3
5672411#27,5306314452,42454189,1,13.89,8.37,3
5672411#3,42428039,7834025549,1,13.89,12.57,3
5672411#4,7834025549,7834030804,1,13.89,191.53,3
5672411#5,7834030804,42454196,1,13.89,12.96,3
5672411#6,42454196,7834025581,1,13.89,13.79,3
5672411#7,7834025581,7134855833,1,13.89,202.92,3
5672411#8,7134855833,42443040,1,13.89,11.79,3
5672411#9,42443040,7134855818,1,13.89,12.73,3
5672418#0,42435522,5163273913,1,13.89,12.09,3
5672418#1,5163273913,589298105,1,13.89,79.71,3
5672430#0,42421783,1763749978,1,8.94,13.01,3
5672430#1,1763749978,42454313,1,8.94,65.63,3
5672434,9907978318,5416901182,1,11.18,184.99,3
5672441,4477147269,588455694,2,11.18,9.35,11
5672447#0,42442741,9566869992,1,13.89,14.38,3
5672447#1,9566869992,9566869998,1,13.89,117.9,3
5672447#2,9566869998,42454368,1,13.89,8.65,3
5672450#0,42454378,9140832088,1,11.18,10.63,3
5672450#1,9140832088,9683231674,1,11.18,286.65,3
5672450#2,9683231674,42430263,1,11.18,11.71,3
5672450#3,42430263,9683231677,1,11.18,13.38,3
5672450#4,9683231677,9683231667,1,11.18,248.35,3
5672450#5,9683231667,42439834,1,11.18,12.67,3
5672450#6,42439834,9683231670,1,11.18,13.09,3
5672450#7,9683231670,10171509290,1,11.18,249.69,3
5672450#8,10171509290,42435610,1,11.18,11.35,3
5672464#0,42454428,3942050704,1,13.89,12.4,3
5672464#1,3942050704,10173043410,1,13.89,286.54,3
5672464#2,10173043410,42430338,1,13.89,12.38,3
5672466#0,42444884,9561125992,1,13.89,7.96,3
5672466#1,9561125992,9047393183,1,13.89,67.62,3
5672466#2,9047393183,9561126003,1,13.89,67.8,3
5672466#3,9561126003,42429255,1,13.89,8.62,3
5672478,42454495,9140729323,1,22.22,39.78,9
5672483#0,42453008,9987259783,1,11.18,7.94,4
5672483#1,9987259783,4917687088,1,11.18,63.98,4
5672483#2,4917687088,42445666,1,11.18,7.57,4
5672487#0,42446932,4234425023,1,11.18,10.14,3
5672487#1,4234425023,10166167614,1,11.18,133.32,3
5672487#2,10166167614,42454522,1,11.18,7.19,3
5672487#3,42454522,4597668031,1,11.18,10.23,3
5672487#4,4597668031,10166167618,1,11.18,8.49,3
5672487#5,10166167618,10166167605,1,11.18,133.73,3
5672487#6,10166167605,42445885,1,11.18,9.15,3
5672487#7,42445885,10166167608,1,11.18,9.58,3
5672487#8,10166167608,10167162581,1,11.18,133.97,3
5672487#9,10167162581,42434800,1,11.18,10.97,3
5672493#0,42454551,7046287192,1,22.22,129.78,10
5672493#1,7046287192,42444873,1,22.22,9.49,10
5672501#0,42442417,7050687032,1,11.18,10.29,3
5672501#1,7050687032,7474729999,1,11.18,24.92,3
5672501#10,8780665902,9902326640,1,11.18,112.09,3
5672501#11,9902326640,42443326,1,11.18,11.96,3
5672501#12,42443326,9902179333,1,11.18,13.1,3
5672501#13,9902179333,9902381180,1,11.18,195.23,3
5672501#14,9902381180,3809536808,1,11.18,53.43,3
5672501#15,3809536808,7802856349,1,11.18,11.97,3
5672501#2,7474729999,7556282027,1,11.18,5.88,3
5672501#3,7556282027,7474716574,1,11.18,4.58,3
5672501#4,7474716574,7556282018,1,11.18,0.97,3
5672501#5,7556282018,7474730014,1,11.18,14.12,3
5672501#6,7474730014,8780665908,1,11.18,44.31,3
5672501#7,8780665908,42428601,1,11.18,12.78,3
5672501#8,42428601,1061531787,1,11.18,18.6,3
5672501#9,1061531787,8780665902,1,11.18,11.04,3
5672503#0,42427156,7604384340,1,13.89,9.08,3
5672503#1,7604384340,7604384289,1,13.89,127.24,3
5672503#10,8722881601,8722881595,1,13.89,112.26,3
5672503#11,8722881595,42454611,1,13.89,9.75,3
5672503#12,42454611,8722881593,1,13.89,8.45,3
5672503#13,8722881593,8723021866,1,13.89,119.13,3
5672503#14,8723021866,42442723,1,13.89,13.67,3
5672503#2,7604384289,42428998,1,13.89,13.15,3
5672503#3,42428998,7604384287,1,13.89,10.95,3
5672503#4,7604384287,7604384206,1,13.89,19.02,3
5672503#5,7604384206,42449627,1,13.89,8.26,3
5672503#6,42449627,7604384207,1,13.89,7.4,3
5672503#7,7604384207,8722881603,1,13.89,98.59,3
5672503#8,8722881603,42433046,1,13.89,11.91,3
5672503#9,42433046,8722881601,1,13.89,12.08,3
5672510#0,42436381,8214320111,1,8.94,8.64,3
5672510#1,8214320111,8214320100,1,8.94,168.66,3
5672510#2,8214320100,42431528,1,8.94,6.04,3
5672510#3,42431528,10170666556,1,8.94,5.74,3
5672510#4,10170666556,8214320097,1,8.94,13.89,3
5672510#5,8214320097,42430791,1,8.94,17.04,3
5672512#0,42441000,9561561617,1,8.94,11.99,3
5672512#1,9561561617,9561543897,1,8.94,110.8,3
5672512#2,9561543897,42432805,1,8.94,8.4,3
5672515#0,42448329,4918486746,3,11.18,8.26,11
5672515#1,4918486746,4918486736,3,11.18,64.66,11
5672515#2,4918486736,42454660,3,11.18,8.9,11
5672515#3,42454660,4918486732,3,11.18,8.8,11
5672515#4,4918486732,7248638336,3,11.18,68.4,11
5672515#5,7248638336,42432871,3,11.18,13.51,11
5672524#0,42454679,7094731933,1,13.89,8.86,3
5672524#1,7094731933,10173084338,1,13.89,134.86,3
5672524#10,10170793899,42450009,1,13.89,14.11,3
5672524#11,42450009,10170793903,1,13.89,13.23,3
5672524#12,10170793903,8250715776,1,13.89,190.21,3
5672524#13,8250715776,42443020,1,13.89,12.02,3
5672524#14,42443020,8250715785,1,13.89,14.4,3
5672524#15,8250715785,6689909669,1,13.89,202.66,3
5672524#16,6689909669,42454701,1,13.89,13.36,3
5672524#17,42454701,6689909671,1,13.89,12.89,3
5672524#18,6689909671,6689923813,1,13.89,192.11,3
5672524#19,6689923813,42428014,1,13.89,11.18,3
5672524#2,10173084338,42446013,1,13.89,9.86,3
5672524#3,42446013,10173084336,1,13.89,11.41,3
5672524#4,10173084336,10125222321,1,13.89,125.22,3
5672524#5,10125222321,596776041,1,13.89,10.8,3
5672524#6,596776041,42454691,1,13.89,17.13,3
5672524#7,42454691,10125222322,1,13.89,10.98,3
5672524#8,10125222322,42447084,1,13.89,137.01,3
5672524#9,42447084,10170793899,1,13.89,140.98,3
5672528#0,42433550,8231942812,1,11.18,9.38,3
5672528#1,8231942812,8231945163,1,11.18,58.24,3
5672528#2,8231945163,42435925,1,11.18,7.99,3
5672528#3,42435925,8231945162,1,11.18,6.11,3
5672528#4,8231945162,8231945185,1,11.18,65.53,3
5672528#5,8231945185,42437768,1,11.18,9.4,3
5672535#0,42436427,8307463793,1,11.18,8.97,3
5672535#1,8307463793,10168546903,1,11.18,57.45,3
5672535#2,10168546903,42436155,1,11.18,6.21,3
5672535#3,42436155,10168546901,1,11.18,7.44,3
5672535#4,10168546901,11159805948,1,11.18,126.46,3
5672535#5,11159805948,42454758,1,11.18,8.3,3
5672535#6,42454758,11159805949,1,11.18,7.9,3
5672535#7,11159805949,42453477,1,11.18,114.39,3
5672550#0,42444242,7138157371,1,11.18,8.09,11
5672550#1,7138157371,4985377338,1,11.18,74.81,11
5672550#2,4985377338,42452708,1,11.18,7.76,11
5672550#3,42452708,4985377336,1,11.18,8.57,11
5672550#4,4985377336,4985377343,1,11.18,38.6,11
5672550#5,4985377343,42454798,1,11.18,10.67,11
5672553#0,42442684,9569882302,2,22.22,12.39,10
5672553#1,9569882302,9569882292,2,22.22,53.01,10
5672553#2,9569882292,42433020,2,22.22,17.84,10
5672559#0,42439724,8725170815,1,22.22,10.38,10
5672559#1,8725170815,8725170814,1,22.22,33.46,10
5672559#2,8725170814,2064854960,1,22.22,135.22,10
5672559#3,2064854960,42442684,1,22.22,14.32,10
5672571#0,3579432162,6886295086,1,13.89,12.41,3
5672571#1,6886295086,6886294931,1,13.89,243.35,3
5672571#2,6886294931,1506599378,1,13.89,8.22,3
5672571#3,1506599378,1506591534,1,13.89,21.65,3
5672575#0,42440134,10171087506,1,13.89,10.99,3
5672575#1,10171087506,10168029055,1,13.89,113.76,3
5672575#2,10168029055,42447336,1,13.89,8.26,3
5672578#0,42442288,8307641936,1,11.18,8.58,3
5672578#1,8307641936,4142105796,1,11.18,167.28,3
5672578#2,4142105796,42440847,1,11.18,6.08,3
5672585#0,42442638,7622258565,1,13.89,40.44,3
5672585#1,7622258565,561035367,1,13.89,226.89,3
5672585#2,561035367,42428947,1,13.89,17.81,3
5672585#3,42428947,2504882511,1,13.89,154.63,3
5672585#4,2504882511,42441774,1,13.89,6.58,3
5672598,42434780,42434722,1,13.89,91.2,3
5672604#0,42442862,4236104522,1,11.18,12.35,3
5672604#1,4236104522,3627218170,1,11.18,190.89,3
5672604#2,3627218170,42449886,1,11.18,13.67,3
5672604#3,42449886,3627218175,1,11.18,13.64,3
5672604#4,3627218175,4234578191,1,11.18,126.9,3
5672604#5,4234578191,42453104,1,11.18,11.8,3
5672607#0,42428483,8309479712,1,11.18,10.23,3
5672607#1,8309479712,8309479769,1,11.18,178.38,3
5672607#2,8309479769,42455026,1,11.18,7.57,3
5672607#3,42455026,8309479772,1,11.18,9.28,3
5672607#4,8309479772,5357196527,1,11.18,103.46,3
5672607#5,5357196527,8309479760,1,11.18,44.95,3
5672607#6,8309479760,42449067,1,11.18,10.86,3
5672615#0,42455059,2797305986,1,11.18,9.75,11
5672615#1,2797305986,5403873771,1,11.18,112.43,11
5672615#2,5403873771,42433064,1,11.18,11.79,11
5672615#3,42433064,5403873770,1,11.18,13.32,11
5672615#4,5403873770,9550791789,1,11.18,96.85,11
5672615#5,9550791789,42449637,1,11.18,8.88,11
5672621#0,42440401,3783146176,1,8.94,11.45,10
5672621#1,3783146176,7977832480,1,8.94,43.17,10
5672621#2,7977832480,42453607,1,8.94,7.44,10
5672625#0,42428454,10172977550,1,11.18,8.27,3
5672625#1,10172977550,42429672,1,11.18,46.43,3
5672625#2,42429672,42445520,1,11.18,60.7,3
5672629#0,6176483595,4918486791,3,11.18,13.979999999999999,11
5672629#1,4918486791,8906433866,3,11.18,32.52,11
5672646#0,42444833,7977873286,1,8.94,7.59,11
5672646#1,7977873286,8309479376,1,8.94,59.06,11
5672646#2,8309479376,42434233,1,8.94,6.76,11
5672646#3,42434233,8309479375,1,8.94,6.94,11
5672646#4,8309479375,8309479403,1,8.94,64.44,11
5672646#5,8309479403,42455181,1,8.94,6.53,11
5672646#6,42455181,8309479402,1,8.94,6.59,11
5672646#7,8309479402,8309479396,1,8.94,62.39,11
5672646#8,8309479396,42449029,1,8.94,6.63,11
5672650#0,5838916777,10171241045,3,11.18,13.979999999999999,11
5672650#1,10171241045,10917414771,3,11.18,61.03,11
5672654#0,42450325,5151708183,1,11.18,42.23,4
5672654#1,5151708183,42430167,1,11.18,12.44,4
5672656#0,5004570630,7785782257,1,13.89,11.94,3
5672656#1,7785782257,7004372896,1,13.89,171.99,3
5672656#10,10168667116,8379839197,1,13.89,164.5,3
5672656#11,8379839197,42435360,1,13.89,9.33,3
5672656#2,7004372896,42428814,1,13.89,10.65,3
5672656#3,42428814,561035335,1,13.89,17.73,3
5672656#4,561035335,7004372899,1,13.89,10.41,3
5672656#5,7004372899,627905378,1,13.89,73.8,3
5672656#6,627905378,627905391,1,13.89,95.69,3
5672656#7,627905391,7326861789,1,13.89,73.37,3
5672656#8,7326861789,1506445711,1,13.89,11.47,3
5672656#9,1506445711,10168667116,1,13.89,12.7,3
5672660#0,42440104,10165997000,1,13.89,8.05,3
5672660#1,10165997000,10165997005,1,13.89,21.93,3
5672660#2,10165997005,42447317,1,13.89,9.93,3
5672662#0,42454102,9566869961,1,22.22,9.27,10
5672662#1,9566869961,8740550818,1,22.22,70.9,10
5672662#10,8740550789,8740550771,1,22.22,64.89,10
5672662#11,8740550771,42450275,1,22.22,6.94,10
5672662#12,42450275,8740550776,1,22.22,7.22,10
5672662#13,8740550776,8740550843,1,22.22,59.49,10
5672662#14,8740550843,42455337,1,22.22,9.16,10
5672662#2,8740550818,42445675,1,22.22,6.8,10
5672662#3,42445675,8740550821,1,22.22,6.7,10
5672662#4,8740550821,8740550802,1,22.22,71.32,10
5672662#5,8740550802,42436288,1,22.22,8.65,10
5672662#6,42436288,8740550809,1,22.22,9.27,10
5672662#7,8740550809,8740550785,1,22.22,63.33,10
5672662#8,8740550785,42455335,1,22.22,6.63,10
5672662#9,42455335,8740550789,1,22.22,7.36,10
5672681#0,8983894794,8262308638,1,11.18,81.3,3
5672681#1,8262308638,42436431,1,11.18,11.27,3
5672699,42449874,42453613,1,11.18,13.36,10
5672706#0,42439323,4298757025,1,11.18,14.52,3
5672706#1,4298757025,4191922368,1,11.18,133.62,3
5672706#2,4191922368,42455452,1,11.18,5.61,3
5672710#0,4597668023,42437018,1,11.18,10.06,3
5672710#1,42437018,3670742444,1,11.18,8.0,3
5672713#0,42449333,8429175900,1,11.18,11.96,3
5672713#1,8429175900,5148103568,1,11.18,164.28,3
5672713#2,5148103568,42438785,1,11.18,7.47,3
5672715#0,42437830,4161568866,1,11.18,10.26,4
5672715#1,4161568866,5178499892,1,11.18,59.15,4
5672715#2,5178499892,5145327520,1,11.18,39.53,4
5672715#3,5145327520,5145330172,1,11.18,13.83,4
5672722#0,42445562,7998566475,1,13.89,27.76,3
5672722#1,7998566475,9561557613,1,13.89,37.33,3
5672722#2,9561557613,42445051,1,13.89,7.77,3
5672730#0,427840998,10171326402,2,39.44,6.7,14
5672730#1,10171326402,7502121831,2,39.44,1.54,14
5672743#0,42442559,9654214284,1,13.89,12.16,3
5672743#1,9654214284,7004451413,1,13.89,106.85,3
5672743#2,7004451413,1061531815,1,13.89,9.21,3
5672743#3,1061531815,42428742,1,13.89,19.27,3
5672747#0,7801840675,9796881835,1,13.89,11.13,3
5672747#1,9796881835,10125661930,1,13.89,118.46,3
5672747#2,10125661930,42447281,1,13.89,8.35,3
5672752#0,42440022,10170842508,2,27.78,13.44,12
5672752#1,10170842508,2653473655,2,27.78,67.85,12
5672752#2,2653473655,8785244287,2,27.78,82.84,12
5672752#3,8785244287,6456258924,2,27.78,3.39,12
5672752#4,6456258924,42428329,2,27.78,11.52,12
5672760#0,42455662,2792787022,3,11.18,10.32,11
5672760#1,2792787022,9076023379,3,11.18,43.97,11
5672762#0,1506445789,7004422491,1,13.89,9.8,3
5672762#1,7004422491,7004347454,1,13.89,141.37,3
5672762#2,7004347454,42442578,1,13.89,12.81,3
5672764,3579426874,9518268089,1,13.89,78.57,3
5672766#0,42435207,10170875027,1,13.89,12.83,3
5672766#1,10170875027,10127369896,1,13.89,283.4,3
5672766#2,10127369896,42453226,1,13.89,8.84,3
5672766#3,42453226,3099326128,1,13.89,14.23,3
5672769#0,42427996,7837088634,1,13.89,11.57,3
5672769#1,7837088634,6670244855,1,13.89,192.17,3
5672769#2,6670244855,42455695,1,13.89,13.63,3
5672800#0,42429431,9440836565,1,11.18,7.69,11
5672800#1,9440836565,42431156,1,11.18,76.59,11
5672803#0,4754091366,8307637671,1,11.18,6.88,3
5672803#1,8307637671,4501889852,1,11.18,30.79,3
5672803#2,4501889852,8307637670,1,11.18,26.12,3
5672803#3,8307637670,42429829,1,11.18,5.67,3
5672860#0,3931534870,42443096,1,13.89,18.54,3
5672860#1,42443096,7927319043,1,13.89,12.42,3
5672860#10,10122952982,42447206,1,13.89,8.76,3
5672860#11,42447206,10122952981,1,13.89,9.21,3
5672860#12,10122952981,10255655743,1,13.89,46.65,3
5672860#13,10255655743,5481978523,1,13.89,19.44,3
5672860#14,5481978523,5481977606,1,13.89,25.8,3
5672860#15,5481977606,10170647011,1,13.89,36.16,3
5672860#16,10170647011,42456162,1,13.89,5.71,3
5672860#17,42456162,596776613,1,13.89,25.66,3
5672860#18,596776613,10170647006,1,13.89,7.16,3
5672860#19,10170647006,10170762190,1,13.89,128.95,3
5672860#2,7927319043,5482291249,1,13.89,54.95,3
5672860#20,10170762190,42446169,1,13.89,7.83,3
5672860#3,5482291249,10170762164,1,13.89,136.77,3
5672860#4,10170762164,42450080,1,13.89,12.78,3
5672860#5,42450080,10170762167,1,13.89,12.9,3
5672860#6,10170762167,10568682751,1,13.89,76.05,3
5672860#7,10568682751,3903057548,1,13.89,4.25,3
5672860#8,3903057548,10568682762,1,13.89,16.13,3
5672860#9,10568682762,10122952982,1,13.89,36.51,3
5672871#0,8996353563,8307641821,1,11.18,12.52,3
5672871#1,8307641821,8231922377,1,11.18,145.65,3
5672871#10,8231885401,8231934415,1,11.18,147.91,3
5672871#11,8231934415,42456197,1,11.18,5.82,3
5672871#12,42456197,8231934414,1,11.18,6.1,3
5672871#13,8231934414,9815692294,1,11.18,129.0,3
5672871#2,8231922377,42452040,1,11.18,6.2,3
5672871#3,42452040,8231922376,1,11.18,6.76,3
5672871#4,8231922376,8231922394,1,11.18,108.55,3
5672871#5,8231922394,42432152,1,11.18,10.33,3
5672871#6,42432152,8231922392,1,11.18,10.37,3
5672871#7,8231922392,8231885402,1,11.18,148.34,3
5672871#8,8231885402,42442273,1,11.18,6.04,3
5672871#9,42442273,8231885401,1,11.18,6.22,3
5672873#0,42456205,8309478895,1,11.18,5.71,3
5672873#1,8309478895,8309478981,1,11.18,65.86,3
5672873#2,8309478981,42456206,1,11.18,7.1,3
5672873#3,42456206,8309478978,1,11.18,8.6,3
5672873#4,8309478978,10695321443,1,11.18,60.31,3
5672889#0,42442710,6836035779,1,13.89,13.66,3
5672889#1,6836035779,6836035769,1,13.89,66.41,3
5672889#2,6836035769,42439362,1,13.89,8.17,3
5672893#0,42436178,4206997150,1,11.18,7.01,3
5672893#1,4206997150,4206997143,1,11.18,25.27,3
5672893#2,4206997143,4149936235,1,11.18,10.57,3
5672896#0,42456303,8309478879,1,11.18,7.26,3
5672896#1,8309478879,8309478872,1,11.18,61.58,3
5672896#10,8309479770,8309479778,1,11.18,68.12,3
5672896#11,8309479778,42446521,1,11.18,6.68,3
5672896#12,42446521,8309479777,1,11.18,7.25,3
5672896#13,8309479777,8309479793,1,11.18,67.44,3
5672896#14,8309479793,42436935,1,11.18,6.53,3
5672896#2,8309478872,42449045,1,11.18,6.96,3
5672896#3,42449045,8309478871,1,11.18,7.66,3
5672896#4,8309478871,8309479717,1,11.18,60.58,3
5672896#5,8309479717,42430861,1,11.18,6.67,3
5672896#6,42430861,8309479719,1,11.18,7.57,3
5672896#7,8309479719,8309479771,1,11.18,62.49,3
5672896#8,8309479771,42455026,1,11.18,5.91,3
5672896#9,42455026,8309479770,1,11.18,7.12,3
5672899#0,42453700,8372982791,1,11.18,7.08,3
5672899#1,8372982791,8307641640,1,11.18,41.24,3
5672899#2,8307641640,42440792,1,11.18,9.09,3
5672899#3,42440792,8231954825,1,11.18,9.91,3
5672899#4,8231954825,8231954822,1,11.18,118.71,3
5672899#5,8231954822,42445620,1,11.18,5.81,3
5672899#6,42445620,8231954821,1,11.18,5.56,3
5672899#7,8231954821,5043074389,1,11.18,125.86,3
5672899#8,5043074389,42452076,1,11.18,9.01,3
5672910#0,42428464,8309479144,1,11.18,9.58,3
5672910#1,8309479144,8309479134,1,11.18,66.23,3
5672910#2,8309479134,42449582,1,11.18,7.39,3
5672910#3,42449582,8309479136,1,11.18,7.41,3
5672910#4,8309479136,8309478979,1,11.18,65.12,3
5672910#5,8309478979,42456206,1,11.18,5.91,3
5672911#0,5799766718,7830788142,1,11.18,99.78,3
5672911#1,7830788142,42448430,1,11.18,8.28,3
5672911#10,8279851185,42433539,1,11.18,9.45,3
5672911#2,42448430,7830788125,1,11.18,7.06,3
5672911#3,7830788125,8279851257,1,11.18,65.29,3
5672911#4,8279851257,42437755,1,11.18,7.59,3
5672911#5,42437755,8279851258,1,11.18,7.4,3
5672911#6,8279851258,8279851212,1,11.18,64.89,3
5672911#7,8279851212,42435916,1,11.18,7.26,3
5672911#8,42435916,8279851213,1,11.18,7.6,3
5672911#9,8279851213,8279851185,1,11.18,58.52,3
5672912#0,42456464,8214331017,1,8.94,106.68,3
5672912#1,8214331017,42436377,1,8.94,9.21,3
5672922#0,42430761,3546132354,1,11.18,19.07,3
5672922#1,3546132354,8309469093,1,11.18,89.29,3
5672922#2,8309469093,42431519,1,11.18,5.9,3
5672922#3,42431519,8309469090,1,11.18,5.85,3
5672922#4,8309469090,8309469097,1,11.18,125.12,3
5672922#5,8309469097,42431773,1,11.18,6.08,3
5672925#0,588546798,4145586933,3,11.18,8.28,12
5672925#1,4145586933,4145439102,3,11.18,43.39000000000001,12
5672925#2,4145439102,588546882,3,11.18,8.31,12
5672937#0,42456543,10172843109,2,11.18,8.18,12
5672937#1,10172843109,10172843093,2,11.18,59.64,12
5672937#2,10172843093,42439203,2,11.18,6.57,12
5672937#3,42439203,10172843089,2,11.18,7.9,12
5672937#4,10172843089,10172843081,2,11.18,59.85,12
5672937#5,10172843081,42453310,2,11.18,6.43,12
5672941#0,42450035,6214889033,1,11.18,13.72,3
5672941#1,6214889033,7158854751,1,11.18,131.35,3
5672941#10,42446066,6270714165,1,11.18,10.91,3
5672941#11,6270714165,5481907916,1,11.18,64.79,3
5672941#12,5481907916,5306313701,1,11.18,70.26,3
5672941#13,5306313701,42456575,1,11.18,8.92,3
5672941#2,7158854751,42447144,1,11.18,10.01,3
5672941#3,42447144,7158854705,1,11.18,10.32,3
5672941#4,7158854705,7158854762,1,11.18,126.68,3
5672941#5,7158854762,42456578,1,11.18,11.01,3
5672941#6,42456578,596776163,1,11.18,17.38,3
5672941#7,596776163,7158854694,1,11.18,10.29,3
5672941#8,7158854694,6270714166,1,11.18,125.41,3
5672941#9,6270714166,42446066,1,11.18,10.04,3
5672943#0,42447389,10743755837,1,13.89,8.27,3
5672943#1,10743755837,42444853,1,13.89,228.57,3
5672946#0,42441910,7785880660,1,13.89,5.99,3
5672946#1,7785880660,10166004067,1,13.89,120.22,3
5672946#10,2539225447,10166004019,1,13.89,95.69,3
5672946#11,10166004019,42443413,1,13.89,11.95,3
5672946#2,10166004067,9492618963,1,13.89,0.77,3
5672946#3,9492618963,595314103,1,13.89,11.63,3
5672946#4,595314103,595314104,1,13.89,18.87,3
5672946#5,595314104,7004396260,1,13.89,9.47,3
5672946#6,7004396260,10165989509,1,13.89,239.96,3
5672946#7,10165989509,42442565,1,13.89,15.73,3
5672946#8,42442565,10165989506,1,13.89,10.13,3
5672946#9,10165989506,2539225447,1,13.89,153.5,3
5672948#0,42455452,9507816945,1,11.18,5.6,3
5672948#1,9507816945,4191922369,1,11.18,68.32,3
5672948#2,4191922369,42431467,1,11.18,8.28,3
5672951#0,42445947,6188877016,3,11.18,10.64,3
5672951#1,6188877016,10125156112,3,11.18,89.82,3
5672954#0,42450426,3977886255,2,27.78,11.03,11
5672954#1,3977886255,10165986953,2,27.78,133.32,11
5672954#2,10165986953,42445936,2,27.78,12.11,11
5672965#0,7372860100,3857400399,3,11.18,19.74,11
5672965#1,3857400399,42453624,3,11.18,7.72,11
5672967#0,42426968,9557110399,1,11.18,77.56,11
5672967#1,9557110399,42424235,1,11.18,7.44,11
5672971#0,588455742,3898690237,2,11.18,10.86,12
5672971#1,3898690237,8827549041,2,11.18,42.32,12
5672971#2,8827549041,42437559,2,11.18,6.32,12
5672973#0,42436202,10315971079,3,11.18,85.61,11
5672973#1,10315971079,42456297,3,11.18,8.29,11
5672977#0,42442549,7004447598,1,11.18,118.5,3
5672977#1,7004447598,1061531730,1,11.18,11.47,3
5672977#2,1061531730,42428723,1,11.18,18.94,3
5672977#3,42428723,10170980696,1,11.18,9.54,3
5672977#4,10170980696,9496980734,1,11.18,105.16,3
5672977#5,9496980734,42431106,1,11.18,12.87,3
5672977#6,42431106,9496980737,1,11.18,12.2,3
5672977#7,9496980737,42441889,1,11.18,147.57,3
5672986#0,42444108,11032985329,1,11.18,10.72,11
5672986#1,11032985329,205025778,1,11.18,23.92,11
5672986#2,205025778,4158749895,1,11.18,9.91,11
5672987#0,42436377,8214331022,1,11.18,12.03,3
5672987#1,8214331022,8214320065,1,11.18,95.29,3
5672987#2,8214320065,42436119,1,11.18,9.04,3
5672987#3,42436119,8214320068,1,11.18,8.64,3
5672987#4,8214320068,8214320061,1,11.18,56.73,3
5672987#5,8214320061,42456986,1,11.18,8.21,3
5672987#6,42456986,8214320064,1,11.18,8.51,3
5672987#7,8214320064,10919435183,1,11.18,33.57,3
5672987#8,10919435183,4872777160,1,11.18,60.91,3
5672987#9,4872777160,42453442,1,11.18,11.55,3
5672988#0,42430770,8214320094,1,8.94,16.91,3
5672988#1,8214320094,42456464,1,8.94,53.79,3
5672991#0,42443804,3955360021,2,11.18,76.41,12
5672991#1,3955360021,42445916,2,11.18,11.67,12
5672992#0,42442906,7964920718,1,11.18,12.12,3
5672992#1,7964920718,4234425035,1,11.18,189.83,3
5672992#2,4234425035,42449926,1,11.18,13.57,3
5672998#0,42431000,9177400757,1,11.18,12.08,3
5672998#1,9177400757,5115916419,1,11.18,250.14,3
5672998#2,5115916419,42442422,1,11.18,14.13,3
5672998#3,42442422,5115917324,1,11.18,10.25,3
5672998#4,5115917324,5115917329,1,11.18,13.13,3
5672998#5,5115917329,42428610,1,11.18,10.42,3
5672998#6,42428610,1061531597,1,11.18,20.88,3
5672998#7,1061531597,5115916414,1,11.18,11.32,3
5672998#8,5115916414,9897874389,1,11.18,193.23,3
5672998#9,9897874389,42443332,1,11.18,12.13,3
5673018#0,42435253,7837165577,1,13.89,10.82,3
5673018#1,7837165577,5727366250,1,13.89,81.66,3
5673018#2,5727366250,8390080234,1,13.89,10.75,3
5673018#3,8390080234,7630577022,1,13.89,6.46,3
5673018#4,7630577022,5117972561,1,13.89,64.51,3
5673018#5,5117972561,1061531447,1,13.89,12.31,3
5673033#0,42457282,9561561656,1,8.94,10.76,3
5673033#1,9561561656,7150484631,1,8.94,15.28,3
5673033#2,7150484631,9561561634,1,8.94,49.61,3
5673033#3,9561561634,42453638,1,8.94,4.47,3
5673035#0,3350498747,8276469216,1,11.18,8.55,3
5673035#1,8276469216,8279851774,1,11.18,52.42,3
5673035#2,8279851774,42452620,1,11.18,5.78,3
5673038#0,42448593,8281922082,1,11.18,7.08,4
5673038#1,8281922082,6280593757,1,11.18,44.84,4
5673038#2,6280593757,8404036871,1,11.18,12.94,4
5673038#3,8404036871,8281922067,1,11.18,49.32,4
5673038#4,8281922067,42456492,1,11.18,5.44,4
5673052#0,42436404,8307463858,1,8.94,8.43,3
5673052#1,8307463858,8307463876,1,8.94,81.45,3
5673052#2,8307463876,42431812,1,8.94,6.21,3
5673052#3,42431812,8307463873,1,8.94,5.55,3
5673052#4,8307463873,42457421,1,8.94,131.3,3
5673052#5,42457421,8262308502,1,8.94,130.87,3
5673052#6,8262308502,42433272,1,8.94,5.69,3
5673054#0,1253602816,42445672,1,13.89,344.31,3
5673054#1,42445672,42436283,1,13.89,88.76,3
5673054#2,42436283,8740550838,1,13.89,136.33,3
5673054#3,8740550838,42442764,1,13.89,12.56,3
5673063,595105581,42455932,1,13.89,28.65,3
5673064#0,42442400,8929221218,1,8.94,74.44,10
5673064#1,8929221218,42427216,1,8.94,9.1,10
5673067#0,42443488,9563795375,1,13.89,7.31,3
5673067#1,9563795375,9563795474,1,13.89,60.15,3
5673067#2,9563795474,42449656,1,13.89,10.3,3
5673067#3,42449656,9563795471,1,13.89,8.8,3
5673067#4,9563795471,5403868136,1,13.89,97.04,3
5673067#5,5403868136,42433115,1,13.89,12.74,3
5673069#0,42429100,6882325997,1,8.94,12.2,3
5673069#1,6882325997,6882325999,1,8.94,65.07,3
5673069#2,6882325999,42454300,1,8.94,6.28,3
5673073#0,42438529,11038072103,1,11.18,8.51,3
5673073#1,11038072103,8310246568,1,11.18,7.77,3
5673073#10,8310246535,42427750,1,11.18,7.22,3
5673073#2,8310246568,8310246567,1,11.18,57.76,3
5673073#3,8310246567,42436974,1,11.18,5.63,3
5673073#4,42436974,8310246565,1,11.18,5.67,3
5673073#5,8310246565,42432002,1,11.18,20.25,3
5673073#6,42432002,42434833,1,11.18,25.99,3
5673073#7,42434833,8310246545,1,11.18,6.34,3
5673073#8,8310246545,7401172013,1,11.18,168.89,3
5673073#9,7401172013,8310246535,1,11.18,46.74,3
5673075,42433834,7706695191,1,11.18,19.67,3
5673077#0,42433324,4382842410,1,11.18,11.81,3
5673077#1,4382842410,588455858,1,11.18,19.08,3
5673077#2,588455858,7483737401,1,11.18,152.71,3
5673077#3,7483737401,42452556,1,11.18,13.15,3
5673078#0,42431898,7689146643,2,11.18,11.11,12
5673078#1,7689146643,42433834,2,11.18,58.09,12
5673079#0,42429184,9561386493,1,13.89,12.72,3
5673079#1,9561386493,9561386510,1,13.89,140.13,3
5673079#2,9561386510,42431180,1,13.89,8.13,3
5673081#0,42450089,10166326196,1,13.89,12.52,3
5673081#1,10166326196,5482291305,1,13.89,73.89,3
5673081#2,5482291305,10168132310,1,13.89,58.69,3
5673081#3,10168132310,42447208,1,13.89,8.79,3
5673083#0,9448174588,6254816604,2,11.18,71.17,11
5673083#1,6254816604,596776260,2,11.18,8.7,11
5673085#0,2324482224,4216045816,1,8.94,8.97,3
5673085#1,4216045816,10316212470,1,8.94,133.55,3
5673085#2,10316212470,8309479404,1,8.94,74.91,3
5673085#3,8309479404,42455181,1,8.94,10.37,3
5673089#0,9756897963,8309479183,1,11.18,30.3,11
5673089#1,8309479183,42456211,1,11.18,6.05,11
5673089#2,42456211,8309479181,1,11.18,5.29,11
5673089#3,8309479181,8309479172,1,11.18,64.5,11
5673089#4,8309479172,42449589,1,11.18,7.51,11
5673093#0,42428460,8309479126,1,11.18,8.63,3
5673093#1,8309479126,8309479121,1,11.18,90.86,3
5673093#2,8309479121,42445534,1,11.18,11.78,3
5673093#3,42445534,5784518544,1,11.18,10.83,3
5673093#4,5784518544,10049007836,1,11.18,78.52,3
5673093#5,10049007836,8309479117,1,11.18,56.43,3
5673093#6,8309479117,1773084402,1,11.18,14.42,3
5673093#7,1773084402,8309479113,1,11.18,14.3,3
5673093#8,8309479113,7977873358,1,11.18,179.16,3
5673093#9,7977873358,42442848,1,11.18,11.63,3
5673102#0,42453457,4872777179,1,11.18,10.73,3
5673102#1,4872777179,42444267,1,11.18,20.39,3
5673102#10,8307642013,42436396,1,11.18,12.77,3
5673102#2,42444267,8307642123,1,11.18,99.77,3
5673102#3,8307642123,42457735,1,11.18,7.7,3
5673102#4,42457735,8307642120,1,11.18,7.68,3
5673102#5,8307642120,8307642000,1,11.18,87.87,3
5673102#6,8307642000,42436134,1,11.18,8.72,3
5673102#7,42436134,8307642002,1,11.18,9.46,3
5673102#8,8307642002,5357273833,1,11.18,35.99,3
5673102#9,5357273833,8307642013,1,11.18,33.37,3
5673106#0,42428934,561035362,1,13.89,19.94,3
5673106#1,561035362,42442625,1,13.89,266.42,3
5673106#2,42442625,42448655,1,13.89,132.29,3
5673106#3,42448655,4205440426,1,13.89,141.35,3
5673110#0,2141026521,8758299310,1,13.89,10.15,3
5673110#1,8758299310,9557088461,1,13.89,238.95,3
5673110#2,9557088461,42432665,1,13.89,16.27,3
5673114#0,9170842297,3809536790,3,11.18,59.56,11
5673114#1,3809536790,7802856352,3,11.18,13.03,11
5673117,42457788,8906451666,1,11.18,75.53,11
5673157#0,42430945,42444837,1,11.18,306.94,3
5673157#1,42444837,42451712,1,11.18,154.21,3
5673171#0,42453080,3569749144,1,13.89,117.44,3
5673171#1,3569749144,5993830853,1,13.89,8.89,3
5673179#0,1632878994,8119193326,1,11.18,13.6,3
5673179#1,8119193326,4244408921,1,11.18,168.76,3
5673179#2,4244408921,5131059180,1,11.18,60.25,3
5673179#3,5131059180,7888069589,1,11.18,4.4,3
5673179#4,7888069589,1632878962,1,11.18,6.07,3
5673185,42426805,6402593827,1,13.89,110.27,3
5673198#0,42453365,3783088891,1,11.18,10.37,3
5673198#1,3783088891,3569852193,1,11.18,17.23,3
5673198#10,4300945441,4300992076,1,11.18,22.09,3
5673198#11,4300992076,42425100,1,11.18,12.83,3
5673198#2,3569852193,4300994847,1,11.18,70.55,3
5673198#3,4300994847,4300945410,1,11.18,12.96,3
5673198#4,4300945410,4300994873,1,11.18,61.76,3
5673198#5,4300994873,4300945442,1,11.18,9.19,3
5673198#6,4300945442,4300994807,1,11.18,61.05,3
5673198#7,4300994807,4300945445,1,11.18,60.47,3
5673198#8,4300945445,42458185,1,11.18,6.35,3
5673198#9,42458185,4300945441,1,11.18,90.59,3
5673208,42453591,42433350,1,13.89,135.77,3
5673210#0,10040606326,8231906913,1,11.18,61.91,3
5673210#1,8231906913,42432161,1,11.18,10.54,3
5673210#10,8231877097,42453327,1,11.18,2.71,3
5673210#11,42453327,8231877096,1,11.18,3.27,3
5673210#12,8231877096,8231927651,1,11.18,51.91,3
5673210#13,8231927651,1918039880,1,11.18,10.73,3
5673210#2,42432161,8231906912,1,11.18,10.7,3
5673210#3,8231906912,8231931817,1,11.18,149.79,3
5673210#4,8231931817,42442255,1,11.18,6.22,3
5673210#5,42442255,8231906916,1,11.18,5.6,3
5673210#6,8231906916,8231906899,1,11.18,148.8,3
5673210#7,8231906899,42458267,1,11.18,5.7,3
5673210#8,42458267,8231906898,1,11.18,5.84,3
5673210#9,8231906898,8231877097,1,11.18,94.21,3
5673211#0,42428379,8281922226,1,11.18,11.51,3
5673211#1,8281922226,8262936374,1,11.18,110.12,3
5673211#2,8262936374,42453934,1,11.18,9.25,3
5673220#0,42442596,10055113541,1,13.89,11.19,3
5673220#1,10055113541,7180979635,1,13.89,61.46,3
5673220#2,7180979635,8396052844,1,13.89,13.79,3
5673220#3,8396052844,10170977536,1,13.89,55.75,3
5673220#4,10170977536,42448611,1,13.89,9.25,3
5673220#5,42448611,8835729566,1,13.89,9.1,3
5673220#6,8835729566,42427538,1,13.89,194.41,3
5673228#0,42430984,7595748178,1,13.89,13.68,4
5673228#1,7595748178,8122368389,1,13.89,26.79,4
5673228#2,8122368389,8396036443,1,13.89,169.06,4
5673228#3,8396036443,7050687068,1,13.89,52.36,4
5673228#4,7050687068,42442410,1,13.89,15.07,4
5673231#0,42452973,9965135065,2,11.18,12.06,11
5673231#1,9965135065,10169157339,2,11.18,133.28,11
5673231#2,10169157339,42445908,2,11.18,10.44,11
5673236#0,42447199,10122953003,2,11.18,9.07,10
5673236#1,10122953003,42458342,2,11.18,133.67,10
5673236#2,42458342,596776497,2,11.18,25.34,10
5673236#3,596776497,10167086802,2,11.18,133.21,10
5673236#4,10167086802,42446161,2,11.18,11.77,10
5673276#0,62915549,247119754,4,13.41,15.58,13
5673276#1,247119754,4207940408,4,13.41,13.1,13
5673296#0,42432799,9561395268,1,8.94,7.18,11
5673296#1,9561395268,5490791117,1,8.94,29.73,11
5673296#2,5490791117,9561395290,1,8.94,18.11,11
5673296#3,9561395290,42441009,1,8.94,13.56,11
5673305#0,42442609,10181632174,1,13.89,14.12,3
5673305#1,10181632174,10172767674,1,13.89,146.43,3
5673305#10,7694624899,7694624894,1,13.89,38.04,3
5673305#11,7694624894,10170703023,1,13.89,33.77,3
5673305#12,10170703023,42441950,1,13.89,7.46,3
5673305#2,10172767674,42453757,1,13.89,7.75,3
5673305#3,42453757,10172767677,1,13.89,9.1,3
5673305#4,10172767677,10170641698,1,13.89,79.67,3
5673305#5,10170641698,561035355,1,13.89,9.72,3
5673305#6,561035355,42428914,1,13.89,19.1,3
5673305#7,42428914,10170641703,1,13.89,10.18,3
5673305#8,10170641703,6865755471,1,13.89,73.87,3
5673305#9,6865755471,7694624899,1,13.89,30.62,3
5673307#0,42451766,6352970547,1,13.89,12.73,3
5673307#1,6352970547,7834030826,1,13.89,202.3,3
5673307#2,7834030826,42428034,1,13.89,12.17,3
5673307#3,42428034,7834025541,1,13.89,12.48,3
5673307#4,7834025541,7834030809,1,13.89,191.91,3
5673307#5,7834030809,42456066,1,13.89,12.86,3
5673309#0,1692433939,8429015953,1,11.18,5.66,3
5673309#1,8429015953,8429015946,1,11.18,44.1,3
5673309#2,8429015946,42436848,1,11.18,5.62,3
5673309#3,42436848,8429015948,1,11.18,5.67,3
5673309#4,8429015948,4320108384,1,11.18,51.43,3
5673309#5,4320108384,42430205,1,11.18,11.85,3
5673316,1773078006,42437608,1,11.18,10.36,3
5673323#0,42430329,10169532644,1,13.89,12.76,3
5673323#1,10169532644,8751484600,1,13.89,52.9,3
5673323#2,8751484600,4544917699,1,13.89,2.74,3
5673323#3,4544917699,8751484591,1,13.89,8.69,3
5673323#4,8751484591,8751484448,1,13.89,8.81,3
5673323#5,8751484448,10268944197,1,13.89,99.23,3
5673323#6,10268944197,10268944200,1,13.89,11.03,3
5673323#7,10268944200,42428283,1,13.89,6.15,3
5673326#0,42438836,10170977559,1,22.22,13.92,10
5673326#1,10170977559,10168100430,1,22.22,240.15,10
5673326#2,10168100430,561035349,1,22.22,11.07,10
5673342#0,42430761,5837116452,3,11.18,8.66,11
5673342#1,5837116452,8648032268,3,11.18,11.47,11
5673346#0,42428103,9563821083,1,8.94,8.93,3
5673346#1,9563821083,9563821082,1,8.94,98.83,3
5673346#2,9563821082,42444097,1,8.94,8.43,3
5673348#0,60926009,9566938938,1,11.18,7.27,3
5673348#1,9566938938,9566938947,1,11.18,79.66,3
5673348#2,9566938947,42458936,1,11.18,7.36,3
5673348#3,42458936,9566938949,1,11.18,7.35,3
5673348#4,9566938949,9566938951,1,11.18,58.5,3
5673348#5,9566938951,42430023,1,11.18,7.63,3
5673349#0,42458943,7624356309,1,11.18,23.66,3
5673349#1,7624356309,42438301,1,11.18,8.65,3
5673351#0,42443482,8740550864,1,13.89,64.05,3
5673351#1,8740550864,42449653,1,13.89,8.72,3
5673351#10,8740550833,42442764,1,13.89,12.57,3
5673351#2,42449653,8740550859,1,13.89,10.18,3
5673351#3,8740550859,5403868146,1,13.89,97.29,3
5673351#4,5403868146,42433097,1,13.89,12.92,3
5673351#5,42433097,5403868148,1,13.89,11.77,3
5673351#6,5403868148,8740550787,1,13.89,112.02,3
5673351#7,8740550787,42455335,1,13.89,10.32,3
5673351#8,42455335,8740550784,1,13.89,8.88,3
5673351#9,8740550784,8740550833,1,13.89,117.98,3
5673353#0,42443061,6190264201,1,13.89,13.52,3
5673353#1,6190264201,5482216754,1,13.89,58.98,3
5673353#2,5482216754,4980852223,1,13.89,143.97,3
5673353#3,4980852223,42456091,1,13.89,14.15,3
5673355#0,42458960,6254630521,1,13.89,6.35,3
5673355#1,6254630521,7779533936,1,13.89,127.77,3
5673355#2,7779533936,42447176,1,13.89,9.15,3
5673355#3,42447176,7779533888,1,13.89,8.56,3
5673355#4,7779533888,6190263570,1,13.89,132.56,3
5673355#5,6190263570,42450052,1,13.89,13.62,3
5673358#0,42449641,9563795508,1,13.89,8.37,3
5673358#1,9563795508,5403873747,1,13.89,98.21,3
5673358#2,5403873747,42433072,1,13.89,12.39,3
5673358#3,42433072,5403873749,1,13.89,10.68,3
5673358#4,5403873749,9566869971,1,13.89,113.75,3
5673358#5,9566869971,42455259,1,13.89,9.6,3
5673358#6,42455259,9566869968,1,13.89,8.96,3
5673358#7,9566869968,5549743267,1,13.89,11.9,3
5673358#8,5549743267,9566869975,1,13.89,106.12,3
5673358#9,9566869975,42442745,1,13.89,8.73,3
5673361#0,42452485,9561344710,1,13.89,13.64,3
5673361#1,9561344710,9561420851,1,13.89,218.97,3
5673361#2,9561420851,42427855,1,13.89,11.24,3
5673361#3,42427855,9561420853,1,13.89,13.29,3
5673361#4,9561420853,9561386474,1,13.89,202.65,3
5673361#5,9561386474,42429212,1,13.89,12.28,3
5673363,42435736,3247295579,3,27.78,42.23,11
5673367,7137281963,42426875,1,11.18,13.29,3
5673370#0,42433011,9935939402,3,27.78,16.77,11
5673370#1,9935939402,9935939389,3,27.78,21.33,11
5673370#2,9935939389,42442671,3,27.78,10.61,11
5673372#0,42454660,4918486734,1,11.18,13.7,3
5673372#1,4918486734,42448423,1,11.18,53.46,3
5673373#0,42446132,6254630396,1,13.89,12.06,3
5673373#1,6254630396,7779641273,1,13.89,133.37,3
5673373#2,7779641273,42456708,1,13.89,9.9,3
5673377,42433510,7069881624,1,11.18,62.47,3
5673380#0,3786901738,8119462502,2,11.18,71.96,12
5673380#1,8119462502,3786901743,2,11.18,13.63,12
5673406#0,589928047,7471359473,1,11.18,71.36,3
5673406#1,7471359473,373850916,1,11.18,79.53,3
5673414#0,42449804,7604384420,1,13.89,11.63,3
5673414#1,7604384420,7604384363,1,13.89,128.5,3
5673414#10,7604384219,6836035755,1,13.89,112.47,3
5673414#11,6836035755,42455245,1,13.89,10.29,3
5673414#12,42455245,6836035757,1,13.89,9.09,3
5673414#13,6836035757,6836035759,1,13.89,118.41,3
5673414#14,6836035759,42442722,1,13.89,13.54,3
5673414#2,7604384363,42427150,1,13.89,9.48,3
5673414#3,42427150,7604384365,1,13.89,10.85,3
5673414#4,7604384365,7604384258,1,13.89,147.29,3
5673414#5,7604384258,42428989,1,13.89,13.45,3
5673414#6,42428989,7604384256,1,13.89,12.63,3
5673414#7,7604384256,7604384217,1,13.89,75.6,3
5673414#8,7604384217,42433044,1,13.89,12.42,3
5673414#9,42433044,7604384219,1,13.89,11.42,3
5673416#0,42456107,7777426431,1,11.18,13.46,3
5673416#1,7777426431,7669057712,1,11.18,39.73,3
5673416#10,42447187,7811793751,1,11.18,8.71,3
5673416#11,7811793751,7781090357,1,11.18,128.33,3
5673416#12,7781090357,42459180,1,11.18,6.12,3
5673416#13,42459180,9178807973,1,11.18,5.8,3
5673416#2,7669057712,6918710130,1,11.18,163.96,3
5673416#3,6918710130,42443072,1,11.18,12.05,3
5673416#4,42443072,6918710128,1,11.18,13.1,3
5673416#5,6918710128,6918710122,1,11.18,190.11,3
5673416#6,6918710122,42450061,1,11.18,12.96,3
5673416#7,42450061,7777321739,1,11.18,13.22,3
5673416#8,7777321739,7811793761,1,11.18,133.17,3
5673416#9,7811793761,42447187,1,11.18,8.73,3
5673419#0,42432933,10171865565,1,13.89,10.69,3
5673419#1,10171865565,10705287272,1,13.89,88.42,3
5673419#2,10705287272,42435814,1,13.89,12.62,3
5673424#0,42433543,8279851199,1,11.18,74.61,11
5673424#1,8279851199,42433542,1,11.18,7.71,11
5673424#2,42433542,9631550569,1,11.18,5.9,11
5673424#3,9631550569,8279851184,1,11.18,40.52,11
5673424#4,8279851184,42433539,1,11.18,5.76,11
5673424#5,42433539,8279851187,1,11.18,8.78,11
5673424#6,8279851187,8279851181,1,11.18,126.12,11
5673424#7,8279851181,11153640070,1,11.18,93.13,11
5673424#8,11153640070,42433537,1,11.18,6.12,11
5673427#0,42435541,5173594705,2,11.18,54.06,3
5673427#1,5173594705,42429811,2,11.18,10.29,3
5673430#0,4207764478,3023173650,2,13.89,18.54,3
5673430#1,3023173650,3023173727,2,13.89,59.34,3
5673430#2,3023173727,10170875106,2,13.89,49.05,3
5673430#3,10170875106,42442128,2,13.89,5.67,3
5673441#0,42436050,8304498478,2,11.18,10.09,3
5673441#1,8304498478,42437461,2,11.18,75.61,3
5673441#2,42437461,8304498521,2,11.18,36.83,3
5673441#3,8304498521,42436326,2,11.18,10.44,3
5673443#0,42442728,8723021851,1,13.89,13.24,3
5673443#1,8723021851,8723021822,1,13.89,119.64,3
5673443#2,8723021822,42455252,1,13.89,8.09,3
5673443#3,42455252,8723021825,1,13.89,9.77,3
5673443#4,8723021825,5403873776,1,13.89,113.84,3
5673443#5,5403873776,42433060,1,13.89,10.42,3
5673443#6,42433060,5403873775,1,13.89,12.29,3
5673443#7,5403873775,9550791727,1,13.89,98.99,3
5673443#8,9550791727,42449631,1,13.89,7.88,3
5673446#0,42429011,9550791719,1,11.18,12.75,3
5673446#1,9550791719,9566938942,1,11.18,107.51,3
5673446#2,9566938942,42427168,1,11.18,9.17,3
5673452,42436414,247402950,1,11.18,23.92,3
5673456,9906826311,9906826312,1,11.18,113.0,11
5673461#0,42456683,7797632773,1,13.89,10.63,3
5673461#1,7797632773,2792781449,1,13.89,132.77,3
5673461#10,10166509680,10125147531,1,13.89,125.76,3
5673461#11,10125147531,42447030,1,13.89,9.71,3
5673461#12,42447030,10125147532,1,13.89,9.57,3
5673461#13,10125147532,10166509668,1,13.89,131.49,3
5673461#14,10166509668,42449982,1,13.89,13.87,3
5673461#2,2792781449,10171134784,1,13.89,0.91,3
5673461#3,10171134784,42445961,1,13.89,11.01,3
5673461#4,42445961,2792781448,1,13.89,10.47,3
5673461#5,2792781448,2792781452,1,13.89,125.04,3
5673461#6,2792781452,596775985,1,13.89,10.05,3
5673461#7,596775985,42459114,1,13.89,17.61,3
5673461#8,42459114,10125227988,1,13.89,9.89,3
5673461#9,10125227988,10166509680,1,13.89,2.5,3
5673465#0,42442555,10166004057,1,11.18,14.13,3
5673465#1,10166004057,7004447596,1,11.18,107.04,3
5673465#2,7004447596,1061531631,1,11.18,8.86,3
5673465#3,1061531631,42428728,1,11.18,19.99,3
5673465#4,42428728,10171397833,1,11.18,10.57,3
5673465#5,10171397833,9916138290,1,11.18,107.1,3
5673465#6,9916138290,42431108,1,11.18,11.55,3
5673465#7,42431108,6912871489,1,11.18,11.06,3
5673465#8,6912871489,6887003321,1,11.18,143.09,3
5673465#9,6887003321,42441895,1,11.18,6.17,3
5673469#0,42435331,7083341686,1,13.89,10.9,3
5673469#1,7083341686,7083341688,1,13.89,118.47,3
5673469#2,7083341688,42447275,1,13.89,8.72,3
5673497#0,42440153,3977886224,2,27.78,12.37,11
5673497#1,3977886224,42445928,2,27.78,143.65,11
5673505#0,42449828,10167137543,1,13.89,12.45,3
5673505#1,10167137543,7474577917,1,13.89,74.69,3
5673505#2,7474577917,3817980397,1,13.89,69.39,3
5673505#3,3817980397,7004411490,1,13.89,138.48,3
5673505#4,7004411490,42453220,1,13.89,9.43,3
5673508#0,2029349871,3917296979,2,27.78,6.05,11
5673508#1,3917296979,7132609426,2,27.78,110.44,11
5673511,42459636,42445804,1,13.89,19.49,3
5673515#0,42445917,3944708030,1,13.89,12.16,3
5673515#1,3944708030,3942050703,1,13.89,133.45,3
5673515#2,3942050703,42454428,1,13.89,11.42,3
5673523#0,42455887,4298760164,1,11.18,15.31,3
5673523#1,4298760164,10165972520,1,11.18,203.41,3
5673523#2,10165972520,42442881,1,11.18,11.73,3
5673526,42455588,42444305,1,11.18,115.67,3
5673530#0,8840333851,8262936510,1,11.18,8.27,11
5673530#1,8262936510,8095882130,1,11.18,51.34,11
5673530#2,8095882130,4741363708,1,11.18,76.26,11
5673530#3,4741363708,42428391,1,11.18,10.14,11
5673532#0,42446849,10612369360,1,11.18,15.05,3
5673532#1,10612369360,1702442163,1,11.18,55.04,3
5673533,42445558,42445548,1,11.18,14.92,3
5673538#0,42442702,8725182268,1,13.89,10.39,3
5673538#1,8725182268,5748721458,1,13.89,79.58,3
5673538#2,5748721458,8725182260,1,13.89,47.23,3
5673538#3,8725182260,42439730,1,13.89,9.83,3
5673540#0,42455234,9566997292,1,13.89,8.45,3
5673540#1,9566997292,7517627713,1,13.89,83.36,3
5673540#2,7517627713,9566997282,1,13.89,35.53,3
5673540#3,9566997282,42442703,1,13.89,14.1,3
5673547#0,42455705,9561229765,1,22.22,15.17,10
5673547#1,9561229765,9561229760,1,22.22,64.13,10
5673547#2,9561229760,42427873,1,22.22,13.79,10
5673561#0,42439952,9945692442,1,13.89,12.83,3
5673561#1,9945692442,6223524384,1,13.89,52.25,3
5673561#2,6223524384,6223524382,1,13.89,15.26,3
5673561#3,6223524382,9665062199,1,13.89,149.74,3
5673581#0,42440280,8262309740,1,11.18,9.18,3
5673581#1,8262309740,42456583,1,11.18,56.87,3
5673581#2,42456583,8281922117,1,11.18,60.5,3
5673581#3,8281922117,42440345,1,11.18,5.91,3
5673591#0,42459820,4680481154,1,11.18,44.38,3
5673591#1,4680481154,42448483,1,11.18,7.3,3
5673594#0,42452994,4145416878,1,11.18,161.42,3
5673594#1,4145416878,588546882,1,11.18,10.95,3
5673605#0,42454325,8262308740,1,11.18,11.54,3
5673605#1,8262308740,8262308722,1,11.18,69.05,3
5673605#2,8262308722,42429412,1,11.18,8.15,3
5673613#0,42455465,9507816956,1,11.18,5.69,3
5673613#1,9507816956,4191922377,1,11.18,63.95,3
5673613#2,4191922377,42446879,1,11.18,6.83,3
5673614,42433587,3584752195,1,13.89,6.37,3
5673619#0,42430231,4320108387,1,11.18,11.68,3
5673619#1,4320108387,4302910555,1,11.18,117.35,3
5673619#2,4302910555,1692433941,1,11.18,6.66,3
5673622#0,42431500,8307463674,1,11.18,6.31,3
5673622#1,8307463674,8307463609,1,11.18,57.21,3
5673622#2,8307463609,42429390,1,11.18,9.97,3
5673626#0,42445664,9987259767,3,11.18,7.419999999999999,4
5673626#1,9987259767,9987259768,3,11.18,64.02,4
5673626#2,9987259768,42453007,3,11.18,7.5,4
5673628#0,42436192,8262936664,1,11.18,9.39,4
5673628#1,8262936664,8262936656,1,11.18,63.92,4
5673628#2,8262936656,42456888,1,11.18,12.04,4
5681925,370880729,42511260,2,17.88,2781.53,14
569266470#0,5475082073,2947964860,5,11.18,14.09,12
569266470#1,2947964860,42436627,5,11.18,8.19,12
569266471#0,5475082074,2947964846,5,11.18,13.14,12
569266471#1,2947964846,42430485,5,11.18,9.66,12
569266473#0,42430485,5327918973,4,11.18,8.98,12
569266473#1,5327918973,2947964848,4,11.18,61.59,12
569266473#2,2947964848,42438971,4,11.18,7.31,12
569266473#3,42438971,2947964849,4,11.18,6.96,12
569266473#4,2947964849,5482216800,4,11.18,39.98,12
569266473#5,5482216800,5475082075,4,11.18,12.16,12
569266474#0,5475082075,5327918972,5,11.18,13.529999999999998,12
569266474#1,5327918972,42443061,5,11.18,7.62,12
569266476#0,5475082076,6070217082,5,11.18,29.47,12
569266476#1,6070217082,42443056,5,11.18,11.34,12
569266478#0,9682439803,6070106310,5,11.18,24.91,12
569266478#1,6070106310,42443054,5,11.18,13.41,12
569266480#0,5475082078,6070106313,5,11.18,18.4,12
569266480#1,6070106313,42443052,5,11.18,7.470000000000001,12
569266481,42443052,6181478352,1,13.89,12.03,3
569266483#0,42443052,6070106309,4,11.18,6.34,12
569266483#1,6070106309,6070106315,4,11.18,66.09,12
569266483#2,6070106315,42443050,4,11.18,8.19,12
569266484#0,42443050,6185200489,1,11.18,13.01,3
569266484#1,6185200489,5399637661,1,11.18,34.95,3
569266484#10,42452812,596776144,1,11.18,17.55,3
569266484#11,596776144,7158854690,1,11.18,9.91,3
569266484#12,7158854690,7093620722,1,11.18,125.73,3
569266484#13,7093620722,42446072,1,11.18,9.88,3
569266484#14,42446072,6270714171,1,11.18,10.52,3
569266484#15,6270714171,7093620705,1,11.18,135.15,3
569266484#16,7093620705,42452809,1,11.18,9.19,3
569266484#2,5399637661,6185200499,1,11.18,156.03,3
569266484#3,6185200499,42450037,1,11.18,13.41,3
569266484#4,42450037,6185200485,1,11.18,12.08,3
569266484#5,6185200485,7158854717,1,11.18,131.56,3
569266484#6,7158854717,4163883691,1,11.18,10.15,3
569266484#7,4163883691,7158854757,1,11.18,10.21,3
569266484#8,7158854757,7158854704,1,11.18,126.59,3
569266484#9,7158854704,42452812,1,11.18,11.15,3
569266486#0,42443050,6185200500,4,11.18,6.87,12
569266486#1,6185200500,5475082079,4,11.18,49.82,12
569266487#0,5475082079,6185259922,5,11.18,14.960000000000003,12
569266487#1,6185259922,42443048,5,11.18,7.540000000000001,12
569266489#0,42443048,6185259913,1,13.89,12.2,3
569266489#1,6185259913,6185259899,1,13.89,204.76,3
569266489#2,6185259899,42448745,1,13.89,13.98,3
569266490#0,42443048,6185259914,4,11.18,7.63,12
569266490#1,6185259914,6214889048,4,11.18,64.05,12
569266490#2,6214889048,42443046,4,11.18,6.76,12
569266491#0,5475082080,7132406724,5,11.18,14.09,12
569266491#1,7132406724,42443044,5,11.18,8.26,12
569266493#0,42443044,7132406714,1,11.18,12.47,3
569266493#1,7132406714,7140667640,1,11.18,203.09,3
569266493#2,7140667640,42444820,1,11.18,14.18,3
569266493#3,42444820,7140667648,1,11.18,12.23,3
569266493#4,7140667648,7135169185,1,11.18,192.24,3
569266493#5,7135169185,42428047,1,11.18,11.68,3
569266493#6,42428047,7135164267,1,11.18,11.8,3
569266493#7,7135164267,4378236625,1,11.18,202.84,3
569266494#0,42443042,7134839378,4,11.18,5.93,12
569266494#1,7134839378,7134839384,4,11.18,65.29,12
569266494#2,7134839384,42443040,4,11.18,8.01,12
569266494#3,42443040,7134855831,4,11.18,6.82,12
569266494#4,7134855831,9496052474,4,11.18,6.76,12
569345468#0,42447009,10125174407,3,11.18,11.96,11
569345468#1,10125174407,2165157809,3,11.18,71.84,11
569345468#2,2165157809,6186989598,3,11.18,59.56,11
569345468#3,6186989598,4288677093,3,11.18,13.46,11
569345474#0,42447009,9178272154,4,27.78,8.67,11
569345474#1,9178272154,5475605297,4,27.78,37.47,11
569345480#0,5475605296,10125147541,5,11.18,33.25,11
569345480#1,10125147541,42447009,5,11.18,8.62,11
569345486#0,5475605297,10125147542,5,27.78,26.78,11
569345486#1,10125147542,42447007,5,27.78,8.57,11
569345499#0,42447007,10125147544,2,11.18,12.11,3
569345499#1,10125147544,8254182915,2,11.18,32.88,3
569345499#2,8254182915,2165157806,2,11.18,41.36,3
569345499#3,2165157806,8133385385,2,11.18,57.54,3
569345499#4,8133385385,42449971,2,11.18,13.79,3
569345502#0,42432847,10125147547,4,11.18,11.96,11
569345502#1,10125147547,10165922684,4,11.18,66.75,11
569345502#2,10165922684,42443614,4,11.18,7.23,11
569345502#3,42443614,10165922685,4,11.18,7.34,11
569345502#4,10165922685,10165922673,4,11.18,64.21,11
569345502#5,10165922673,4862610026,4,11.18,7.4,11
569345502#6,4862610026,10165922674,4,11.18,7.27,11
569345502#7,10165922674,10165922665,4,11.18,65.41,11
569345502#8,10165922665,42446998,4,11.18,7.81,11
569345508#0,5475605298,10168547814,2,11.18,41.37,3
569345508#1,10168547814,10125233924,2,11.18,2.09,3
569345508#2,10125233924,42440456,2,11.18,10.83,3
569345515#0,596775876,10125233925,3,11.18,7.12,12
569345515#1,10125233925,3977886201,3,11.18,66.01,12
569345515#10,10165922709,10125233048,3,11.18,65.99,12
569345515#11,10125233048,42457476,3,11.18,7.29,12
569345515#12,42457476,10125233054,3,11.18,7.18,12
569345515#13,10125233054,9140654140,3,11.18,65.86,12
569345515#14,9140654140,596775840,3,11.18,7.900000000000001,12
569345515#2,3977886201,596775870,3,11.18,7.2,12
569345515#3,596775870,3977886197,3,11.18,7.38,12
569345515#4,3977886197,10125233041,3,11.18,65.77,12
569345515#5,10125233041,596775867,3,11.18,7.25,12
569345515#6,596775867,10165922716,3,11.18,7.27,12
569345515#7,10165922716,10125233044,3,11.18,65.15,12
569345515#8,10125233044,596775882,3,11.18,6.95,12
569345515#9,596775882,10165922709,3,11.18,7.43,12
569345518#0,596775876,10125233923,1,13.89,10.98,3
569345518#1,10125233923,5475605299,1,13.89,94.09,3
569345525#0,5475605299,10165986928,2,13.89,31.46,3
569345525#1,10165986928,42440453,2,13.89,12.03,3
569345531#0,42440453,10165986931,1,13.89,11.89,3
569345531#1,10165986931,5475605300,1,13.89,86.78,3
569345535#0,5475605300,3977886233,2,13.89,45.34,3
569345535#1,3977886233,42440452,2,13.89,11.73,3
569345536,5475605301,42430361,2,13.89,47.42,3
569345537#0,42430361,10172941229,3,27.78,71.39,11
569345537#1,10172941229,3974095843,3,27.78,0.53,11
569345537#10,3974095847,10173346243,3,27.78,64.65,11
569345537#11,10173346243,42430375,3,27.78,8.3,11
569345537#2,3974095843,9140940649,3,27.78,3.5400000000000005,11
569345537#3,9140940649,42430363,3,27.78,6.04,11
569345537#4,42430363,10172941225,3,27.78,6.260000000000001,11
569345537#5,10172941225,42430367,3,27.78,71.7,11
569345537#6,42430367,10173210334,3,27.78,72.06,11
569345537#7,10173210334,3977886868,3,27.78,0.85,11
569345537#8,3977886868,42430371,3,27.78,7.239999999999999,11
569345537#9,42430371,3974095847,3,27.78,8.57,11
569345538#0,42430361,3971196631,1,13.89,76.64,3
569345538#1,3971196631,8318633108,1,13.89,57.9,3
569345538#2,8318633108,1828749428,1,13.89,28.62,3
569345538#3,1828749428,5475605302,1,13.89,63.01,3
569345539#0,5475605302,10173292889,2,13.89,34.82,3
569345539#1,10173292889,42440004,2,13.89,12.59,3
569345540#0,42440001,3977886256,3,11.18,7.72,11
569345540#1,3977886256,2435108438,3,11.18,64.53,11
569345540#2,2435108438,42432585,3,11.18,8.73,11
569345540#3,42432585,2435108458,3,11.18,8.81,11
569345540#4,2435108458,10172901886,3,11.18,63.94,11
569345540#5,10172901886,42439996,3,11.18,8.77,11
569345541#0,9732912239,3977886864,2,13.89,31.08,3
569345541#1,3977886864,42428310,2,13.89,15.81,3
569345542#0,5475605303,4707407261,5,11.18,41.9,11
569345542#1,4707407261,42428297,5,11.18,9.12,11
569345543#0,42439981,3974095824,2,13.89,10.37,3
569345543#1,3974095824,8669764313,2,13.89,175.47,3
569345544#0,42439981,3974095823,4,11.18,8.77,11
569345544#1,3974095823,3974095821,4,11.18,65.11,11
569345544#2,3974095821,42437363,4,11.18,11.99,11
569345545#0,5475605304,10169532532,4,11.18,27.63,11
569345545#1,10169532532,42439968,4,11.18,8.74,11
569345546#0,42439968,10169532531,3,13.89,11.43,3
569345546#1,10169532531,10268944141,3,13.89,27.209999999999997,3
569345546#2,10268944141,10173490588,3,13.89,46.76,3
569345546#3,10173490588,42428277,3,13.89,10.34,3
569345547#0,42433611,10169532566,4,11.18,7.29,11
569345547#1,10169532566,10169505516,4,11.18,62.37,11
569345547#2,10169505516,42439960,4,11.18,8.92,11
569361666,5475725288,42432990,2,11.18,34.18,11
569361671#0,5475725289,748726614,1,11.18,29.48,11
569361671#1,748726614,7043552833,1,11.18,17.42,11
569361676,5475725290,42432985,2,11.18,37.5,11
569369532#0,42435794,10171098624,2,27.78,8.71,11
569369532#1,10171098624,5481863725,2,27.78,22.18,11
569369532#2,5481863725,10171069662,2,27.78,42.97,11
569369532#3,10171069662,42435802,2,27.78,5.71,11
569369532#4,42435802,10171069658,2,27.78,7.94,11
569369532#5,10171069658,10171069686,2,27.78,65.23,11
569369532#6,10171069686,42435803,2,27.78,7.09,11
569369532#7,42435803,10171069689,2,27.78,7.87,11
569369532#8,10171069689,10171508876,2,27.78,66.04,11
569369532#9,10171508876,42435805,2,27.78,12.09,11
569369533#0,42435794,10171098625,1,13.89,11.82,3
569369533#1,10171098625,7004376630,1,13.89,243.25,3
569369533#10,10170875101,42442123,1,13.89,10.22,3
569369533#2,7004376630,42439858,1,13.89,11.44,3
569369533#3,42439858,2141026491,1,13.89,15.21,3
569369533#4,2141026491,7004376625,1,13.89,10.21,3
569369533#5,7004376625,7004425558,1,13.89,240.03,3
569369533#6,7004425558,3099327968,1,13.89,8.86,3
569369533#7,3099327968,42453236,1,13.89,15.25,3
569369533#8,42453236,7004411791,1,13.89,7.85,3
569369533#9,7004411791,10170875101,1,13.89,132.39,3
569369534#0,42435785,10168029044,1,13.89,11.19,3
569369534#1,10168029044,10168029040,1,13.89,120.26,3
569369534#2,10168029040,42445219,1,13.89,9.23,3
569369534#3,42445219,10168029036,1,13.89,9.01,3
569369534#4,10168029036,10170887321,1,13.89,113.06,3
569369534#5,10170887321,42440131,1,13.89,11.54,3
569369535#0,42435785,10168029045,1,11.18,6.69,11
569369535#1,10168029045,6431058183,1,11.18,15.62,11
569369536#0,5475792646,10168029052,1,11.18,20.4,11
569369536#1,10168029052,42435785,1,11.18,11.43,11
569369541#0,42443818,10170646992,1,11.18,6.14,3
569369541#1,10170646992,5481978522,1,11.18,5.48,3
569369541#2,5481978522,7620520377,1,11.18,36.28,3
569369541#3,7620520377,7620520373,1,11.18,19.24,3
569369541#4,7620520373,10122952984,1,11.18,66.66,3
569369541#5,10122952984,42443819,1,11.18,9.45,3
569451559#0,42437988,5863601512,1,11.18,6.66,3
569451559#1,5863601512,8307641623,1,11.18,41.81,3
569451559#2,8307641623,42433543,1,11.18,10.08,3
571281947#0,1764647103,6882309080,1,27.78,37.44,11
571281947#1,6882309080,1763749977,1,27.78,12.28,11
571651963#0,42445374,8119462494,2,11.18,11.05,12
571651963#1,8119462494,9971314381,2,11.18,99.71,12
573228989#0,42443613,10125228000,3,11.18,7.400000000000001,12
573228989#1,10125228000,10125228004,3,11.18,65.47,12
573228989#2,10125228004,42432834,3,11.18,12.43,12
573476359#0,561042188,3786901747,2,11.18,7.29,12
573476359#1,3786901747,3786901729,2,11.18,43.94,12
575746067#0,3786902260,11022874622,2,11.18,4.04,12
575746067#1,11022874622,11022874621,2,11.18,2.32,12
575746067#2,11022874621,11022874626,2,11.18,0.76,12
575746067#3,11022874626,1690448992,2,11.18,9.48,12
575746067#4,1690448992,11022874624,2,11.18,2.6,12
575746067#5,11022874624,1690448975,2,11.18,8.16,12
575746067#6,1690448975,3639381191,2,11.18,10.26,12
577976189,5539478573,5539478574,1,22.22,21.49,10
577976192#0,5539478574,2428684163,1,22.22,83.83,10
577976192#1,2428684163,2423522427,1,22.22,98.06,10
577976192#2,2423522427,8835729540,1,22.22,73.13,10
577976192#3,8835729540,42427735,1,22.22,6.31,10
578474028#0,5542680310,5542680305,1,13.89,13.27,3
578474028#1,5542680305,5542680313,1,13.89,23.08,3
578474029,5542680315,5550244687,1,13.89,13.78,3
579565231#0,42436486,3562587897,5,11.18,12.47,12
579565231#1,3562587897,10043925177,5,11.18,67.41,12
579565231#10,10170793889,10170793905,5,11.18,66.92,12
579565231#11,10170793905,42450009,5,11.18,7.26,12
579565231#12,42450009,10170793901,5,11.18,6.85,12
579565231#13,10170793901,10122937121,5,11.18,66.96,12
579565231#14,10122937121,42446472,5,11.18,7.1,12
579565231#15,42446472,10122937120,5,11.18,6.32,12
579565231#16,10122937120,10122937117,5,11.18,66.71,12
579565231#17,10122937117,42436919,5,11.18,6.13,12
579565231#18,42436919,10122937118,5,11.18,7.590000000000001,12
579565231#19,10122937118,10170793867,5,11.18,68.11,12
579565231#2,10043925177,42438800,5,11.18,7.340000000000001,12
579565231#20,10170793867,42450015,5,11.18,11.74,12
579565231#21,42450015,10170793864,5,11.18,11.84,12
579565231#22,10170793864,10170793858,5,11.18,67.47,12
579565231#23,10170793858,42438503,5,11.18,6.95,12
579565231#24,42438503,10170793854,5,11.18,7.33,12
579565231#25,10170793854,10170647169,5,11.18,66.01,12
579565231#26,10170647169,42450025,5,11.18,6.03,12
579565231#27,42450025,10170647168,5,11.18,8.33,12
579565231#28,10170647168,10156669103,5,11.18,66.56,12
579565231#29,10156669103,42439403,5,11.18,6.639999999999999,12
579565231#3,42438800,10043925179,5,11.18,7.18,12
579565231#30,42439403,10156669102,5,11.18,8.09,12
579565231#31,10156669102,10156669091,5,11.18,65.54,12
579565231#32,10156669091,42448238,5,11.18,6.92,12
579565231#33,42448238,10156669087,5,11.18,7.279999999999999,12
579565231#34,10156669087,10156669111,5,11.18,66.5,12
579565231#35,10156669111,42435514,5,11.18,6.970000000000001,12
579565231#36,42435514,10156669110,5,11.18,8.37,12
579565231#37,10156669110,8782897299,5,11.18,65.64,12
579565231#38,8782897299,42450028,5,11.18,6.709999999999999,12
579565231#39,42450028,8250514385,5,11.18,7.93,12
579565231#4,10043925179,10170793880,5,11.18,66.21,12
579565231#40,8250514385,7924094054,5,11.18,67.04,12
579565231#41,7924094054,42429338,5,11.18,12.15,12
579565231#42,42429338,7924099742,5,11.18,11.72,12
579565231#43,7924099742,7134855821,5,11.18,66.59,12
579565231#44,7134855821,42450030,5,11.18,6.69,12
579565231#45,42450030,7134855828,5,11.18,7.860000000000001,12
579565231#46,7134855828,7134855786,5,11.18,65.42,12
579565231#47,7134855786,42445740,5,11.18,6.9,12
579565231#48,42445740,7134855840,5,11.18,7.07,12
579565231#49,7134855840,7134855845,5,11.18,65.46,12
579565231#5,10170793880,42439561,5,11.18,6.51,12
579565231#50,7134855845,42436546,5,11.18,6.68,12
579565231#51,42436546,7134855814,5,11.18,7.340000000000001,12
579565231#52,7134855814,7132406705,5,11.18,65.65,12
579565231#53,7132406705,42444817,5,11.18,6.33,12
579565231#54,42444817,7132389367,5,11.18,8.28,12
579565231#55,7132389367,6214889056,5,11.18,65.17,12
579565231#56,6214889056,42450035,5,11.18,7.49,12
579565231#57,42450035,6214889041,5,11.18,7.12,12
579565231#58,6214889041,6185259916,5,11.18,64.96,12
579565231#59,6185259916,42448735,5,11.18,6.28,12
579565231#6,42439561,10170793876,5,11.18,7.69,12
579565231#60,42448735,6185259896,5,11.18,7.9,12
579565231#61,6185259896,6185200502,5,11.18,65.41,12
579565231#62,6185200502,42450037,5,11.18,6.9,12
579565231#63,42450037,6185200503,5,11.18,7.35,12
579565231#64,6185200503,6181479993,5,11.18,65.8,12
579565231#65,6181479993,42444500,5,11.18,7.63,12
579565231#66,42444500,6181480044,5,11.18,6.15,12
579565231#67,6181480044,6181480009,5,11.18,66.17,12
579565231#7,10170793876,10170793893,5,11.18,66.03,12
579565231#8,10170793893,42430063,5,11.18,7.639999999999999,12
579565231#9,42430063,10170793889,5,11.18,6.36,12
579565233#0,5542680313,10597902959,1,13.89,5.4,3
579565233#1,10597902959,5542680312,1,13.89,6.25,3
579565234#0,5542680313,5550244698,1,13.89,59.6,3
579565234#1,5550244698,5550244699,1,13.89,25.66,3
579565234#2,5550244699,5550244708,1,13.89,55.72,3
579565234#3,5550244708,5550244688,1,13.89,4.77,3
579565234#4,5550244688,5542680315,1,13.89,22.7,3
579565236#0,5550244688,10597902945,1,13.89,5.96,3
579565236#1,10597902945,5550244689,1,13.89,7.39,3
581134345#0,42447317,10165997009,1,13.89,8.36,3
581134345#1,10165997009,10170606871,1,13.89,119.6,3
581134345#2,10170606871,42435755,1,13.89,12.62,3
581134346#0,42447317,10165997007,1,13.89,7.3,3
581134346#1,10165997007,10187643802,1,13.89,65.2,3
581134346#2,10187643802,42446778,1,13.89,7.33,3
581134346#3,42446778,6814306906,1,13.89,7.01,3
581134346#4,6814306906,6814306896,1,13.89,66.68,3
581134346#5,6814306896,42437188,1,13.89,11.37,3
581139887#0,42441263,595314122,2,27.78,7.6,11
581139887#1,595314122,7785881412,2,27.78,62.17,11
581139887#2,7785881412,42440577,2,27.78,10.65,11
581139887#3,42440577,7785782264,2,27.78,10.1,11
581139887#4,7785782264,3666076339,2,27.78,68.02,11
581139887#5,3666076339,7785881407,2,27.78,54.25,11
581139887#6,7785881407,42441276,2,27.78,15.45,11
581139888#0,5004570630,7785881386,2,27.78,9.68,11
581139888#1,7785881386,7785782255,2,27.78,64.02,11
581139888#2,7785782255,5004570631,2,27.78,6.74,11
581139888#3,5004570631,5004570646,2,27.78,6.85,11
581139888#4,5004570646,5004570650,2,27.78,68.19,11
581139888#5,5004570650,5004570632,2,27.78,12.88,11
581189155,3785532381,8828140387,2,11.18,49.89,11
581476634,561035382,42428978,1,22.22,17.46,10
581811227#0,3099327976,9557110357,2,27.78,7.25,11
581811227#1,9557110357,9468882851,2,27.78,16.91,11
583831661,60925897,60928941,1,22.22,86.92,9
583831662,60926140,595448572,2,22.22,58.0,9
584850087,561035380,42428973,1,27.78,18.33,11
584850094#0,42452290,3247295580,3,27.78,20.38,11
584850094#1,3247295580,42435346,3,27.78,10.87,11
584850099#0,4016646214,1778676696,3,27.78,29.12,11
584850099#1,1778676696,42435736,3,27.78,6.489999999999999,11
584850102#0,42432665,9557088459,1,13.89,6.8,3
584850102#1,9557088459,9557088464,1,13.89,66.74,3
584850102#2,9557088464,42432669,1,13.89,5.76,3
584850103#0,42427324,8307641673,1,11.18,6.06,11
584850103#1,8307641673,10680357589,1,11.18,107.09,11
584850104#0,42428436,8231922363,1,11.18,10.08,11
584850104#1,8231922363,8363416367,1,11.18,65.04,11
584850104#2,8363416367,42452048,1,11.18,6.15,11
584850104#3,42452048,8231931823,1,11.18,6.06,11
584850104#4,8231931823,9566287824,1,11.18,43.36,11
584850105#0,1919595915,5829844675,2,11.18,9.72,11
584850105#1,5829844675,8231906894,2,11.18,136.72,11
584850105#2,8231906894,42428444,2,11.18,5.98,11
584971388,587934079,595352897,1,27.78,25.6,11
584971389,42441823,761293078,2,27.78,9.81,11
584971390#0,9178805724,7779641281,1,11.18,82.2,11
584971390#1,7779641281,42450456,1,11.18,10.43,11
584971391#0,42434131,10169411270,7,11.179999999999998,8.88,11
584971391#1,10169411270,4207700490,7,11.179999999999998,15.89,11
584971392#0,5590991383,10169411272,3,13.89,95.23,3
584971392#1,10169411272,42434131,3,13.89,15.410000000000002,3
584971393#0,42450071,8714998590,1,11.18,13.63,10
584971393#1,8714998590,10166326205,1,11.18,0.69,10
584971393#2,10166326205,10122953004,1,11.18,131.69,10
584971393#3,10122953004,42447199,1,11.18,9.25,10
584971395#0,42434140,3919350741,2,11.18,7.9,12
584971395#1,3919350741,5590991384,2,11.18,45.43,12
584971399#0,9558740370,10166167596,3,11.18,28.959999999999997,11
584971399#1,10166167596,42446925,3,11.18,13.199999999999998,11
584971404#0,42454553,9563662426,2,27.78,12.89,12
584971404#1,9563662426,42446231,2,27.78,72.53,12
584971408,595481001,595473050,1,27.78,31.41,11
584971412#0,42447199,10122953002,2,11.18,12.52,11
584971412#1,10122953002,7096519017,2,11.18,66.43,11
584971412#10,7811793774,42447192,2,11.18,6.19,11
584971412#11,42447192,7811793754,2,11.18,8.25,11
584971412#12,7811793754,7811793770,2,11.18,65.24,11
584971412#13,7811793770,42434384,2,11.18,7.92,11
584971412#14,42434384,7811793758,2,11.18,6.1,11
584971412#15,7811793758,7811793767,2,11.18,66.06,11
584971412#16,7811793767,42447187,2,11.18,7.14,11
584971412#17,42447187,7811793766,2,11.18,6.77,11
584971412#18,7811793766,7779608818,2,11.18,65.22,11
584971412#19,7779608818,42436644,2,11.18,7.24,11
584971412#2,7096519017,42435395,2,11.18,7.96,11
584971412#20,42436644,7779608797,2,11.18,7.55,11
584971412#21,7779608797,7779582481,2,11.18,65.38,11
584971412#22,7779582481,42445823,2,11.18,7.01,11
584971412#23,42445823,7779608803,2,11.18,6.93,11
584971412#24,7779608803,4970503548,2,11.18,67.31,11
584971412#25,4970503548,42447182,2,11.18,12.2,11
584971412#3,42435395,7096519030,2,11.18,7.68,11
584971412#4,7096519030,7924346766,2,11.18,65.28,11
584971412#5,7924346766,7924346725,2,11.18,89.55,11
584971412#6,7924346725,7096519001,2,11.18,65.94,11
584971412#7,7096519001,42447196,2,11.18,8.87,11
584971412#8,42447196,7096519026,2,11.18,8.3,11
584971412#9,7096519026,7811793774,2,11.18,65.63,11
584971419,7066686013,9906892370,2,11.18,40.65,11
584971432#0,42442463,9897810876,2,11.18,12.48,11
584971432#1,9897810876,8709392072,2,11.18,128.65,11
584971432#2,8709392072,1061531454,2,11.18,10.85,11
584971439#0,4888399302,6691104521,2,27.78,22.14,11
584971439#1,6691104521,42428022,2,27.78,6.83,11
584971443,42438832,5619144361,1,11.18,76.48,3
584971448#0,42436477,4207313540,2,11.18,11.16,11
584971448#1,4207313540,4207903863,2,11.18,103.03,11
584971454#0,42436492,3562587906,2,27.78,13.66,11
584971454#1,3562587906,7740583793,2,27.78,146.47,11
584971454#2,7740583793,4207313503,2,27.78,44.94,11
584971454#3,4207313503,42428007,2,27.78,12.44,11
584971459#0,42428007,4207313499,1,27.78,11.41,11
584971459#1,4207313499,6670244835,1,27.78,67.36,11
584971459#2,6670244835,42428005,1,27.78,10.56,11
584971463#0,42428010,6670244831,2,27.78,7.41,11
584971463#1,6670244831,6877054650,2,27.78,21.08,11
584971463#2,6877054650,6877054643,2,27.78,25.37,11
584971463#3,6877054643,4207313504,2,27.78,20.03,11
584971463#4,4207313504,42428007,2,27.78,12.71,11
584971469#0,42427991,6670244844,2,27.78,7.47,11
584971469#1,6670244844,9729779305,2,27.78,34.5,11
584971469#2,9729779305,7837088618,2,27.78,30.02,11
584971469#3,7837088618,42427985,2,27.78,7.51,11
584971474#0,42428005,6670244838,2,27.78,8.32,11
584971474#1,6670244838,6670244841,2,27.78,64.57,11
584971474#2,6670244841,42428003,2,27.78,8.99,11
584971474#3,42428003,6670244842,2,27.78,8.87,11
584971474#4,6670244842,7837088631,2,27.78,62.52,11
584971474#5,7837088631,42427996,2,27.78,8.84,11
584971474#6,42427996,7837088640,2,27.78,6.07,11
584971474#7,7837088640,6670244846,2,27.78,65.45,11
584971474#8,6670244846,42427991,2,27.78,10.72,11
584971499#0,593915303,8261044794,2,11.18,40.44,12
584971499#1,8261044794,42430633,2,11.18,16.65,12
584971500,6185259892,42428052,3,11.18,6.77,11
584971501#0,42455643,3998699937,2,11.18,12.4,12
584971501#1,3998699937,9989925888,2,11.18,158.94,12
584971501#2,9989925888,4215913814,2,11.18,42.99,12
584971503#0,42450434,3308681114,1,27.78,11.0,11
584971503#1,3308681114,3308681113,1,27.78,249.0,11
584971503#2,3308681113,42445033,1,27.78,13.44,11
584971510#0,42429630,5836025492,1,11.18,7.4,3
584971510#1,5836025492,42429595,1,11.18,25.73,3
584971513,42431629,42431630,1,11.18,26.43,3
584971516#0,42446800,5216346768,1,11.18,10.7,3
584971516#1,5216346768,42429630,1,11.18,12.66,3
584971522#0,607911351,11013387608,1,13.89,59.44,4
584971522#1,11013387608,607911362,1,13.89,8.14,4
584971524#0,9907939580,11033263682,2,11.18,87.56,12
584971524#1,11033263682,42444123,2,11.18,6.98,12
584971524#2,42444123,4489003010,2,11.18,10.58,12
584971524#3,4489003010,42444129,2,11.18,7.05,12
584971525#0,42437749,11153640074,1,11.18,16.29,11
584971525#1,11153640074,1541937939,1,11.18,67.15,11
584971525#10,4382842420,2496639020,1,11.18,88.74,11
584971525#11,2496639020,8279851259,1,11.18,116.61,11
584971525#12,8279851259,42437755,1,11.18,7.61,11
584971525#13,42437755,8279851256,1,11.18,5.63,11
584971525#14,8279851256,7490239500,1,11.18,33.56,11
584971525#15,7490239500,496707003,1,11.18,12.03,11
584971525#2,1541937939,42437753,1,11.18,5.97,11
584971525#3,42437753,3884569949,1,11.18,5.42,11
584971525#4,3884569949,11153640076,1,11.18,65.35,11
584971525#5,11153640076,42431992,1,11.18,8.38,11
584971525#6,42431992,11153640078,1,11.18,6.73,11
584971525#7,11153640078,4382842419,1,11.18,56.68,11
584971525#8,4382842419,42437124,1,11.18,7.99,11
584971525#9,42437124,4382842420,1,11.18,7.43,11
584971526,5333189423,5333189421,2,11.18,36.07,11
584971528#0,4207881093,7837165572,1,11.18,36.31,11
584971528#1,7837165572,42435253,1,11.18,7.17,11
584971529,274342024,274342021,1,8.94,49.51,3
584971530#0,42449023,4216045848,1,8.94,8.24,11
584971530#1,4216045848,4216055440,1,8.94,59.69,11
584971530#2,4216055440,42430914,1,8.94,7.38,11
584971531#0,42430914,4216045840,1,8.94,8.31,11
584971531#1,4216045840,8309479501,1,8.94,62.05,11
584971531#2,8309479501,42454997,1,8.94,5.83,11
584971531#3,42454997,8309479500,1,8.94,6.51,11
584971531#4,8309479500,8309479546,1,8.94,68.42,11
584971531#5,8309479546,42446552,1,8.94,6.25,11
584971531#6,42446552,8309479545,1,8.94,6.4,11
584971531#7,8309479545,8309479555,1,8.94,67.97,11
584971531#8,8309479555,42436944,1,8.94,6.8,11
584971532#0,42434148,4216045852,1,8.94,7.7,11
584971532#1,4216045852,4216045838,1,8.94,60.92,11
584971532#2,4216045838,42449023,1,8.94,6.88,11
584971533#0,5590991391,9550791751,2,11.18,81.34,11
584971533#1,9550791751,42449634,2,11.18,10.18,11
586133544#0,42427867,9561420922,1,22.22,11.61,10
586133544#1,9561420922,9561420895,1,22.22,99.61,10
586133544#2,9561420895,42446604,1,22.22,10.79,10
586133544#3,42446604,9561420892,1,22.22,8.42,10
586133544#4,9561420892,7070909371,1,22.22,38.84,10
586133544#5,7070909371,9561420843,1,22.22,60.44,10
586133544#6,9561420843,1764405361,1,22.22,6.15,10
586133545#0,42455509,9561420920,1,8.94,8.03,10
586133545#1,9561420920,42453349,1,8.94,72.66,10
586133545#2,42453349,8952453920,1,8.94,86.36,10
586133545#3,8952453920,42429220,1,8.94,12.62,10
586350562#0,7476968854,7611215248,1,11.18,6.82,3
586350562#1,7611215248,530286753,1,11.18,132.08,3
586350564#0,7476968855,4158786461,1,11.18,9.88,4
586350564#1,4158786461,4158789495,1,11.18,141.4,4
587038012,42445867,4276517126,1,11.18,9.93,11
587038046,370913767,370913758,3,17.88,142.27,14
587038047,370912817,589100393,3,17.88,130.5,14
587038048,42445392,4412043541,1,27.78,16.97,12
587038049#0,2821304138,6456908262,3,11.18,10.61,11
587038049#1,6456908262,4742692786,3,11.18,50.39000000000001,11
587038049#2,4742692786,272195270,3,11.18,12.17,11
587038050#0,42430004,8279851448,1,11.18,12.01,3
587038050#1,8279851448,6150637877,1,11.18,45.37,3
587038050#2,6150637877,6456908260,1,11.18,88.0,3
587038050#3,6456908260,10039501934,1,11.18,3.91,3
587038051#0,42430004,8279851449,4,11.18,9.67,11
587038051#1,8279851449,10689664920,4,11.18,4.87,11
587038081#0,42430308,3857366815,3,11.18,8.89,11
587038081#1,3857366815,5607992553,3,11.18,36.1,11
587038082#0,5607992554,10125255943,2,27.78,64.67,12
587038082#1,10125255943,42432856,2,27.78,8.84,12
587038101#0,42449932,10125260561,6,11.18,10.36,12
587038101#1,10125260561,10125260560,6,11.18,39.16,12
587038129#0,9971314378,3932847287,3,11.18,33.15,12
587038129#1,3932847287,42445378,3,11.18,13.68,12
587038175#0,42432861,6176390174,3,11.18,14.76,12
587038175#1,6176390174,4215909068,3,11.18,26.66,12
587061815#0,9178841525,10167086813,5,11.18,39.87,11
587061815#1,10167086813,42446164,5,11.18,6.840000000000001,11
587061815#2,42446164,10167086812,5,11.18,7.42,11
587061815#3,10167086812,10167137520,5,11.18,65.42,11
587061815#4,10167137520,42439486,5,11.18,6.720000000000001,11
587061815#5,42439486,10167137521,5,11.18,7.409999999999999,11
587061815#6,10167137521,10167137527,5,11.18,65.2,11
587061815#7,10167137527,42435211,5,11.18,7.49,11
587061815#8,42435211,10127369888,5,11.18,7.340000000000001,11
587061815#9,10127369888,4207764474,5,11.18,32.16,11
587061820#0,42446161,10167086805,1,11.18,12.43,10
587061820#1,10167086805,10167137548,1,11.18,131.95,10
587061820#2,10167137548,42437174,1,11.18,12.19,10
587061842#0,42443085,10170834266,1,11.18,13.45,10
587061842#1,10170834266,10166326201,1,11.18,190.86,10
587061842#2,10166326201,42450071,1,11.18,12.17,10
587061843#0,42438772,9726158595,1,13.89,9.28,3
587061843#1,9726158595,10169411235,1,13.89,131.83,3
587061843#2,10169411235,42438774,1,13.89,14.09,3
587061844#0,42438774,10169411233,4,27.78,7.22,12
587061844#1,10169411233,4980798214,4,27.78,66.48,12
587061844#2,4980798214,42444458,4,27.78,12.0,12
587061845#0,5542680310,10166860019,4,27.78,5.39,12
587061845#1,10166860019,42447235,4,27.78,7.48,12
587061846#0,42436486,3562587900,2,27.78,13.41,11
587061846#1,3562587900,3562587901,2,27.78,189.95,11
587061846#2,3562587901,42436489,2,27.78,11.93,11
587061846#3,42436489,3562587904,2,27.78,14.77,11
587061846#4,3562587904,3562587905,2,27.78,202.36,11
587061846#5,3562587905,42436492,2,27.78,13.66,11
587061847#0,42429552,10170875020,1,27.78,7.22,11
587061847#1,10170875020,10170875025,1,27.78,64.28,11
587061847#10,10167137542,10167137549,1,27.78,64.14,11
587061847#11,10167137549,42437174,1,27.78,14.36,11
587061847#2,10170875025,42435207,1,27.78,8.26,11
587061847#3,42435207,10170875026,1,27.78,8.12,11
587061847#4,10170875026,10167137533,1,27.78,64.01,11
587061847#5,10167137533,42439485,1,27.78,8.11,11
587061847#6,42439485,10167137534,1,27.78,7.24,11
587061847#7,10167137534,10167137541,1,27.78,64.76,11
587061847#8,10167137541,42449828,1,27.78,7.89,11
587061847#9,42449828,10167137542,1,27.78,7.45,11
587061854#0,42434800,10167162583,4,11.18,7.9,11
587061854#1,10167162583,3009534478,4,11.18,62.9,11
587061854#2,3009534478,42429874,4,11.18,7.4,11
587061855#0,42443336,9668787079,1,11.18,11.97,11
587061855#1,9668787079,3235708627,1,11.18,249.24,11
587061855#2,3235708627,6207264908,1,11.18,10.6,11
587061856#0,42440397,1740694093,3,11.18,13.589999999999998,11
587061856#1,1740694093,7094731936,3,11.18,68.25,11
587061856#10,7094731963,7785624682,3,11.18,66.92,11
587061856#11,7785624682,42430050,3,11.18,7.34,11
587061856#12,42430050,7785624655,3,11.18,6.53,11
587061856#13,7785624655,7785624630,3,11.18,66.43,11
587061856#14,7785624630,42439553,3,11.18,7.19,11
587061856#15,42439553,7785624638,3,11.18,5.69,11
587061856#16,7785624638,7785624626,3,11.18,67.93,11
587061856#17,7785624626,42438788,3,11.18,7.06,11
587061856#18,42438788,7785624628,3,11.18,5.7,11
587061856#19,7785624628,3278932287,3,11.18,69.43,11
587061856#2,7094731936,42436911,3,11.18,7.650000000000001,11
587061856#20,3278932287,42436475,3,11.18,12.74,11
587061856#3,42436911,7094731940,3,11.18,7.34,11
587061856#4,7094731940,7094731953,3,11.18,65.79,11
587061856#5,7094731953,42446455,3,11.18,6.16,11
587061856#6,42446455,7094731932,3,11.18,5.650000000000001,11
587061856#7,7094731932,7094731968,3,11.18,68.03,11
587061856#8,7094731968,42454679,3,11.18,7.75,11
587061856#9,42454679,7094731963,3,11.18,6.79,11
587061857#0,9906826295,9906826294,2,11.18,51.06,11
587061857#1,9906826294,42446021,2,11.18,9.8,11
587061858#0,42436477,4207313542,3,11.18,12.92,11
587061858#1,4207313542,10167967055,3,11.18,66.94,11
587061858#10,10173250692,10173084337,3,11.18,65.84,11
587061858#11,10173084337,42446013,3,11.18,6.94,11
587061858#12,42446013,10122937147,3,11.18,7.89,11
587061858#13,10122937147,10122937146,3,11.18,65.32,11
587061858#14,10122937146,42446016,3,11.18,8.25,11
587061858#15,42446016,10122937143,3,11.18,6.37,11
587061858#16,10122937143,10122937141,3,11.18,65.61,11
587061858#17,10122937141,42436913,3,11.18,7.010000000000001,11
587061858#18,42436913,10122937142,3,11.18,8.66,11
587061858#19,10122937142,10173330839,3,11.18,67.16,11
587061858#2,10167967055,42438791,3,11.18,6.489999999999999,11
587061858#20,10173330839,42446021,3,11.18,11.82,11
587061858#3,42438791,10167967051,3,11.18,7.91,11
587061858#4,10167967051,10173250678,3,11.18,66.34,11
587061858#5,10173250678,42439556,3,11.18,6.650000000000001,11
587061858#6,42439556,10173250677,3,11.18,7.419999999999999,11
587061858#7,10173250677,10173250691,3,11.18,66.45,11
587061858#8,10173250691,42430052,3,11.18,6.63,11
587061858#9,42430052,10173250692,3,11.18,8.2,11
587061863#0,42443264,7061726460,2,11.18,7.58,11
587061863#1,7061726460,7058749376,2,11.18,68.86,11
587061863#2,7058749376,42443268,2,11.18,10.58,11
587061864,5378686574,7732243573,1,11.18,16.73,11
587061869#0,42449928,4234425012,6,11.18,6.78,12
587061869#1,4234425012,5254361544,6,11.18,29.05,12
587061869#2,5254361544,3932847291,6,11.18,38.01,12
587061869#3,3932847291,42445378,6,11.18,12.450000000000001,12
587355676#0,5610570649,10121802252,2,27.78,91.37,12
587355676#1,10121802252,42432861,2,27.78,13.59,12
587355677,42450977,370898427,3,17.88,76.9,14
587355678,370897166,370898175,3,17.88,288.02,14
587355679,5145531517,5137978709,2,11.18,117.32,12
587355680,1772136801,246923513,2,15.65,8.85,12
588157329#0,42434412,8262936646,2,11.18,7.75,11
588157329#1,8262936646,8262936615,2,11.18,35.34,11
588157329#2,8262936615,42422038,2,11.18,7.49,11
588157330,42440854,42442294,4,13.41,41.3,13
588157336#0,42447007,10125147546,4,11.18,9.16,11
588157336#1,10125147546,10125147545,4,11.18,65.37,11
588157336#2,10125147545,42432847,4,11.18,12.41,11
588157337#0,42440004,3977886861,3,11.18,7.37,11
588157337#1,3977886861,3977886860,3,11.18,64.48,11
588157337#2,3977886860,42440001,3,11.18,7.23,11
588168462#0,42449597,8279851435,1,11.18,13.03,3
588168462#1,8279851435,8262309631,1,11.18,137.54,3
588168462#2,8262309631,2821304136,1,11.18,11.65,3
588168464#0,42443680,10173045243,3,11.18,8.86,11
588168464#1,10173045243,10168260248,3,11.18,64.48,11
588168464#2,10168260248,42451674,3,11.18,7.34,11
588293370#0,1773082410,42437612,3,11.18,14.67,12
588293370#1,42437612,5829779485,3,11.18,9.53,12
588293370#2,5829779485,5829779497,3,11.18,56.080000000000005,12
588293370#3,5829779497,42457325,3,11.18,6.14,12
588293375,1918039880,42457319,1,11.18,15.01,3
588314387,5619144360,61272284,1,13.89,8.49,3
588314388,5619144361,42438306,1,13.89,9.16,3
588887161#0,3931524258,4493020098,1,13.89,22.34,3
588887161#1,4493020098,7926756764,1,13.89,189.13,3
588887161#2,7926756764,7926724561,1,13.89,6.81,3
588887161#3,7926724561,3931519753,1,13.89,9.94,3
589494594#0,42454328,9015896827,2,11.18,27.43,12
589494594#1,9015896827,246648219,2,11.18,19.16,12
589494595#0,42446668,5165666198,4,11.18,8.45,12
589494595#1,5165666198,5165666207,4,11.18,65.5,12
589494595#2,5165666207,42437670,4,11.18,11.22,12
589494596#0,42437670,8261123388,2,11.18,13.21,12
589494596#1,8261123388,6905716423,2,11.18,51.52,12
589494600,427840973,427840967,1,11.18,101.2,14
591756888,4679523598,42430805,1,11.18,15.71,3
591772210#0,42440810,7641718054,2,11.18,7.86,13
591772210#1,7641718054,8307641565,2,11.18,60.59,13
591772210#2,8307641565,42427316,2,11.18,8.01,13
591772210#3,42427316,8307641567,2,11.18,9.76,13
591772210#4,8307641567,8307641786,2,11.18,48.86,13
591772210#5,8307641786,5706569898,2,11.18,8.39,13
591772210#6,5706569898,8307641788,2,11.18,10.28,13
591772210#7,8307641788,591995273,2,11.18,76.78,13
591772211#0,42447255,7641718012,2,11.18,5.89,10
591772211#1,7641718012,8996353562,2,11.18,20.82,10
591772211#2,8996353562,7641859742,2,11.18,9.69,10
591772211#3,7641859742,6123654602,2,11.18,14.63,10
592374690#0,5653832464,7138043096,3,11.18,30.24,11
592374690#1,7138043096,7138030353,3,11.18,40.87,11
592374690#2,7138030353,6070360952,3,11.18,16.36,11
592374690#3,6070360952,6162473819,3,11.18,13.08,11
597821266#0,3874681615,5730369214,1,11.18,187.06,3
597821266#1,5730369214,42430597,1,11.18,13.65,3
597821266#10,5545401592,10171484158,1,11.18,5.34,3
597821266#11,10171484158,7690154499,1,11.18,55.62,3
597821266#12,7690154499,5481863558,1,11.18,14.81,3
597821266#13,5481863558,6069788571,1,11.18,85.83,3
597821266#14,6069788571,6069788567,1,11.18,5.22,3
597821266#15,6069788567,7681377428,1,11.18,10.64,3
597821266#16,7681377428,8620532517,1,11.18,4.57,3
597821266#17,8620532517,11147382150,1,11.18,72.06,3
597821266#18,11147382150,42435632,1,11.18,13.14,3
597821266#2,42430597,5730369217,1,11.18,13.65,3
597821266#3,5730369217,11034943440,1,11.18,248.47,3
597821266#4,11034943440,42445310,1,11.18,13.19,3
597821266#5,42445310,11034943439,1,11.18,12.42,3
597821266#6,11034943439,358447541,1,11.18,161.33,3
597821266#7,358447541,5122551881,1,11.18,86.88,3
597821266#8,5122551881,42444933,1,11.18,10.39,3
597821266#9,42444933,5545401592,1,11.18,10.51,3
597821267#0,42429896,4122576550,1,11.18,12.81,3
597821267#1,4122576550,10239803710,1,11.18,39.79,3
597821267#2,10239803710,4115968602,1,11.18,8.55,3
597821267#3,4115968602,8883623406,1,11.18,111.47,3
597821267#4,8883623406,7640871304,1,11.18,29.8,3
597821267#5,7640871304,42429900,1,11.18,13.65,3
600848479#0,42435642,8660001947,1,11.18,13.53,4
600848479#1,8660001947,8262309049,1,11.18,248.52,4
600848479#2,8262309049,42444954,1,11.18,13.52,4
600848485#0,42435642,8660596989,1,11.18,6.98,11
600848485#1,8660596989,8660596941,1,11.18,66.31,11
600848485#2,8660596941,42435644,1,11.18,11.28,11
601733867#0,42446363,10085807105,3,11.18,6.12,12
601733867#1,10085807105,7557417119,3,11.18,37.44,12
60251942,42456979,42432990,1,13.89,45.64,3
60325668,3276524466,427850819,2,15.65,1250.15,14
606358570,5749215967,42433490,1,22.22,73.45,9
607091411#0,4142105812,5708239345,1,11.18,13.41,3
607091411#1,5708239345,42436073,1,11.18,50.94,3
607091411#10,42436064,8429014579,1,11.18,8.04,3
607091411#11,8429014579,8310246696,1,11.18,61.03,3
607091411#12,8310246696,42436060,1,11.18,6.13,3
607091411#2,42436073,8429031610,1,11.18,66.77,3
607091411#3,8429031610,42436017,1,11.18,7.24,3
607091411#4,42436017,8429031611,1,11.18,7.09,3
607091411#5,8429031611,8429014575,1,11.18,58.99,3
607091411#6,8429014575,42436069,1,11.18,6.39,3
607091411#7,42436069,8429014576,1,11.18,8.15,3
607091411#8,8429014576,8429014578,1,11.18,58.91,3
607091411#9,8429014578,42436064,1,11.18,7.25,3
60812034#0,587934268,761293063,1,27.78,67.86,11
60812034#1,761293063,761293064,1,27.78,49.74,11
60812034#2,761293064,761323191,1,27.78,79.22,11
60812035,761293064,761293090,1,22.22,22.29,6
60812036,587934263,761293063,1,22.22,21.23,6
60813032#0,42441823,9935945725,1,27.78,10.57,11
60813032#1,9935945725,823952247,1,27.78,15.93,11
60813173#0,761329683,9703359675,1,13.89,206.92,3
60813173#1,9703359675,42428958,1,13.89,9.18,3
608355937#0,42428913,10168100449,1,13.89,8.83,3
608355937#1,10168100449,6223570349,1,13.89,154.85,3
608355937#2,6223570349,10055069619,1,13.89,66.52,3
608355937#3,10055069619,595338201,1,13.89,13.62,3
608355942#0,42435943,10170703038,1,13.89,9.6,3
608355942#1,10170703038,10168100455,1,13.89,45.76,3
608355942#2,10168100455,561035354,1,13.89,11.12,3
60858625,42434370,42436929,1,8.94,115.72,3
609284991,5771241290,5771241294,1,22.22,72.45,9
609596058,3639381189,3639381190,2,11.18,96.42,12
611258687#0,42432208,8262308351,1,11.18,10.84,11
611258687#1,8262308351,42432211,1,11.18,46.29,11
611258687#2,42432211,6213315373,1,11.18,66.2,11
611258687#3,6213315373,42429378,1,11.18,8.64,11
611258688#0,42429394,8262308678,1,11.18,11.81,3
611258688#1,8262308678,42429390,1,11.18,127.41,3
61133358#0,42444452,5266458355,2,27.78,10.12,12
61133358#1,5266458355,4207752451,2,27.78,30.2,12
612743237#0,1773067304,3973686298,2,11.18,6.51,11
612743237#1,3973686298,1773066054,2,11.18,9.42,11
614572151#0,42422035,8213945017,2,11.18,13.11,4
614572151#1,8213945017,6417761616,2,11.18,63.16,4
614572151#2,6417761616,6552385860,2,11.18,12.9,4
614572151#3,6552385860,6552385862,2,11.18,70.12,4
614572151#4,6552385862,42422028,2,11.18,15.71,4
614853315#0,5815234915,8821317923,3,13.410000000000002,183.49,13
614853315#1,8821317923,588593611,3,13.410000000000002,13.160000000000002,13
616745173#0,42434355,9679181059,1,11.18,7.89,3
616745173#1,9679181059,9679181058,1,11.18,60.38,3
616745173#2,9679181058,42434357,1,11.18,6.71,3
616745174#0,42434355,9679181054,1,11.18,8.8,3
616745174#1,9679181054,3252590541,1,11.18,134.11,3
616745174#2,3252590541,42437021,1,11.18,7.76,3
616745174#3,42437021,4597668036,1,11.18,10.21,3
616745175#0,42437283,9679181029,1,11.18,13.8,3
616745175#1,9679181029,5282642709,1,11.18,31.73,3
616745175#2,5282642709,4129804731,1,11.18,159.92,3
616745175#3,4129804731,42437287,1,11.18,11.61,3
616745175#4,42437287,4129804730,1,11.18,11.48,3
616745175#5,4129804730,4298757083,1,11.18,203.47,3
616745175#6,4298757083,42437289,1,11.18,16.09,3
616745176#0,42434357,9679181042,1,11.18,7.54,3
616745176#1,9679181042,10172843046,1,11.18,59.37,3
616745176#2,10172843046,42434358,1,11.18,7.16,3
617425347,5481846617,4207932665,2,27.78,13.51,12
618990022#0,42430742,10083914666,2,13.89,11.33,3
618990022#1,10083914666,5481877871,2,13.89,67.55,3
618990022#10,10084910129,2698702583,2,13.89,138.95,3
618990022#11,2698702583,10084863425,2,13.89,108.24,3
618990022#12,10084863425,42431556,2,13.89,14.44,3
618990022#13,42431556,10084834653,2,13.89,12.85,3
618990022#14,10084834653,8785244281,2,13.89,107.37,3
618990022#15,8785244281,42428328,2,13.89,8.9,3
618990022#16,42428328,1792535230,2,13.89,12.76,3
618990022#17,1792535230,2653473644,2,13.89,51.73,3
618990022#18,2653473644,10170864625,2,13.89,67.15,3
618990022#19,10170864625,42431549,2,13.89,13.47,3
618990022#2,5481877871,8348222103,2,13.89,105.96,3
618990022#20,42431549,10170864622,2,13.89,12.64,3
618990022#21,10170864622,4544486782,2,13.89,74.93,3
618990022#22,4544486782,3932923804,2,13.89,11.14,3
618990022#23,3932923804,1814471103,2,13.89,7.35,3
618990022#24,1814471103,4544486781,2,13.89,7.98,3
618990022#25,4544486781,10003982621,2,13.89,40.1,3
618990022#26,10003982621,10023117064,2,13.89,5.19,3
618990022#27,10023117064,10003982623,2,13.89,55.3,3
618990022#28,10003982623,10171655539,2,13.89,46.44,3
618990022#29,10171655539,42430378,2,13.89,12.51,3
618990022#3,8348222103,7557417098,2,13.89,24.74,3
618990022#30,42430378,10171655536,2,13.89,11.99,3
618990022#31,10171655536,8457002452,2,13.89,30.76,3
618990022#32,8457002452,8457002448,2,13.89,34.68,3
618990022#33,8457002448,8457002450,2,13.89,45.7,3
618990022#34,8457002450,10171655546,2,13.89,175.09,3
618990022#35,10171655546,42431544,2,13.89,12.73,3
618990022#4,7557417098,3998699930,2,13.89,50.73,3
618990022#5,3998699930,42431563,2,13.89,12.89,3
618990022#6,42431563,3998699928,2,13.89,11.83,3
618990022#7,3998699928,10084184252,2,13.89,248.77,3
618990022#8,10084184252,42431560,2,13.89,13.67,3
618990022#9,42431560,10084910129,2,13.89,12.78,3
61914063#0,42436285,8740550826,1,22.22,11.85,10
61914063#1,8740550826,8740550801,1,22.22,118.7,10
61914063#10,8740550854,7686600775,1,22.22,58.93,10
61914063#11,7686600775,1761599521,1,22.22,60.15,10
61914063#12,1761599521,42429083,1,22.22,11.54,10
61914063#2,8740550801,42436288,1,22.22,8.72,10
61914063#3,42436288,8740550805,1,22.22,10.15,10
61914063#4,8740550805,5403868151,1,22.22,111.83,10
61914063#5,5403868151,42433080,1,22.22,12.26,10
61914063#6,42433080,5403868149,1,22.22,12.85,10
61914063#7,5403868149,8740550851,1,22.22,96.4,10
61914063#8,8740550851,42436293,1,22.22,9.57,10
61914063#9,42436293,8740550854,1,22.22,9.77,10
61914064#0,42429083,9563795478,1,8.94,12.75,3
61914064#1,9563795478,9563795437,1,8.94,67.92,3
61914064#2,9563795437,42436296,1,8.94,6.34,3
61914064#3,42436296,9423152413,1,8.94,7.17,3
61914064#4,9423152413,10057037402,1,8.94,71.99,3
61914064#5,10057037402,9423152414,1,8.94,41.77,3
61914064#6,9423152414,42436297,1,8.94,7.69,3
61914065#0,42443486,748725145,1,13.89,59.6,3
61914065#1,748725145,9563795377,1,13.89,10.05,3
61914065#2,9563795377,42443488,1,13.89,6.28,3
61914066#0,42443492,9563795366,1,13.89,8.19,3
61914066#1,9563795366,9563795376,1,13.89,223.03,3
61914066#2,9563795376,42443488,1,13.89,6.87,3
61914068#0,2075592658,6836035774,1,13.89,12.87,3
61914068#1,6836035774,9566997297,1,13.89,118.79,3
61914068#2,9566997297,42432226,1,13.89,8.66,3
61914068#3,42432226,9566997300,1,13.89,9.78,3
61914068#4,9566997300,9979245309,1,13.89,27.2,3
61914068#5,9979245309,9566997289,1,13.89,35.99,3
61914068#6,9566997289,42432228,1,13.89,11.08,3
619277987#0,5278266721,5278263670,1,11.18,9.43,3
619277987#1,5278263670,42429910,1,11.18,63.68,3
619277987#2,42429910,8119193331,1,11.18,87.32,3
619277987#3,8119193331,42429918,1,11.18,13.32,3
619277989#0,42436756,8119192816,1,11.18,13.56,3
619277989#1,8119192816,7206761675,1,11.18,45.24,3
619277989#2,7206761675,5277924518,1,11.18,74.77,3
619277989#3,5277924518,7640871286,1,11.18,81.32,3
619277989#4,7640871286,42436754,1,11.18,14.6,3
619280601#0,7641820936,595105592,1,27.78,47.0,12
619280601#1,595105592,5852272391,1,27.78,12.04,12
619280607#0,5852272391,3569749145,3,27.78,8.68,11
619280607#1,3569749145,10586374983,3,27.78,166.91,11
619280612#0,5852272391,5852272394,2,11.18,8.83,12
619280612#1,5852272394,9490559519,2,11.18,35.0,12
619280617#0,6133355290,8224618699,5,11.18,16.56,12
619280617#1,8224618699,42455934,5,11.18,7.25,12
619454130#0,42449947,10125260539,1,2.78,12.56,2
619454130#1,10125260539,4555838817,1,2.78,79.57,2
619454130#2,4555838817,10125260541,1,2.78,51.74,2
619454130#3,10125260541,42446971,1,2.78,10.01,2
620680161#0,5863965880,4389441144,1,11.18,24.72,3
620680161#1,4389441144,42458034,1,11.18,87.95,3
620748645#0,42427894,42439653,1,22.22,52.39,10
620748645#1,42439653,7700835526,1,22.22,5.84,10
620748645#2,7700835526,42439647,1,22.22,11.19,10
620748645#3,42439647,42439620,1,22.22,369.31,10
620748645#4,42439620,764738913,1,22.22,70.75,10
620748645#5,764738913,9903127418,1,22.22,318.47,10
620748645#6,9903127418,42434255,1,22.22,12.82,10
620748646,42427894,4515465264,1,22.22,12.05,10
620748647,4515465264,42439673,2,27.78,20.03,12
620796857#0,3247295579,9150529691,1,11.18,9.63,11
620796857#1,9150529691,10171227010,1,11.18,0.84,11
620796857#2,10171227010,9078592316,1,11.18,11.35,11
620939495#0,4241748518,7611187235,3,11.18,13.089999999999998,12
620939495#1,7611187235,42443513,3,11.18,7.46,12
621271362,371337150,42444514,1,22.22,134.74,9
621557577#0,60927823,2032551989,1,27.78,160.96,11
621557577#1,2032551989,60927825,1,27.78,8.23,11
621557578,595441960,60927827,1,27.78,23.61,11
621557579,60927825,595441960,1,27.78,82.13,11
621785405#0,42431096,9492556548,1,11.18,12.3,11
621785405#1,9492556548,8687882736,1,11.18,104.3,11
621785405#2,8687882736,42428711,1,11.18,9.8,11
623836435#0,1764400318,9561566537,1,22.22,6.3,10
623836435#1,9561566537,9561566536,1,22.22,32.98,10
623836435#2,9561566536,42455493,1,22.22,14.13,10
623836436,42452495,1764400318,1,22.22,10.51,10
623836438#0,42431262,42431260,2,11.18,115.58,12
623836438#1,42431260,9561208926,2,11.18,10.34,12
623836438#2,9561208926,9561566545,2,11.18,155.84,12
623836438#3,9561566545,42431257,2,11.18,14.64,12
623836440,1764626357,1763748995,1,22.22,28.96,7
623836443,5890982665,1763748995,2,27.78,18.65,12
626221794#0,4207854754,7637834795,2,27.78,38.56,11
626221794#1,7637834795,42430747,2,27.78,7.3,11
626226775#0,42455897,8119542592,1,11.18,13.5,3
626226775#1,8119542592,5481965067,1,11.18,51.62,3
626226775#2,5481965067,5481965062,1,11.18,11.23,3
626226775#3,5481965062,5278159383,1,11.18,97.33,3
626226775#4,5278159383,8119193322,1,11.18,41.85,3
626226775#5,8119193322,42442891,1,11.18,13.96,3
626514137#0,42428305,2435108459,1,2.24,9.15,2
626514137#1,2435108459,10228962523,1,2.24,64.55,2
626514137#2,10228962523,42428303,1,2.24,7.2,2
626715185,5916527828,4207863950,2,11.18,43.12,12
626739791,5916783970,5916783969,1,13.89,111.08,4
626739792,5916783969,593972687,1,13.89,104.08,4
627176923,42426957,3702296508,1,22.22,95.91,7
627805511#0,42431002,9492542202,2,11.18,7.8,11
627805511#1,9492542202,4207854764,2,11.18,30.86,11
627805512#0,1722116498,6856776749,2,27.78,23.28,11
627805512#1,6856776749,9374838668,2,27.78,53.93,11
627805512#2,9374838668,42431000,2,27.78,9.88,11
627805515#0,3377387929,5117940776,2,27.78,10.18,11
627805515#1,5117940776,1722116498,2,27.78,6.65,11
627805516#0,3371304342,6841543645,2,27.78,21.19,11
627805516#1,6841543645,3377387929,2,27.78,23.18,11
627805517,3371304332,3371304342,2,27.78,36.03,11
627805518#0,3377387920,3884632731,1,27.78,16.6,11
627805518#1,3884632731,3371304332,1,27.78,8.77,11
628093103#0,42454010,42454012,1,13.89,12.05,3
628093103#1,42454012,1577501048,1,13.89,41.95,3
628093103#2,1577501048,42450814,1,13.89,65.58,3
630828554#0,42440325,9968663368,1,11.18,7.25,3
630828554#1,9968663368,9558740373,1,11.18,63.94,3
630828554#2,9558740373,42438174,1,11.18,7.68,3
630828555#0,42434358,10172843042,1,11.18,7.29,3
630828555#1,10172843042,9558740376,1,11.18,61.07,3
630828555#2,9558740376,42434360,1,11.18,5.93,3
630828556#0,42446959,10168841832,4,27.78,13.11,11
630828556#1,10168841832,10168825915,4,27.78,64.36,11
630828556#2,10168825915,42432444,4,27.78,8.18,11
630828562#0,42431210,10165997011,1,13.89,73.95,3
630828562#1,10165997011,42447317,1,13.89,7.22,3
630828563#0,42438923,10168029076,1,13.89,9.09,3
630828563#1,10168029076,6824030335,1,13.89,64.22,3
630828563#2,6824030335,42440138,1,13.89,7.12,3
630828564#0,42434255,2562438694,1,22.22,11.7,10
630828564#1,2562438694,42439613,1,22.22,236.47,10
630828564#2,42439613,10166154735,1,22.22,71.35,10
630828564#3,10166154735,42439601,1,22.22,8.43,10
630828565#0,42434251,9903127421,2,11.18,81.74,11
630828565#1,9903127421,42434255,2,11.18,7.99,11
630828566#0,42434246,9150629557,2,11.18,10.94,11
630828566#1,9150629557,8008242716,2,11.18,242.99,11
630828566#2,8008242716,42434249,2,11.18,12.89,11
630828566#3,42434249,8008242719,2,11.18,12.72,11
630828566#4,8008242719,42434251,2,11.18,83.69,11
630828567#0,42439601,10166154728,1,22.22,9.37,10
630828567#1,10166154728,7784459410,1,22.22,67.57,10
630828567#2,7784459410,42432961,1,22.22,12.07,10
630828568#0,42438920,10168029068,2,13.89,6.18,3
630828568#1,10168029068,9150563661,2,13.89,40.81,3
630828569#0,42438920,10168029074,1,13.89,8.26,3
630828569#1,10168029074,10168029078,1,13.89,112.4,3
630828569#2,10168029078,42438923,1,13.89,13.05,3
630828570,42438923,6993051350,1,13.89,12.67,3
630828575,9801962061,587934139,1,13.89,127.85,3
630828578,371337266,373776274,1,22.22,134.51,9
630828581#0,6173564349,4491377963,4,11.18,61.91,12
630828581#1,4491377963,42443313,4,11.18,10.81,12
630828581#2,42443313,7373482576,4,11.18,5.54,12
630828581#3,7373482576,9492556523,4,11.18,62.67,12
630828581#4,9492556523,1241742563,4,11.18,10.76,12
630828581#5,1241742563,9904385875,4,11.18,7.84,12
630828581#6,9904385875,8695222692,4,11.18,42.35,12
630828582#0,1061531429,9907441344,4,11.18,9.48,12
630828582#1,9907441344,9904553345,4,11.18,71.45,12
630828582#2,9904553345,1061531777,4,11.18,9.58,12
630828583#0,42435629,11147382152,4,11.18,7.76,11
630828583#1,11147382152,10171484177,4,11.18,63.38,11
630828583#2,10171484177,42435632,4,11.18,7.29,11
630828584#0,42435632,10171484176,1,11.18,13.31,3
630828584#1,10171484176,11147382162,1,11.18,248.92,3
630828584#2,11147382162,42439842,1,11.18,12.18,3
630828585#0,42430277,10171337647,1,11.18,12.73,3
630828585#1,10171337647,2307164619,1,11.18,42.31,3
630828585#2,2307164619,2307164625,1,11.18,10.54,3
630828585#3,2307164625,9680380723,1,11.18,133.17,3
630828586#0,42430271,10171337663,4,11.18,11.56,11
630828586#1,10171337663,10171337653,4,11.18,64.86,11
630828586#2,10171337653,42427423,4,11.18,7.11,11
630828586#3,42427423,10171337657,4,11.18,9.26,11
630828586#4,10171337657,10171337636,4,11.18,62.75,11
630828586#5,10171337636,42430274,4,11.18,6.27,11
630828586#6,42430274,10171337640,4,11.18,8.49,11
630828586#7,10171337640,10171337648,4,11.18,61.6,11
630828586#8,10171337648,42430277,4,11.18,8.88,11
630828592#0,5590991384,8309479191,2,11.18,17.89,12
630828592#1,8309479191,42434196,2,11.18,6.53,12
630828592#2,42434196,8309479192,2,11.18,8.46,12
630828592#3,8309479192,8309479199,2,11.18,58.44,12
630828592#4,8309479199,4015190382,2,11.18,7.44,12
630828594#0,42434352,8310246182,1,11.18,7.49,3
630828594#1,8310246182,3985008871,1,11.18,133.25,3
630828594#2,3985008871,42440729,1,11.18,13.65,3
630828595#0,42439207,42454175,1,11.18,9.53,3
630828595#1,42454175,8307641581,1,11.18,124.44,3
630828595#2,8307641581,42445612,1,11.18,7.41,3
630828595#3,42445612,8307641582,1,11.18,5.59,3
630828595#4,8307641582,7641718028,1,11.18,90.73,3
630828595#5,7641718028,42440810,1,11.18,13.63,3
630828596#0,7132405537,7132560165,1,11.18,81.13,3
630828596#1,7132560165,42427305,1,11.18,10.45,3
630828599,5706568672,278609934,2,11.18,16.61,12
634469643#0,42456110,4980851599,1,11.18,14.75,3
634469643#1,4980851599,5481998068,1,11.18,65.78,3
634469643#10,7811793753,42447192,1,11.18,8.33,3
634469643#11,42447192,7811793776,1,11.18,8.22,3
634469643#12,7811793776,10680078410,1,11.18,51.64,3
634469643#13,10680078410,7803460128,1,11.18,76.42,3
634469643#14,7803460128,42458112,1,11.18,6.39,3
634469643#15,42458112,596776314,1,11.18,25.51,3
634469643#16,596776314,7803460131,1,11.18,6.57,3
634469643#17,7803460131,7803460144,1,11.18,125.67,3
634469643#18,7803460144,42446152,1,11.18,12.04,3
634469643#19,42446152,7803460146,1,11.18,12.05,3
634469643#2,5481998068,7924346801,1,11.18,137.93,3
634469643#20,7803460146,5481978583,1,11.18,72.93,3
634469643#21,5481978583,7803460139,1,11.18,60.65,3
634469643#22,7803460139,42446721,1,11.18,12.01,3
634469643#3,7924346801,42443077,1,11.18,11.48,3
634469643#4,42443077,7924346648,1,11.18,11.73,3
634469643#5,7924346648,2555972067,1,11.18,82.84,3
634469643#6,2555972067,7924346971,1,11.18,108.67,3
634469643#7,7924346971,42450066,1,11.18,12.85,3
634469643#8,42450066,7924346778,1,11.18,13.57,3
634469643#9,7924346778,7811793753,1,11.18,133.44,3
640327290,6166333236,6166333235,2,22.22,28.67,9
641914938#0,42446293,8119192794,1,11.18,13.12,3
641914938#1,8119192794,4298961521,1,11.18,78.44,3
641914938#2,4298961521,42446291,1,11.18,8.75,3
643000848,42449613,4143812552,1,11.18,13.24,3
643000849#0,42431617,8304497234,1,11.18,10.32,3
643000849#1,8304497234,8304497546,1,11.18,61.27,3
643000849#2,8304497546,5812723033,1,11.18,7.83,3
643000849#3,5812723033,8304497547,1,11.18,8.73,3
643000849#4,8304497547,3777860991,1,11.18,37.42,3
643444515#0,42431497,5849926992,1,11.18,10.85,3
643444515#1,5849926992,1825740014,1,11.18,62.59,3
643444515#2,1825740014,42429378,1,11.18,11.65,3
646635889#0,42439073,8262308356,1,11.18,10.76,3
646635889#1,8262308356,8309479751,1,11.18,249.02,3
646635889#2,8309479751,42430249,1,11.18,13.51,3
646635889#3,42430249,8309479748,1,11.18,12.52,3
646635889#4,8309479748,4500012796,1,11.18,256.32,3
646635889#5,4500012796,8309479790,1,11.18,30.91,3
646635889#6,8309479790,42439070,1,11.18,9.61,3
649455386,3785586755,3785586748,1,22.22,19.02,8
652023436#0,42450048,6181480021,3,27.78,7.349999999999999,12
652023436#1,6181480021,6254382857,3,27.78,55.830000000000005,12
652023436#2,6254382857,4980915583,3,27.78,8.21,12
652023436#3,4980915583,6181480033,3,27.78,7.830000000000001,12
652023437#0,42450052,6190264270,2,27.78,7.9,12
652023437#1,6190264270,6190264256,2,27.78,56.87,12
652023437#10,42434898,6191027330,2,27.78,8.85,12
652023437#11,6191027330,6191027310,2,27.78,61.88,12
652023437#12,6191027310,42436624,2,27.78,7.35,12
652023437#13,42436624,6191027320,2,27.78,9.37,12
652023437#14,6191027320,4970497090,2,27.78,65.79,12
652023437#15,4970497090,42450055,2,27.78,6.1,12
652023437#16,42450055,4970497089,2,27.78,7.75,12
652023437#17,4970497089,4970497094,2,27.78,65.89,12
652023437#18,4970497094,42450057,2,27.78,12.63,12
652023437#19,42450057,4970497092,2,27.78,11.87,12
652023437#2,6190264256,6190263569,2,27.78,8.37,12
652023437#20,4970497092,6216541841,2,27.78,67.2,12
652023437#21,6216541841,7777321715,2,27.78,6.55,12
652023437#22,7777321715,6216541811,2,27.78,7.74,12
652023437#23,6216541811,5481998037,2,27.78,52.26,12
652023437#24,5481998037,7777321755,2,27.78,13.39,12
652023437#25,7777321755,42436647,2,27.78,6.37,12
652023437#26,42436647,7777321763,2,27.78,6.16,12
652023437#27,7777321763,7777321722,2,27.78,63.91,12
652023437#28,7777321722,42450061,2,27.78,9.23,12
652023437#29,42450061,7777321712,2,27.78,7.9,12
652023437#3,6190263569,42438953,2,27.78,7.19,12
652023437#30,7777321712,7924346987,2,27.78,66.61,12
652023437#31,7924346987,42434385,2,27.78,5.89,12
652023437#32,42434385,7924346712,2,27.78,7.92,12
652023437#33,7924346712,7924346931,2,27.78,65.51,12
652023437#34,7924346931,42450066,2,27.78,6.84,12
652023437#35,42450066,7924346909,2,27.78,7.59,12
652023437#36,7924346909,7924346692,2,27.78,65.98,12
652023437#37,7924346692,42449422,2,27.78,8.52,12
652023437#4,42438953,6190263573,2,27.78,7.42,12
652023437#5,6190263573,6190264284,2,27.78,62.19,12
652023437#6,6190264284,42430482,2,27.78,8.47,12
652023437#7,42430482,6190264219,2,27.78,9.11,12
652023437#8,6190264219,6191027356,2,27.78,65.88,12
652023437#9,6191027356,42434898,2,27.78,5.78,12
652023438#0,42450044,6181480032,6,27.78,13.200000000000001,12
652023438#1,6181480032,4980915579,6,27.78,65.85000000000001,12
652023438#2,4980915579,42449007,6,27.78,12.9,12
652023439#0,6181480033,4980915580,6,27.78,8.340000000000002,12
652023439#1,4980915580,6190264266,6,27.78,65.46,12
652023439#2,6190264266,42450052,6,27.78,6.22,12
652023441#0,42449007,6181478377,5,27.78,11.07,12
652023441#1,6181478377,6181480020,5,27.78,60.6,12
652023441#2,6181480020,42450048,5,27.78,8.68,12
652023442#0,6181480033,4980915581,1,13.89,13.88,3
652023442#1,4980915581,6248342691,1,13.89,132.53,3
652023442#2,6248342691,42445259,1,13.89,9.21,3
652745780#0,42434389,7924346585,1,13.89,12.94,3
652745780#1,7924346585,5481998059,1,13.89,49.05,3
652745780#2,5481998059,42426804,1,13.89,30.7,3
652745786#0,42434384,7811793755,1,13.89,8.64,3
652745786#1,7811793755,7924346737,1,13.89,133.26,3
652745786#2,7924346737,42434385,1,13.89,13.31,3
652745786#3,42434385,7924346676,1,13.89,12.71,3
652745786#4,7924346676,7924346886,1,13.89,191.5,3
652745786#5,7924346886,42434386,1,13.89,12.13,3
652745786#6,42434386,7924346806,1,13.89,12.19,3
652745786#7,7924346806,7924346936,1,13.89,203.99,3
652745786#8,7924346936,42434389,1,13.89,13.21,3
652875877#0,6119503129,8404036868,1,11.18,36.92,3
652875877#1,8404036868,42427239,1,11.18,40.79,3
653406301#0,42440838,4778174562,2,11.18,16.31,13
653406301#1,4778174562,4142105813,2,11.18,37.54,13
653428657#0,1692433919,8309479026,3,11.18,7.07,12
653428657#1,8309479026,8856405728,3,11.18,30.39,12
653471088#0,42445558,4234425039,1,11.18,8.45,3
653471088#1,4234425039,595407648,1,11.18,31.44,3
653471089#0,42449014,4234425018,1,11.18,34.17,3
653471089#1,4234425018,42445558,1,11.18,6.13,3
653471090#0,42445548,4234425037,1,11.18,9.17,3
653471090#1,4234425037,8309479635,1,11.18,105.63,3
653471090#2,8309479635,42428476,1,11.18,9.03,3
653471091,42445548,4234425009,2,11.18,8.6,12
653534688#0,595407624,42434194,1,11.18,68.49,3
653534688#1,42434194,42439243,1,11.18,64.97,3
653534688#2,42439243,42439249,1,11.18,10.72,3
654560917#0,42453166,7977873301,4,11.18,7.58,12
654560917#1,7977873301,7977873293,4,11.18,63.78,12
654560917#2,7977873293,42444827,4,11.18,6.46,12
654560919#0,42437339,8309479301,4,11.18,6.69,12
654560919#1,8309479301,7977873311,4,11.18,63.88,12
654560919#2,7977873311,42455867,4,11.18,7.91,12
654560920,8224676522,3831856763,1,27.78,123.49,12
654560922,6133327722,8224676522,2,27.78,15.77,12
654560924#0,6133355298,8309479302,6,11.18,16.69,12
654560924#1,8309479302,42437339,6,11.18,6.920000000000001,12
654560928#0,6133355297,7977873302,4,11.18,15.63,12
654560928#1,7977873302,42453166,4,11.18,7.58,12
654561413,3831856757,1701844679,1,27.78,7.8,12
654756704,6133388352,6162524940,1,13.89,20.24,3
654756710#0,6133333100,5852272397,1,27.78,122.62,12
654756710#1,5852272397,5852272391,1,27.78,12.14,12
655029948,6266152785,5920675978,1,22.22,208.36,9
655255187#0,42431990,6440842970,1,11.18,7.0,3
655255187#1,6440842970,6139477291,1,11.18,61.89,3
655255187#10,496707000,42435920,1,11.18,38.65,3
655255187#11,42435920,7113914108,1,11.18,31.24,3
655255187#12,7113914108,8279851228,1,11.18,41.92,3
655255187#13,8279851228,5706568658,1,11.18,9.64,3
655255187#2,6139477291,42435910,1,11.18,5.99,3
655255187#3,42435910,6139477280,1,11.18,5.98,3
655255187#4,6139477280,2496639019,1,11.18,96.82,3
655255187#5,2496639019,2496650740,1,11.18,31.2,3
655255187#6,2496650740,8279851214,1,11.18,85.5,3
655255187#7,8279851214,42435916,1,11.18,7.64,3
655255187#8,42435916,8279851211,1,11.18,6.78,3
655255187#9,8279851211,496707000,1,11.18,25.85,3
655260632,6795656304,1431790464,1,11.18,84.59,4
655499757#0,6865282549,8279851517,2,11.18,11.89,4
655499757#1,8279851517,4143835083,2,11.18,89.12,4
655499757#2,4143835083,42453395,2,11.18,12.86,4
656827422#0,279151954,4024169244,1,13.89,14.06,4
656827422#1,4024169244,4379778651,1,13.89,4.66,4
656827422#2,4379778651,3274291207,1,13.89,7.9,4
657059020#0,42425242,3874689580,2,27.78,6.38,11
657059020#1,3874689580,3874689573,2,27.78,64.92,11
657059020#2,3874689573,42424701,2,27.78,6.88,11
657667332,373755525,5871779254,4,17.88,140.28,14
658006856,6162473819,4779073679,4,27.78,13.82,11
658012543#0,6162524940,5105109986,1,13.89,10.2,3
658012543#1,5105109986,42423189,1,13.89,19.52,3
658097764,607911362,3274291207,1,13.89,9.42,4
658488325,6166333219,6166426235,3,22.22,58.419999999999995,9
658488333,6166333257,42426816,1,11.18,36.18,11
658488334,6166333258,8677891126,2,22.22,38.4,9
658488335,8677891126,6166333257,1,22.22,33.92,9
658498537,9140729323,6166413696,2,22.22,19.74,9
658498543,6166413694,6166413701,1,39.44,62.89,14
658498546,6166413707,6166413729,2,17.88,1693.13,14
658499784,6166426227,6166426228,4,39.44,26.51,14
658499796,6166426232,6166333219,2,22.22,76.36,9
658499797,6166426233,6166426232,2,22.22,30.91,9
658499799,6166333235,6166426234,2,22.22,30.98,9
658499800,6166426235,6166333223,3,22.22,19.37,9
658499801#0,6166333223,9987340020,3,22.22,61.51,9
658499801#1,9987340020,42434962,3,22.22,8.36,9
658579519#0,6166969757,7326861889,1,13.89,11.48,3
658579519#1,7326861889,7004385799,1,13.89,242.96,3
658579519#2,7004385799,561035334,1,13.89,9.94,3
658579519#3,561035334,42428807,1,13.89,17.89,3
658583340#0,42440469,8224676520,1,11.18,13.96,3
658583340#1,8224676520,6746980154,1,11.18,202.66,3
658583340#10,3977886194,42440459,1,11.18,10.66,3
658583340#11,42440459,10173080162,1,11.18,10.46,3
658583340#12,10173080162,3790180109,1,11.18,34.16,3
658583340#13,3790180109,5475605298,1,11.18,49.44,3
658583340#2,6746980154,42440465,1,11.18,13.59,3
658583340#3,42440465,6746980151,1,11.18,13.64,3
658583340#4,6746980151,3977886186,1,11.18,189.55,3
658583340#5,3977886186,42440463,1,11.18,13.88,3
658583340#6,42440463,3977886189,1,11.18,13.29,3
658583340#7,3977886189,9883551035,1,11.18,55.44,3
658583340#8,9883551035,8551468892,1,11.18,18.19,3
658583340#9,8551468892,3977886194,1,11.18,57.15,3
658583343#0,42442949,10166171341,1,13.89,13.8,3
658583343#1,10166171341,3830783520,1,13.89,153.59,3
658583343#2,3830783520,3670418747,1,13.89,38.89,3
658583343#3,3670418747,10998208716,1,13.89,4.29,3
658583344#0,6166999548,7140667643,1,11.18,3.59,3
658583344#1,7140667643,7134855843,1,11.18,202.95,3
658583344#10,7160238599,7160228780,1,11.18,126.12,3
658583344#11,7160228780,42436541,1,11.18,11.14,3
658583344#12,42436541,596776150,1,11.18,17.78,3
658583344#13,596776150,7160238608,1,11.18,10.08,3
658583344#14,7160238608,8780064276,1,11.18,96.46,3
658583344#15,8780064276,7160238605,1,11.18,28.99,3
658583344#16,7160238605,42436539,1,11.18,10.36,3
658583344#17,42436539,5306314426,1,11.18,10.98,3
658583344#18,5306314426,5306314446,1,11.18,134.3,3
658583344#19,5306314446,42436537,1,11.18,8.33,3
658583344#2,7134855843,42436549,1,11.18,12.41,3
658583344#3,42436549,7134855811,1,11.18,12.23,3
658583344#4,7134855811,7134839375,1,11.18,190.58,3
658583344#5,7134839375,42436546,1,11.18,12.99,3
658583344#6,42436546,7134855839,1,11.18,13.47,3
658583344#7,7134855839,7160238615,1,11.18,131.75,3
658583344#8,7160238615,42436544,1,11.18,9.98,3
658583344#9,42436544,7160238599,1,11.18,10.27,3
659645612#0,42430485,2947964847,1,13.89,12.57,3
659645612#1,2947964847,3007111768,1,13.89,203.89,3
659645612#2,3007111768,42430488,1,13.89,13.83,3
659714534#0,42450814,6176628861,2,27.78,77.64,12
659714534#1,6176628861,589099881,2,27.78,82.34,12
659714535#0,42424672,4918486759,3,11.18,7.89,11
659714535#1,4918486759,4918486741,3,11.18,64.51,11
659714535#2,4918486741,42448329,3,11.18,10.67,11
660225519,6181480050,42434172,1,13.89,13.78,3
660225527#0,42434179,6181478374,4,11.18,7.65,12
660225527#1,6181478374,2348688907,4,11.18,22.57,12
660225529#0,6181478352,6181478376,1,13.89,202.93,3
660225529#1,6181478376,42444506,1,13.89,14.25,3
660225539#0,6181480009,42434172,5,27.78,6.51,12
660225539#1,42434172,6181479987,5,27.78,6.980000000000001,12
660225539#2,6181479987,6181478372,5,27.78,67.09,12
660225539#3,6181478372,42450044,5,27.78,11.7,12
660671382#0,42429735,10171219246,1,13.89,13.49,3
660671382#1,10171219246,8758287373,1,13.89,180.16,3
660671382#2,8758287373,4163940359,1,13.89,11.02,3
660671382#3,4163940359,2141026497,1,13.89,15.54,3
660671382#4,2141026497,8758345335,1,13.89,10.5,3
660671382#5,8758345335,10170875089,1,13.89,239.72,3
660671382#6,10170875089,3099327962,1,13.89,8.85,3
660671382#7,3099327962,42429727,1,13.89,15.3,3
661227257#0,7802856352,7802856370,2,11.18,9.08,11
661227257#1,7802856370,7802856343,2,11.18,6.04,11
661227257#10,7802856372,7802856374,2,11.18,7.12,11
661227257#11,7802856374,7802856347,2,11.18,64.97,11
661227257#12,7802856347,7802856356,2,11.18,7.35,11
661227257#13,7802856356,7802856358,2,11.18,7.06,11
661227257#14,7802856358,7802856357,2,11.18,64.88,11
661227257#15,7802856357,42435272,2,11.18,7.24,11
661227257#16,42435272,7802856350,2,11.18,7.24,11
661227257#17,7802856350,7106318844,2,11.18,68.04,11
661227257#18,7106318844,42435275,2,11.18,13.8,11
661227257#2,7802856343,7802856373,2,11.18,61.53,11
661227257#3,7802856373,7802856341,2,11.18,6.89,11
661227257#4,7802856341,7802856362,2,11.18,7.82,11
661227257#5,7802856362,7802856364,2,11.18,64.14,11
661227257#6,7802856364,7802856349,2,11.18,6.84,11
661227257#7,7802856349,7802856368,2,11.18,7.95,11
661227257#8,7802856368,7802856367,2,11.18,65.31,11
661227257#9,7802856367,7802856372,2,11.18,7.14,11
662161062#0,42433539,8279851186,1,11.18,10.41,3
662161062#1,8279851186,6369613297,1,11.18,46.71,3
662161062#2,6369613297,42453691,1,11.18,6.8,3
662161063#0,42435910,6139477288,1,11.18,7.43,3
662161063#1,6139477288,4158807596,1,11.18,66.58,3
662161063#2,4158807596,42437124,1,11.18,9.03,3
663499005#0,42451787,4296710222,1,11.18,14.72,3
663499005#1,4296710222,6804917581,1,11.18,35.1,3
663499005#2,6804917581,6804917575,1,11.18,98.14,3
663499005#3,6804917575,10165972531,1,11.18,70.57,3
663499005#4,10165972531,1692450029,1,11.18,11.54,3
663509704#0,6210448866,8214331019,3,11.18,15.88,11
663509704#1,8214331019,42436377,3,11.18,5.830000000000001,11
663509729#0,42436384,8288270292,2,11.18,7.44,11
663509729#1,8288270292,8288270309,2,11.18,72.11,11
663509729#2,8288270309,42436390,2,11.18,5.6,11
663509729#3,42436390,8288270308,2,11.18,6.98,11
663509729#4,8288270308,4207862996,2,11.18,43.26,11
663509731#0,4207862995,8288270293,4,11.18,31.14,11
663509731#1,8288270293,42436384,4,11.18,6.72,11
663543997#0,6210777831,10082626067,5,27.78,5.5,11
663543997#1,10082626067,42435714,5,27.78,10.66,11
663612299#0,6210777843,10073797563,1,13.89,3.04,3
663612299#1,10073797563,5481883907,1,13.89,137.33,3
663612299#2,5481883907,5481882139,1,13.89,31.01,3
663612299#3,5481882139,10173161019,1,13.89,80.23,3
663612299#4,10173161019,42445025,1,13.89,12.18,3
663612305,6210777838,42435680,1,13.89,10.66,3
663630710#0,6211332483,6211334191,1,11.18,4.5,3
663630710#1,6211334191,8307463659,1,11.18,9.48,3
663630710#2,8307463659,42429390,1,11.18,55.1,3
663634122#0,6211334202,6211527559,1,8.94,7.55,3
663634122#1,6211527559,6213204061,1,8.94,28.85,3
663634122#10,8307642106,42431805,1,8.94,6.8,3
663634122#11,42431805,8307642104,1,8.94,5.83,3
663634122#12,8307642104,8307642021,1,8.94,62.2,3
663634122#13,8307642021,42431804,1,8.94,5.96,3
663634122#2,6213204061,2076950450,1,8.94,31.43,3
663634122#3,2076950450,8307463832,1,8.94,35.42,3
663634122#4,8307463832,42431814,1,8.94,6.54,3
663634122#5,42431814,8307463831,1,8.94,6.0,3
663634122#6,8307463831,8307463875,1,8.94,63.41,3
663634122#7,8307463875,42431812,1,8.94,6.62,3
663634122#8,42431812,8307463874,1,8.94,5.75,3
663634122#9,8307463874,8307642106,1,8.94,62.65,3
663797737#0,42431804,8307642020,1,8.94,5.6,3
663797737#1,8307642020,4841945993,1,8.94,19.06,3
663797739#0,4841945993,8307642028,1,8.94,43.13,3
663797739#1,8307642028,42431802,1,8.94,5.98,3
663797741#0,9647705406,8309479091,2,11.18,36.7,3
663797741#1,8309479091,1692433907,2,11.18,8.59,3
663799681#0,6213204047,8309469095,1,11.18,2.14,3
663799681#1,8309469095,3891969467,1,11.18,2.85,3
663799681#2,3891969467,3891969471,1,11.18,46.54,3
663799681#3,3891969471,42430205,1,11.18,14.89,3
664660185,6221403710,42449689,4,11.18,18.85,11
664660189,1701844603,6166413694,1,22.22,73.85,9
664893483#0,42436728,9150563669,1,13.89,10.77,3
664893483#1,9150563669,5481907291,1,13.89,24.24,3
664893483#2,5481907291,42435810,1,13.89,231.34,3
664893484#0,42439868,10170874370,2,11.18,6.51,12
664893484#1,10170874370,10177607118,2,11.18,64.11,12
664893484#2,10177607118,42436728,2,11.18,8.31,12
664893484#3,42436728,10177607121,2,11.18,7.33,12
664893484#4,10177607121,10177600412,2,11.18,64.08,12
664893484#5,10177600412,42439864,2,11.18,8.38,12
664893484#6,42439864,10177600415,2,11.18,6.77,12
664893484#7,10177600415,4207716494,2,11.18,28.73,12
664893485#0,42435810,10171865587,2,11.18,7.18,11
664893485#1,10171865587,42435814,2,11.18,72.28,11
664893485#10,10171603021,10171599213,2,11.18,63.88,11
664893485#11,10171599213,42429538,2,11.18,7.22,11
664893485#12,42429538,10171599212,2,11.18,8.0,11
664893485#13,10171599212,10171603029,2,11.18,65.68,11
664893485#14,10171603029,42434113,2,11.18,5.93,11
664893485#15,42434113,10171603028,2,11.18,7.74,11
664893485#16,10171603028,10170605777,2,11.18,65.06,11
664893485#17,10170605777,42435837,2,11.18,6.3,11
664893485#18,42435837,10170605774,2,11.18,8.17,11
664893485#19,10170605774,10187641086,2,11.18,67.56,11
664893485#2,42435814,10705287274,2,11.18,71.65,11
664893485#20,10187641086,42435844,2,11.18,10.04,11
664893485#21,42435844,10187641085,2,11.18,10.18,11
664893485#22,10187641085,10170605783,2,11.18,68.5,11
664893485#23,10170605783,42435850,2,11.18,6.17,11
664893485#24,42435850,10170605787,2,11.18,8.03,11
664893485#25,10170605787,10170605805,2,11.18,64.87,11
664893485#26,10170605805,42435852,2,11.18,6.48,11
664893485#27,42435852,10170605801,2,11.18,7.85,11
664893485#28,10170605801,10166154753,2,11.18,65.34,11
664893485#29,10166154753,42435856,2,11.18,6.09,11
664893485#3,10705287274,1905863520,2,11.18,7.58,11
664893485#30,42435856,10166154755,2,11.18,7.64,11
664893485#31,10166154755,5378413082,2,11.18,32.64,11
664893485#32,5378413082,8008242771,2,11.18,32.33,11
664893485#33,8008242771,42435858,2,11.18,6.45,11
664893485#34,42435858,8008167305,2,11.18,7.86,11
664893485#35,8008167305,5378420476,2,11.18,31.48,11
664893485#36,5378420476,8008242770,2,11.18,33.78,11
664893485#37,8008242770,42433785,2,11.18,6.44,11
664893485#38,42433785,8008242769,2,11.18,7.29,11
664893485#39,8008242769,7594452129,2,11.18,36.9,11
664893485#4,1905863520,10705287271,2,11.18,6.27,11
664893485#40,7594452129,8008242768,2,11.18,26.83,11
664893485#41,8008242768,42435860,2,11.18,7.65,11
664893485#42,42435860,8008242767,2,11.18,8.31,11
664893485#43,8008242767,8008242694,2,11.18,64.33,11
664893485#44,8008242694,42435861,2,11.18,6.52,11
664893485#45,42435861,8008242766,2,11.18,7.13,11
664893485#46,8008242766,8008242702,2,11.18,65.83,11
664893485#47,8008242702,42435863,2,11.18,6.41,11
664893485#48,42435863,8008242701,2,11.18,7.61,11
664893485#49,8008242701,8008242710,2,11.18,64.75,11
664893485#5,10705287271,5481907293,2,11.18,67.39,11
664893485#50,8008242710,42435865,2,11.18,6.6,11
664893485#51,42435865,8008242709,2,11.18,8.91,11
664893485#52,8008242709,8008242718,2,11.18,64.72,11
664893485#53,8008242718,42434249,2,11.18,12.19,11
664893485#54,42434249,8008242717,2,11.18,13.17,11
664893485#55,8008242717,8008242726,2,11.18,64.26,11
664893485#56,8008242726,42435869,2,11.18,7.42,11
664893485#57,42435869,8008242725,2,11.18,7.51,11
664893485#58,8008242725,8008242735,2,11.18,64.83,11
664893485#59,8008242735,42435873,2,11.18,6.97,11
664893485#6,5481907293,10705254142,2,11.18,11.47,11
664893485#60,42435873,8008242734,2,11.18,8.16,11
664893485#61,8008242734,8008242743,2,11.18,64.61,11
664893485#62,8008242743,42435876,2,11.18,6.56,11
664893485#63,42435876,8008242742,2,11.18,8.33,11
664893485#64,8008242742,8008242751,2,11.18,63.94,11
664893485#65,8008242751,42434308,2,11.18,6.97,11
664893485#66,42434308,8008242750,2,11.18,7.9,11
664893485#67,8008242750,42435880,2,11.18,34.83,11
664893485#68,42435880,8008242760,2,11.18,33.04,11
664893485#69,8008242760,42435881,2,11.18,6.74,11
664893485#7,10705254142,10171603022,2,11.18,58.74,11
664893485#70,42435881,8008242759,2,11.18,7.58,11
664893485#71,8008242759,8008242779,2,11.18,64.6,11
664893485#72,8008242779,42435885,2,11.18,7.13,11
664893485#73,42435885,8008242778,2,11.18,7.32,11
664893485#74,8008242778,8008242786,2,11.18,64.91,11
664893485#75,8008242786,42435891,2,11.18,7.01,11
664893485#76,42435891,8008242785,2,11.18,7.66,11
664893485#77,8008242785,8008242794,2,11.18,64.56,11
664893485#78,8008242794,42435894,2,11.18,7.29,11
664893485#79,42435894,8008242793,2,11.18,6.97,11
664893485#8,10171603022,42435825,2,11.18,9.78,11
664893485#80,8008242793,8008242802,2,11.18,65.62,11
664893485#81,8008242802,42435898,2,11.18,6.5,11
664893485#82,42435898,8008242801,2,11.18,8.12,11
664893485#83,8008242801,7670739115,2,11.18,52.57,11
664893485#84,7670739115,8008242809,2,11.18,14.6,11
664893485#85,8008242809,589927879,2,11.18,10.5,11
664893485#86,589927879,8008242813,2,11.18,10.47,11
664893485#87,8008242813,9520382031,2,11.18,31.84,11
664893485#88,9520382031,9520381969,2,11.18,61.1,11
664893485#89,9520381969,5691974669,2,11.18,5.33,11
664893485#9,42435825,10171603021,2,11.18,10.54,11
664893485#90,5691974669,9520382020,2,11.18,20.33,11
664893485#91,9520382020,42424576,2,11.18,41.73,11
664893486#0,42435810,10171865589,1,13.89,12.38,3
664893486#1,10171865589,10171865579,1,13.89,98.65,3
664893486#10,10171069516,42436739,1,13.89,17.36,3
664893486#2,10171865579,42432932,1,13.89,12.66,3
664893486#3,42432932,10171865582,1,13.89,12.74,3
664893486#4,10171865582,42427519,1,13.89,57.1,3
664893486#5,42427519,10171069507,1,13.89,78.16,3
664893486#6,10171069507,42436734,1,13.89,9.67,3
664893486#7,42436734,10171069510,1,13.89,9.79,3
664893486#8,10171069510,7590761559,1,13.89,83.4,3
664893486#9,7590761559,10171069516,1,13.89,87.29,3
664903778,6223571521,6223571522,1,22.22,19.19,7
664903779,6223571523,6223571524,1,22.22,19.12,7
665503121#0,42444835,4301308507,1,8.94,9.13,3
665503121#1,4301308507,3239828790,1,8.94,110.97,3
665503121#2,3239828790,4301308523,1,8.94,45.13,3
665503121#3,4301308523,3884582051,1,8.94,32.22,3
665503121#4,3884582051,42444837,1,8.94,7.08,3
666752576#0,42438784,3670742441,1,11.18,9.98,3
666752576#1,3670742441,3670742474,1,11.18,74.64,3
666752576#2,3670742474,42428493,1,11.18,10.85,3
667344132#0,42438785,5148103559,1,11.18,4.63,3
667344132#1,5148103559,5148103562,1,11.18,67.22,3
667344132#2,5148103562,42431491,1,11.18,4.08,3
667597422#0,42445879,10179045676,2,11.18,6.07,11
667597422#1,10179045676,4276517115,2,11.18,64.76,11
667597422#2,4276517115,42429876,2,11.18,7.09,11
668153180#0,6216836461,6257070569,1,13.89,5.0,3
668153180#1,6257070569,6216836414,1,13.89,48.72,3
668153180#2,6216836414,42448283,1,13.89,11.67,3
669157624,6266152785,6137509877,2,17.88,162.95,14
669610146,60927819,2797042863,1,27.78,79.61,11
669657396,3569749129,595105581,3,11.18,20.35,12
669685948#0,42429844,8276468601,2,11.18,5.68,12
669685948#1,8276468601,6133374846,2,11.18,16.64,12
669779837,561035353,42428912,1,13.89,17.66,3
670519221,6279091713,42435624,1,11.18,8.16,11
670988060#0,42442957,10168544053,5,11.18,7.110000000000001,12
670988060#1,10168544053,10168544038,5,11.18,65.08,12
670988060#2,10168544038,42436710,5,11.18,9.0,12
670988060#3,42436710,10168544039,5,11.18,8.79,12
670988060#4,10168544039,9496073807,5,11.18,51.38000000000001,12
671201389#0,6123654602,7641718035,3,11.18,44.87,13
671201389#1,7641718035,42440810,3,11.18,7.849999999999999,13
671202178#0,1061531777,9904570978,4,11.18,9.86,12
671202178#1,9904570978,7515977396,4,11.18,74.25,12
671202178#2,7515977396,1061531509,4,11.18,9.66,12
671208356#0,42456598,10125156113,3,11.18,11.54,3
671208356#1,10125156113,10125156115,3,11.18,97.96999999999998,3
671208357#0,596775941,10166509651,3,11.18,8.83,12
671208357#1,10166509651,10125227997,3,11.18,65.3,12
671208357#2,10125227997,596775935,3,11.18,12.94,12
671208358#0,42456598,10125227994,3,11.18,8.86,12
671208358#1,10125227994,7788529772,3,11.18,65.4,12
671208358#10,10125227969,10125227971,3,11.18,65.94,12
671208358#11,10125227971,42459114,3,11.18,6.3,12
671208358#12,42459114,10125227974,3,11.18,7.849999999999999,12
671208358#13,10125227974,10125227976,3,11.18,64.56,12
671208358#14,10125227976,42429974,3,11.18,7.19,12
671208358#15,42429974,10125227980,3,11.18,7.96,12
671208358#16,10125227980,10125227981,3,11.18,64.15,12
671208358#17,10125227981,42431652,3,11.18,7.53,12
671208358#18,42431652,10125227985,3,11.18,6.97,12
671208358#19,10125227985,10125112349,3,11.18,65.07,12
671208358#2,7788529772,42448317,3,11.18,7.21,12
671208358#20,10125112349,42455666,3,11.18,8.19,12
671208358#21,42455666,10125112348,3,11.18,7.3,12
671208358#22,10125112348,10125112339,3,11.18,65.08,12
671208358#23,10125112339,42447230,3,11.18,7.0,12
671208358#3,42448317,7788529758,3,11.18,8.73,12
671208358#4,7788529758,10125227993,3,11.18,63.79,12
671208358#5,10125227993,6177439750,3,11.18,8.52,12
671208358#6,6177439750,10125227990,3,11.18,7.27,12
671208358#7,10125227990,10125227965,3,11.18,65.28,12
671208358#8,10125227965,42436514,3,11.18,7.29,12
671208358#9,42436514,10125227969,3,11.18,7.32,12
671212509#0,42432444,10168841819,3,27.78,7.239999999999999,11
671212509#1,10168841819,10168825903,3,27.78,63.39000000000001,11
671212509#2,10168825903,42446949,3,27.78,7.239999999999999,11
671593547#0,42452814,6181708478,1,13.89,12.85,3
671593547#1,6181708478,6185200493,1,13.89,204.18,3
671593547#2,6185200493,42443050,1,13.89,11.43,3
671832298#0,3099327950,7004411493,1,13.89,8.99,3
671832298#1,7004411493,5481882789,1,13.89,39.76,3
671832298#2,5481882789,5481882795,1,13.89,140.95,3
671832298#3,5481882795,8758345338,1,13.89,57.89,3
671832298#4,8758345338,2141026498,1,13.89,10.45,3
671832299,42453220,3099327950,1,13.89,14.64,3
671845942#0,42432900,10127369907,1,11.18,10.99,11
671845942#1,10127369907,10171219247,1,11.18,74.86,11
671845942#2,10171219247,42429735,1,11.18,7.72,11
672746385,2821304142,4143875757,2,11.18,26.49,11
674686230#0,3564892571,9469550703,1,11.18,4.88,11
674686230#1,9469550703,8310246351,1,11.18,19.82,11
674686230#2,8310246351,42444909,1,11.18,7.3,11
675967321#0,42437589,7641718026,2,11.18,8.65,12
675967321#1,7641718026,9929805721,2,11.18,125.55,12
675967321#2,9929805721,42437580,2,11.18,7.1,12
675967321#3,42437580,4202950101,2,11.18,6.69,12
675967322#0,42437589,5805243784,1,11.18,10.79,11
675967322#1,5805243784,9512791614,1,11.18,34.56,11
676028733#0,6331080434,3686061889,1,11.18,7.9,3
676028733#1,3686061889,42451018,1,11.18,7.26,3
676028734#0,5785120648,8429186165,1,11.18,11.67,3
676028734#1,8429186165,3601295706,1,11.18,27.71,3
676028734#2,3601295706,1814477457,1,11.18,45.08,3
676028734#3,1814477457,8228267413,1,11.18,47.07,3
677067769#0,8261122305,11137273982,1,2.78,156.0,2
677067769#1,11137273982,8261122509,1,2.78,90.39,2
679616406#0,9166213997,6363741701,2,27.78,15.24,12
679616406#1,6363741701,1829177258,2,27.78,54.82,12
679616406#2,1829177258,60929091,2,27.78,8.8,12
679616478#0,6363741213,9569882301,1,27.78,29.85,11
679616478#1,9569882301,42442684,1,27.78,9.79,11
680889022#0,1769485254,9561126012,2,27.78,75.55,12
680889022#1,9561126012,1544809885,2,27.78,9.6,12
680889023#0,42429704,9561126010,3,27.78,9.52,12
680889023#1,9561126010,42429255,3,27.78,75.99,12
680889661,1544809872,1769485254,2,27.78,82.34,12
680889662,42427507,1544809872,1,13.89,21.86,3
680889663#0,42429255,9561125963,2,27.78,72.79,12
680889663#1,9561125963,42427507,2,27.78,8.72,12
681042530,62915536,11017187935,1,27.78,20.41,11
681042531#0,62915536,62915521,4,13.41,66.4,13
681042531#1,62915521,247122969,4,13.41,3.32,13
681042531#2,247122969,11017186437,4,13.41,9.87,13
681061718,42437612,1918039864,2,11.18,16.36,12
681061719#0,1773082408,8231896506,1,11.18,9.45,3
681061719#1,8231896506,8231896507,1,11.18,103.33,3
681061719#2,8231896507,42432083,1,11.18,11.43,3
681061720#0,42432082,8231909749,2,11.18,45.57,12
681061720#1,8231909749,42437608,2,11.18,7.26,12
681064391,1918039880,4202908170,3,11.18,5.47,12
681681780#0,2141026494,8758345324,1,13.89,10.97,3
681681780#1,8758345324,10170797794,1,13.89,235.36,3
681681780#2,10170797794,3099327940,1,13.89,12.71,3
681681782,42436003,2141026494,1,13.89,15.08,3
681691020,6384024881,6511274595,1,13.41,244.28,9
68196311#0,42427133,9566927276,1,27.78,10.31,11
68196311#1,9566927276,2869154557,1,27.78,86.43,11
68196311#2,2869154557,2499827795,1,27.78,17.49,11
68196311#3,2499827795,595352889,1,27.78,25.02,11
68196312#0,11107581284,9569897422,2,11.18,27.08,11
68196312#1,9569897422,2499803009,2,11.18,15.36,11
68196317#0,42433043,7604384233,1,11.18,6.61,11
68196317#1,7604384233,2499757472,1,11.18,49.26,11
68196323#0,42433027,9569897424,1,27.78,15.9,11
68196323#1,9569897424,2499803004,1,27.78,11.0,11
68196323#2,2499803004,9566927279,1,27.78,93.55,11
68196323#3,9566927279,561035380,1,27.78,13.02,11
68196325#0,42427133,9566927275,1,27.78,10.46,11
68196325#1,9566927275,5552273903,1,27.78,57.16,11
682278650#0,42427824,8261122843,1,11.18,13.61,4
682278650#1,8261122843,6856689988,1,11.18,149.39,4
682278650#2,6856689988,11133516786,1,11.18,38.49,4
682278650#3,11133516786,9143574639,1,11.18,15.52,4
682359027,11017186436,4215913811,4,13.41,31.72,13
682359028,61275601,11017186436,1,13.89,19.7,3
682359029#0,11017186437,7588050921,4,13.41,55.66,13
682359029#1,7588050921,61275601,4,13.41,23.55,13
682359868,42455929,248708582,2,11.18,23.15,12
682360554#0,42428297,6597464486,4,11.18,9.23,11
682360554#1,6597464486,3974095829,4,11.18,60.77,11
682360554#2,3974095829,42439984,4,11.18,9.89,11
682470409#0,7480515817,7830788116,1,11.18,152.05,3
682470409#1,7830788116,5799766717,1,11.18,8.98,3
682470409#2,5799766717,7830788117,1,11.18,10.06,3
682470409#3,7830788117,7480515823,1,11.18,181.81,3
682470409#4,7480515823,4121409402,1,11.18,12.05,3
682850452,42448570,9609713318,1,11.18,18.07,10
68314094#0,42423174,7926756854,3,22.22,49.09,9
68314094#1,7926756854,42423189,3,22.22,12.76,9
68325061#0,8666573688,247119422,5,13.41,53.94,13
68325061#1,247119422,42453541,5,13.41,13.3,13
68325062#0,42448563,8307641955,2,11.18,12.17,10
68325062#1,8307641955,8307641948,2,11.18,127.65,10
68325062#2,8307641948,42436371,2,11.18,9.1,10
68325065#0,4478001045,5783020907,2,11.18,7.99,12
68325065#1,5783020907,9181587101,2,11.18,37.96,12
68325075,427841052,427841057,2,39.44,89.34,14
68325078,60918686,595464616,2,39.44,116.97,14
68325079#0,4207932665,10168212456,2,27.78,153.55,12
68325079#1,10168212456,42437371,2,27.78,13.62,12
68325086,60918736,595464704,3,20.12,69.86,14
68325104#0,246650510,247073541,3,13.410000000000002,12.47,13
68325104#1,247073541,247073284,3,13.410000000000002,60.62,13
68325104#2,247073284,4899886584,3,13.410000000000002,13.35,13
68506901#0,61275380,247128814,4,13.41,11.69,13
68506901#1,247128814,61273004,4,13.41,76.48,13
68506902,9140924713,42424218,5,13.41,76.53,13
68506907,4215913813,61275380,5,13.41,50.89,13
68518745#0,823952247,595352906,1,27.78,41.51,11
68518745#1,595352906,761293090,1,27.78,59.96,11
68518745#2,761293090,761329683,1,27.78,15.16,11
68518745#3,761329683,587934263,1,27.78,34.78,11
68518745#4,587934263,587934268,1,27.78,54.15,11
68518746#0,761323191,9935945726,1,27.78,17.02,11
68518746#1,9935945726,761293078,1,27.78,11.04,11
685336387#0,42443066,2947964867,1,8.94,13.39,3
685336387#1,2947964867,6216628258,1,8.94,190.73,3
685336387#2,6216628258,42450055,1,8.94,12.48,3
685336387#3,42450055,4970497088,1,8.94,13.26,3
685336387#4,4970497088,7779544999,1,8.94,133.06,3
685336387#5,7779544999,42447179,1,8.94,9.02,3
686125780#0,42445236,10122943666,4,27.78,5.56,12
686125780#1,10122943666,3562587899,4,27.78,68.46,12
686125780#2,3562587899,42436486,4,27.78,11.54,12
686125781#0,42447235,5542680301,1,11.18,14.16,11
686125781#1,5542680301,10125139625,1,11.18,130.04,11
686125781#10,42445976,2792787021,1,11.18,11.43,11
686125781#11,2792787021,10171007664,1,11.18,0.96,11
686125781#12,10171007664,2792787020,1,11.18,131.95,11
686125781#13,2792787020,42447228,1,11.18,11.06,11
686125781#2,10125139625,42447069,1,11.18,10.54,11
686125781#3,42447069,10125139624,1,11.18,9.99,11
686125781#4,10125139624,10125112335,1,11.18,126.82,11
686125781#5,10125112335,42447230,1,11.18,11.26,11
686125781#6,42447230,596775979,1,11.18,17.35,11
686125781#7,596775979,10125112334,1,11.18,9.95,11
686125781#8,10125112334,2792787027,1,11.18,126.52,11
686125781#9,2792787027,42445976,1,11.18,10.46,11
686125782#0,42447230,10125112337,3,11.18,7.11,12
686125782#1,10125112337,10125112344,3,11.18,64.88,12
686125782#10,7160272386,10122943677,3,11.18,65.47,12
686125782#11,10122943677,42429685,3,11.18,6.55,12
686125782#12,42429685,10122943674,3,11.18,7.69,12
686125782#13,10122943674,10125222339,3,11.18,65.13,12
686125782#14,10125222339,42445230,3,11.18,8.33,12
686125782#15,42445230,10125222337,3,11.18,5.73,12
686125782#16,10125222337,4207313524,3,11.18,67.64,12
686125782#17,4207313524,42436481,3,11.18,12.22,12
686125782#18,42436481,4207313532,3,11.18,12.39,12
686125782#19,4207313532,10167967045,3,11.18,68.13,12
686125782#2,10125112344,42437428,3,11.18,7.57,12
686125782#20,10167967045,42438795,3,11.18,6.400000000000001,12
686125782#21,42438795,10125222333,3,11.18,7.11,12
686125782#22,10125222333,10167967060,3,11.18,66.2,12
686125782#23,10167967060,42439557,3,11.18,6.760000000000001,12
686125782#24,42439557,10125222332,3,11.18,7.72,12
686125782#25,10125222332,10173084330,3,11.18,66.23,12
686125782#26,10173084330,42430056,3,11.18,6.88,12
686125782#27,42430056,10125222325,3,11.18,7.66,12
686125782#28,10125222325,10173084343,3,11.18,66.0,12
686125782#29,10173084343,42454691,3,11.18,7.080000000000001,12
686125782#3,42437428,8835701414,3,11.18,7.010000000000001,12
686125782#30,42454691,10125222319,3,11.18,7.18,12
686125782#31,10125222319,10125222324,3,11.18,66.44,12
686125782#32,10125222324,42446461,3,11.18,7.86,12
686125782#33,42446461,10125222317,3,11.18,7.27,12
686125782#34,10125222317,7160238585,3,11.18,65.73,12
686125782#35,7160238585,42436914,3,11.18,6.07,12
686125782#36,42436914,7160238604,3,11.18,7.87,12
686125782#37,7160238604,10122937138,3,11.18,67.88,12
686125782#38,10122937138,42459137,3,11.18,11.729999999999999,12
686125782#39,42459137,10125180316,3,11.18,13.57,12
686125782#4,8835701414,8835701398,3,11.18,65.33,12
686125782#40,10125180316,9563518599,3,11.18,67.06,12
686125782#41,9563518599,42438490,3,11.18,6.69,12
686125782#42,42438490,9563518594,3,11.18,7.5,12
686125782#43,9563518594,10125180313,3,11.18,66.9,12
686125782#44,10125180313,42452954,3,11.18,6.69,12
686125782#45,42452954,10125180309,3,11.18,8.09,12
686125782#46,10125180309,3341912576,3,11.18,65.37,12
686125782#47,3341912576,42439395,3,11.18,6.88,12
686125782#48,42439395,10125180308,3,11.18,7.55,12
686125782#49,10125180308,10156669070,3,11.18,66.38,12
686125782#5,8835701398,42431677,3,11.18,6.760000000000001,12
686125782#50,10156669070,42448216,3,11.18,6.53,12
686125782#51,42448216,10125180301,3,11.18,7.75,12
686125782#52,10125180301,10125180306,3,11.18,65.73,12
686125782#53,10125180306,42435504,3,11.18,7.099999999999999,12
686125782#54,42435504,10125180297,3,11.18,7.38,12
686125782#55,10125180297,8782897305,3,11.18,66.03,12
686125782#56,8782897305,42458766,3,11.18,6.34,12
686125782#57,42458766,8782927422,3,11.18,8.18,12
686125782#58,8782927422,7924099766,3,11.18,66.78,12
686125782#59,7924099766,42429330,3,11.18,12.71,12
686125782#6,42431677,8835701374,3,11.18,7.28,12
686125782#60,42429330,7924099717,3,11.18,12.25,12
686125782#61,7924099717,7924099787,3,11.18,66.03,12
686125782#62,7924099787,42454192,3,11.18,7.330000000000001,12
686125782#63,42454192,7924099780,3,11.18,7.419999999999999,12
686125782#64,7924099780,7924099700,3,11.18,65.16,12
686125782#65,7924099700,42445736,3,11.18,7.11,12
686125782#66,42445736,7924099770,3,11.18,7.53,12
686125782#67,7924099770,7160238602,3,11.18,65.18,12
686125782#68,7160238602,42436541,3,11.18,7.18,12
686125782#69,42436541,7160238611,3,11.18,7.010000000000001,12
686125782#7,8835701374,7160272385,3,11.18,65.0,12
686125782#70,7160238611,7158854768,3,11.18,65.44,12
686125782#71,7158854768,42444812,3,11.18,6.45,12
686125782#72,42444812,7158854740,3,11.18,8.02,12
686125782#73,7158854740,7158854720,3,11.18,64.91,12
686125782#74,7158854720,42456578,3,11.18,7.900000000000001,12
686125782#75,42456578,7158854709,3,11.18,7.06,12
686125782#76,7158854709,7158854730,3,11.18,65.1,12
686125782#77,7158854730,42448729,3,11.18,6.07,12
686125782#78,42448729,7158854749,3,11.18,7.86,12
686125782#79,7158854749,7158854731,3,11.18,65.52,12
686125782#8,7160272385,42455694,3,11.18,6.98,12
686125782#80,7158854731,42452812,3,11.18,7.2,12
686125782#81,42452812,7158854754,3,11.18,7.34,12
686125782#82,7158854754,7093532784,3,11.18,65.04,12
686125782#83,7093532784,42444491,3,11.18,6.8,12
686125782#84,42444491,7093620692,3,11.18,7.71,12
686125782#85,7093620692,7093620696,3,11.18,65.39,12
686125782#86,7093620696,42434168,3,11.18,7.19,12
686125782#9,42455694,7160272386,3,11.18,7.169999999999999,12
686125784,5550244687,8750047669,5,11.18,41.85,12
686125787#0,42431659,10170658699,5,11.18,6.5,12
686125787#1,10170658699,8112585811,5,11.18,65.63,12
686125787#2,8112585811,42429981,5,11.18,8.91,12
686125787#3,42429981,10166384594,5,11.18,8.65,12
686125787#4,10166384594,9496052477,5,11.18,45.93,12
686125790#0,42447235,10166860020,4,27.78,6.82,12
686125790#1,10166860020,5542680308,4,27.78,1.64,12
686125790#10,42449991,6747157050,4,27.78,7.95,12
686125790#11,6747157050,6747157046,4,27.78,64.38,12
686125790#12,6747157046,42429690,4,27.78,6.77,12
686125790#2,5542680308,10166238427,4,27.78,63.83,12
686125790#3,10166238427,42437436,4,27.78,7.35,12
686125790#4,42437436,10166238430,4,27.78,7.24,12
686125790#5,10166238430,6670248394,4,27.78,65.64,12
686125790#6,6670248394,42431680,4,27.78,7.12,12
686125790#7,42431680,6670248391,4,27.78,7.56,12
686125790#8,6670248391,6747157048,4,27.78,65.01,12
686125790#9,6747157048,42449991,4,27.78,6.75,12
68668516#0,42427327,8231927644,2,11.18,8.26,11
68668516#1,8231927644,8231927647,2,11.18,35.1,11
68668516#2,8231927647,42432165,2,11.18,9.36,11
68668517#0,42444458,4980798211,1,27.78,12.13,11
68668517#1,4980798211,10169411274,1,27.78,66.34,11
68668517#2,10169411274,42434131,1,27.78,9.01,11
68668518,5843576975,4215812470,2,11.18,63.46,11
68668519#0,42430292,10168911589,5,11.18,7.040000000000001,11
68668519#1,10168911589,9051115967,5,11.18,19.21,11
68668521#0,4207683795,5356470560,2,11.18,20.82,11
68668521#1,5356470560,5356470555,2,11.18,66.77,11
68668521#2,5356470555,7134524482,2,11.18,23.46,11
68668521#3,7134524482,5684427051,2,11.18,30.81,11
68668521#4,5684427051,9832349990,2,11.18,14.82,11
68668522#0,42448326,6795524043,1,11.18,13.77,11
68668522#1,6795524043,6293701619,1,11.18,88.74,11
68668522#2,6293701619,4918486739,1,11.18,103.87,11
68668522#3,4918486739,42448329,1,11.18,13.7,11
68668523#0,42433066,5403873761,1,11.18,10.56,11
68668523#1,5403873761,5403873759,1,11.18,56.63,11
68668523#10,5403873748,5403873745,1,11.18,59.17,11
68668523#11,5403873745,42433075,1,11.18,8.48,11
68668523#12,42433075,5403873746,1,11.18,8.87,11
68668523#13,5403873746,5403868155,1,11.18,70.63,11
68668523#14,5403868155,42433077,1,11.18,7.36,11
68668523#15,42433077,5403868154,1,11.18,7.41,11
68668523#16,5403868154,5403868150,1,11.18,70.7,11
68668523#17,5403868150,42433080,1,11.18,8.51,11
68668523#18,42433080,5403868152,1,11.18,9.56,11
68668523#19,5403868152,5403868147,1,11.18,63.17,11
68668523#2,5403873759,42433068,1,11.18,5.75,11
68668523#20,5403868147,42433097,1,11.18,6.44,11
68668523#21,42433097,5403868145,1,11.18,7.31,11
68668523#22,5403868145,5403868143,1,11.18,65.25,11
68668523#23,5403868143,42433107,1,11.18,6.8,11
68668523#24,42433107,5403868144,1,11.18,7.19,11
68668523#25,5403868144,5403868138,1,11.18,60.28,11
68668523#26,5403868138,42433115,1,11.18,8.5,11
68668523#3,42433068,5403873757,1,11.18,7.81,11
68668523#4,5403873757,5403873754,1,11.18,61.53,11
68668523#5,5403873754,42433069,1,11.18,8.34,11
68668523#6,42433069,5403873752,1,11.18,10.14,11
68668523#7,5403873752,5403873750,1,11.18,57.9,11
68668523#8,5403873750,42433072,1,11.18,6.64,11
68668523#9,42433072,5403873748,1,11.18,8.6,11
68668524#0,4888399301,9906887427,2,11.18,132.78,11
68668524#1,9906887427,3785451353,2,11.18,2.74,11
68668524#2,3785451353,42451744,2,11.18,11.4,11
68668526#0,42440743,4161568336,1,11.18,12.03,11
68668526#1,4161568336,9882223234,1,11.18,63.45,11
68668526#2,9882223234,9882223232,1,11.18,85.84,11
68668526#3,9882223232,4298757077,1,11.18,41.71,11
68668526#4,4298757077,42439006,1,11.18,9.87,11
68668527#0,42435499,2238282279,3,11.18,7.11,11
68668527#1,2238282279,3392519831,3,11.18,66.03,11
68668527#2,3392519831,42446036,3,11.18,7.16,11
68668527#3,42446036,3392519863,3,11.18,8.3,11
68668527#4,3392519863,3392519869,3,11.18,66.46,11
68668527#5,3392519869,42429324,3,11.18,12.82,11
68668529#0,9971314370,6298391914,3,11.18,33.23,12
68668529#1,6298391914,3932847294,3,11.18,21.69,12
68668529#2,3932847294,42445390,3,11.18,13.53,12
68668532#0,42449187,3392519835,3,11.18,7.32,11
68668532#1,3392519835,2238282394,3,11.18,62.94,11
68668532#10,3392519846,3392519843,3,11.18,66.43,11
68668532#11,3392519843,42452951,3,11.18,7.82,11
68668532#12,42452951,3341858521,3,11.18,5.760000000000001,11
68668532#13,3341858521,3341915090,3,11.18,66.65,11
68668532#14,3341915090,42438485,3,11.18,8.31,11
68668532#15,42438485,3341915089,3,11.18,5.45,11
68668532#16,3341915089,5618091325,3,11.18,2.82,11
68668532#17,5618091325,7785624675,3,11.18,15.17,11
68668532#18,7785624675,7076310729,3,11.18,6.0,11
68668532#19,7076310729,7076310731,3,11.18,16.84,11
68668532#2,2238282394,42435497,3,11.18,9.32,11
68668532#20,7076310731,3278932311,3,11.18,28.27,11
68668532#21,3278932311,42440397,3,11.18,14.07,11
68668532#3,42435497,2238282383,3,11.18,9.35,11
68668532#4,2238282383,3392519826,3,11.18,65.46,11
68668532#5,3392519826,42448203,3,11.18,7.5,11
68668532#6,42448203,3392519824,3,11.18,6.7,11
68668532#7,3392519824,3392519828,3,11.18,66.73,11
68668532#8,3392519828,42439389,3,11.18,7.36,11
68668532#9,42439389,3392519846,3,11.18,6.38,11
68668533#0,42428653,8709392078,2,11.18,10.41,11
68668533#1,8709392078,8727756097,2,11.18,81.92,11
68668533#2,8727756097,42431019,2,11.18,12.93,11
68668533#3,42431019,8727756101,2,11.18,11.64,11
68668533#4,8727756101,9906904523,2,11.18,87.2,11
68668534#0,42438704,10171231551,3,11.18,7.87,11
68668534#1,10171231551,10170762176,3,11.18,67.18,11
68668534#2,10170762176,42444453,3,11.18,11.15,11
68668536#0,42446386,247122524,4,13.41,10.62,13
68668536#1,247122524,42453564,4,13.41,59.06,13
68668536#2,42453564,11017186436,4,13.41,10.71,13
68668537#0,42431452,3670742472,2,11.18,7.66,12
68668537#1,3670742472,3670742447,2,11.18,66.11,12
68668537#2,3670742447,42437018,2,11.18,7.32,12
68668537#3,42437018,3670742479,2,11.18,8.53,12
68668537#4,3670742479,4597668019,2,11.18,42.01,12
68668538#0,42444452,7004469480,3,27.78,11.47,11
68668538#1,7004469480,4207764479,3,27.78,32.76,11
68668539#0,42427316,8307641564,1,11.18,12.46,11
68668539#1,8307641564,3316533507,1,11.18,35.64,11
68668539#2,3316533507,8307641574,1,11.18,32.61,11
68668539#3,8307641574,42427319,1,11.18,5.61,11
68668539#4,42427319,8307641573,1,11.18,9.24,11
68668539#5,8307641573,10168800620,1,11.18,17.27,11
68668539#6,10168800620,42427322,1,11.18,5.66,11
68668539#7,42427322,10168800618,1,11.18,6.09,11
68668539#8,10168800618,8307641674,1,11.18,99.92,11
68668539#9,8307641674,42427324,1,11.18,10.12,11
68668540#0,42430607,8261122308,2,11.18,13.7,12
68668540#1,8261122308,9423683692,2,11.18,74.25,12
68668540#2,9423683692,9423683689,2,11.18,7.97,12
68668540#3,9423683689,8585752285,2,11.18,5.1,12
68668540#4,8585752285,6656308648,2,11.18,47.34,12
68668541#0,42434268,8265964351,3,11.18,7.06,11
68668541#1,8265964351,7781098559,3,11.18,63.43,11
68668541#2,7781098559,42443671,3,11.18,7.64,11
68668541#3,42443671,7781138986,3,11.18,7.36,11
68668541#4,7781138986,8265964369,3,11.18,29.209999999999997,11
68668542,42446797,1764626357,2,27.78,9.77,12
68668543#0,42448278,6216836407,2,11.18,11.16,10
68668543#1,6216836407,5482321447,2,11.18,81.77,10
68668543#2,5482321447,4980851585,2,11.18,109.98,10
68668543#3,4980851585,42456115,2,11.18,12.56,10
68668544#0,42429324,3392519870,3,11.18,12.53,11
68668544#1,3392519870,7924099756,3,11.18,65.46,11
68668544#10,5306314424,6949740442,3,11.18,13.339999999999998,11
68668544#11,6949740442,6949740430,3,11.18,36.58,11
68668544#12,6949740430,5306313718,3,11.18,15.300000000000002,11
68668544#13,5306313718,42444810,3,11.18,6.19,11
68668544#14,42444810,5306313694,3,11.18,7.87,11
68668544#15,5306313694,6270714161,3,11.18,65.54,11
68668544#16,6270714161,42446066,3,11.18,7.739999999999999,11
68668544#17,42446066,6270714163,3,11.18,6.59,11
68668544#18,6270714163,7093725099,3,11.18,65.16,11
68668544#19,7093725099,42446070,3,11.18,6.5,11
68668544#2,7924099756,42446041,3,11.18,7.61,11
68668544#20,42446070,7093725091,3,11.18,7.12,11
68668544#21,7093725091,7093725097,3,11.18,66.03,11
68668544#22,7093725097,42446072,3,11.18,6.96,11
68668544#23,42446072,7093725086,3,11.18,7.87,11
68668544#24,7093725086,7093620715,3,11.18,65.1,11
68668544#25,7093620715,42444487,3,11.18,6.45,11
68668544#26,42444487,7093620694,3,11.18,7.32,11
68668544#27,7093620694,6270666550,3,11.18,65.51,11
68668544#28,6270666550,42434166,3,11.18,7.150000000000001,11
68668544#29,42434166,6270666554,3,11.18,6.93,11
68668544#3,42446041,7924099714,3,11.18,7.21,11
68668544#30,6270666554,7075509771,3,11.18,66.97,11
68668544#31,7075509771,42446086,3,11.18,11.83,11
68668544#4,7924099714,5306314428,3,11.18,65.07,11
68668544#5,5306314428,42445733,3,11.18,7.56,11
68668544#6,42445733,5306314432,3,11.18,7.419999999999999,11
68668544#7,5306314432,5306314421,3,11.18,64.75,11
68668544#8,5306314421,42436539,3,11.18,7.12,11
68668544#9,42436539,5306314424,3,11.18,7.599999999999999,11
68668546#0,42433574,8231922382,1,11.18,5.83,11
68668546#1,8231922382,8231922378,1,11.18,64.2,11
68668546#2,8231922378,42452040,1,11.18,6.57,11
68668546#3,42452040,8231922375,1,11.18,5.75,11
68668546#4,8231922375,9513049127,1,11.18,46.95,11
68668548#0,5266458373,7732571914,2,27.78,107.77,12
68668548#1,7732571914,42438066,2,27.78,17.63,12
68668548#2,42438066,10049953217,2,27.78,0.83,12
68668548#3,10049953217,7732571915,2,27.78,18.37,12
68668549#0,42433743,7784826665,1,27.78,11.19,11
68668549#1,7784826665,5481882807,1,27.78,41.45,11
68668549#2,5481882807,7024230434,1,27.78,168.94,11
68668549#3,7024230434,7801821428,1,27.78,10.11,11
68668549#4,7801821428,4016646214,1,27.78,9.8,11
68668550#0,42428931,9703359671,2,11.18,8.78,11
68668550#1,9703359671,6878336548,2,11.18,39.68,11
68668550#2,6878336548,42434264,2,11.18,87.71,11
68668551#0,4202960389,4918486769,2,11.18,34.83,11
68668551#1,4918486769,42424672,2,11.18,13.69,11
68668552#0,42429874,8264701245,4,11.18,7.42,11
68668552#1,8264701245,7372860100,4,11.18,44.69,11
68668553#0,42436327,5490721614,3,11.18,12.06,11
68668553#1,5490721614,42436330,3,11.18,29.13,11
68668554#0,42446086,7075509774,4,11.18,13.61,11
68668554#1,7075509774,7086831274,4,11.18,66.96,11
68668554#2,7086831274,42446093,4,11.18,7.24,11
68668555#0,4205805398,7801775755,2,27.78,27.34,11
68668555#1,7801775755,42428714,2,27.78,9.39,11
68668556#0,42435422,9414480640,1,11.18,8.25,11
68668556#1,9414480640,10168911569,1,11.18,62.61,11
68668556#2,10168911569,42435420,1,11.18,9.21,11
68668557#0,2711029280,10170862029,3,11.18,13.69,11
68668557#1,10170862029,7248638331,3,11.18,191.19999999999996,11
68668557#2,7248638331,42432871,3,11.18,13.81,11
68668558#0,42428473,8309479163,2,11.18,9.28,3
68668558#1,8309479163,5784518536,2,11.18,106.13,3
68668558#2,5784518536,42445543,2,11.18,8.98,3
68668559#0,42437962,5043084238,1,11.18,8.84,11
68668559#1,5043084238,5043074383,1,11.18,30.11,11
68668559#2,5043074383,42452076,1,11.18,6.55,11
68668559#3,42452076,5043074387,1,11.18,5.62,11
68668559#4,5043074387,5041370335,1,11.18,56.68,11
68668559#5,5041370335,42440686,1,11.18,6.4,11
68668559#6,42440686,5041370331,1,11.18,5.75,11
68668559#7,5041370331,5041369241,1,11.18,56.38,11
68668559#8,5041369241,42452084,1,11.18,11.73,11
68668560#0,42428674,8699239255,2,11.18,10.77,11
68668560#1,8699239255,9492556589,2,11.18,98.56,11
68668560#2,9492556589,42431037,2,11.18,13.65,11
68668561#0,42439464,7050687018,3,11.18,15.410000000000002,10
68668561#1,7050687018,8637876184,3,11.18,26.53,10
68668562#0,9430719481,7410938067,2,11.18,33.45,11
68668562#1,7410938067,42445357,2,11.18,7.8,11
68668562#2,42445357,7410938068,2,11.18,6.52,11
68668562#3,7410938068,7410938054,2,11.18,50.41,11
68668562#4,7410938054,42431614,2,11.18,7.81,11
68668563#0,42442764,8740550839,1,11.18,7.36,11
68668563#1,8740550839,9566892707,1,11.18,64.57,11
68668563#2,9566892707,42442766,1,11.18,7.64,11
68668563#3,42442766,9566892705,1,11.18,6.61,11
68668563#4,9566892705,9566892702,1,11.18,59.3,11
68668563#5,9566892702,42442770,1,11.18,9.95,11
68668564#0,42429314,7093980573,3,11.18,11.38,11
68668564#1,7093980573,7093980572,3,11.18,66.4,11
68668564#2,7093980572,42449187,3,11.18,8.84,11
68674958#0,42430989,5707949012,2,27.78,10.45,11
68674958#1,5707949012,3371304327,2,27.78,44.26,11
68674958#2,3371304327,6828500177,2,27.78,17.69,11
68674958#3,6828500177,3377387917,2,27.78,5.94,11
68674958#4,3377387917,3377387920,2,27.78,24.49,11
68674959#0,42449005,6254816654,1,11.18,6.63,12
68674959#1,6254816654,42453577,1,11.18,72.98,12
68674960#0,42453005,8122411166,2,11.18,7.19,12
68674960#1,8122411166,3955360010,2,11.18,64.02,12
68674960#2,3955360010,8122411159,2,11.18,6.13,12
68674961#0,42434951,10169157373,3,11.18,7.47,12
68674961#1,10169157373,10173014680,3,11.18,63.669999999999995,12
68674961#10,10171035519,8122411160,3,11.18,63.77,12
68674961#11,8122411160,42445653,3,11.18,7.28,12
68674961#12,42445653,8122411164,3,11.18,7.34,12
68674961#13,8122411164,561042197,3,11.18,61.9,12
68674961#2,10173014680,42458333,3,11.18,8.43,12
68674961#3,42458333,10173014679,3,11.18,7.31,12
68674961#4,10173014679,10169157363,3,11.18,62.82,12
68674961#5,10169157363,42449683,3,11.18,8.86,12
68674961#6,42449683,10169157359,3,11.18,8.87,12
68674961#7,10169157359,10171035520,3,11.18,63.85,12
68674961#8,10171035520,42453986,3,11.18,8.84,12
68674961#9,42453986,10171035519,3,11.18,8.86,12
68674962#0,9178805727,7093620703,3,11.18,38.3,12
68674962#1,7093620703,596776167,3,11.18,6.91,12
68674962#10,7158799077,596776177,3,11.18,7.86,12
68674962#100,10125227973,596775985,3,11.18,7.44,12
68674962#101,596775985,10125227972,3,11.18,7.27,12
68674962#102,10125227972,596775930,3,11.18,72.2,12
68674962#103,596775930,10125227991,3,11.18,72.22,12
68674962#104,10125227991,6177439752,3,11.18,7.27,12
68674962#105,6177439752,10125227992,3,11.18,8.14,12
68674962#106,10125227992,7788529749,3,11.18,64.22,12
68674962#107,7788529749,596775946,3,11.18,8.51,12
68674962#108,596775946,7788529739,3,11.18,7.330000000000001,12
68674962#109,7788529739,10125227995,3,11.18,65.25,12
68674962#11,596776177,7158854759,3,11.18,6.07,12
68674962#110,10125227995,596775941,3,11.18,8.98,12
68674962#12,7158854759,7158854696,3,11.18,64.9,12
68674962#13,7158854696,596776163,3,11.18,7.09,12
68674962#14,596776163,7158854736,3,11.18,8.01,12
68674962#15,7158854736,7158854775,3,11.18,65.02,12
68674962#16,7158854775,596776156,3,11.18,7.89,12
68674962#17,596776156,7158854755,3,11.18,6.59,12
68674962#18,7158854755,7160238609,3,11.18,65.5,12
68674962#19,7160238609,596776150,3,11.18,6.989999999999999,12
68674962#2,596776167,7093620714,3,11.18,6.93,12
68674962#20,596776150,7160238586,3,11.18,7.12,12
68674962#21,7160238586,7924099727,3,11.18,65.05,12
68674962#22,7924099727,596776103,3,11.18,7.61,12
68674962#23,596776103,7924094059,3,11.18,7.19,12
68674962#24,7924094059,7924099692,3,11.18,65.15,12
68674962#25,7924099692,596776115,3,11.18,7.239999999999999,12
68674962#26,596776115,7924099698,3,11.18,7.38,12
68674962#27,7924099698,7924094080,3,11.18,66.03,12
68674962#28,7924094080,596776164,3,11.18,12.410000000000002,12
68674962#29,596776164,7924099796,3,11.18,12.449999999999998,12
68674962#3,7093620714,7093620690,3,11.18,65.85,12
68674962#30,7924099796,8782897315,3,11.18,67.12,12
68674962#31,8782897315,596776132,3,11.18,7.97,12
68674962#32,596776132,8782897303,3,11.18,6.510000000000001,12
68674962#33,8782897303,10125180298,3,11.18,66.15,12
68674962#34,10125180298,596776120,3,11.18,7.13,12
68674962#35,596776120,10125180305,3,11.18,6.86,12
68674962#36,10125180305,10125180302,3,11.18,66.23,12
68674962#37,10125180302,596776074,3,11.18,7.47,12
68674962#38,596776074,10156669071,3,11.18,6.82,12
68674962#39,10156669071,10125180307,3,11.18,66.21,12
68674962#4,7093620690,596776173,3,11.18,7.62,12
68674962#40,10125180307,596776127,3,11.18,7.650000000000001,12
68674962#41,596776127,3341912574,3,11.18,6.78,12
68674962#42,3341912574,10125180310,3,11.18,65.47,12
68674962#43,10125180310,596776095,3,11.18,7.919999999999999,12
68674962#44,596776095,10125180314,3,11.18,6.86,12
68674962#45,10125180314,9563518593,3,11.18,66.74,12
68674962#46,9563518593,596776083,3,11.18,7.37,12
68674962#47,596776083,9563518598,3,11.18,6.79,12
68674962#48,9563518598,10125180315,3,11.18,67.12,12
68674962#49,10125180315,596776089,3,11.18,12.14,12
68674962#5,596776173,7093620702,3,11.18,6.739999999999999,12
68674962#50,596776089,10122937137,3,11.18,13.75,12
68674962#51,10122937137,7160238588,3,11.18,67.98,12
68674962#52,7160238588,596776078,3,11.18,7.739999999999999,12
68674962#53,596776078,7160238607,3,11.18,6.21,12
68674962#54,7160238607,10125222318,3,11.18,65.74,12
68674962#55,10125222318,596776052,3,11.18,7.010000000000001,12
68674962#56,596776052,10125222323,3,11.18,8.12,12
68674962#57,10125222323,10125222320,3,11.18,66.35,12
68674962#58,10125222320,596776041,3,11.18,7.169999999999999,12
68674962#59,596776041,10173084344,3,11.18,7.11,12
68674962#6,7093620702,7158854738,3,11.18,65.23,12
68674962#60,10173084344,10125222326,3,11.18,66.11,12
68674962#61,10125222326,596776046,3,11.18,7.580000000000001,12
68674962#62,596776046,10173084331,3,11.18,6.96,12
68674962#63,10173084331,10125222331,3,11.18,66.35,12
68674962#64,10125222331,596788016,3,11.18,7.38,12
68674962#65,596788016,10167967061,3,11.18,7.099999999999999,12
68674962#66,10167967061,10125222334,3,11.18,66.17,12
68674962#67,10125222334,596776063,3,11.18,6.81,12
68674962#68,596776063,10167967044,3,11.18,6.71,12
68674962#69,10167967044,4207313534,3,11.18,67.52,12
68674962#7,7158854738,596776144,3,11.18,7.169999999999999,12
68674962#70,4207313534,596776057,3,11.18,12.54,12
68674962#71,596776057,4207313527,3,11.18,12.229999999999999,12
68674962#72,4207313527,10125222338,3,11.18,67.66,12
68674962#73,10125222338,596776021,3,11.18,5.93,12
68674962#74,596776021,10125222340,3,11.18,8.13,12
68674962#75,10125222340,10122943675,3,11.18,65.26,12
68674962#76,10122943675,596776009,3,11.18,7.46,12
68674962#77,596776009,10122943676,3,11.18,6.77,12
68674962#78,10122943676,7160235784,3,11.18,65.12,12
68674962#79,7160235784,596776027,3,11.18,7.43,12
68674962#8,596776144,7158854771,3,11.18,7.05,12
68674962#80,596776027,7160272387,3,11.18,6.72,12
68674962#81,7160272387,10125222341,3,11.18,65.31,12
68674962#82,10125222341,596776017,3,11.18,7.22,12
68674962#83,596776017,10125222342,3,11.18,6.81,12
68674962#84,10125222342,10125112342,3,11.18,64.97,12
68674962#85,10125112342,596775973,3,11.18,7.38,12
68674962#86,596775973,10125112343,3,11.18,7.75,12
68674962#87,10125112343,10125112336,3,11.18,64.58,12
68674962#88,10125112336,596775979,3,11.18,7.239999999999999,12
68674962#89,596775979,10125112338,3,11.18,6.71,12
68674962#9,7158854771,7158799077,3,11.18,65.65,12
68674962#90,10125112338,10125112346,3,11.18,65.42,12
68674962#91,10125112346,596776032,3,11.18,7.260000000000001,12
68674962#92,596776032,10125112347,3,11.18,8.47,12
68674962#93,10125112347,10125227984,3,11.18,64.99,12
68674962#94,10125227984,596775963,3,11.18,7.080000000000001,12
68674962#95,596775963,10125227982,3,11.18,7.39,12
68674962#96,10125227982,10125227979,3,11.18,64.78,12
68674962#97,10125227979,596775998,3,11.18,7.510000000000001,12
68674962#98,596775998,10125227975,3,11.18,6.75,12
68674962#99,10125227975,10125227973,3,11.18,65.37,12
68674963,6900903299,42421745,1,27.78,9.77,11
68674965#0,561042190,8119462452,3,11.18,11.76,12
68674965#1,8119462452,561042188,3,11.18,72.58,12
68674966,42433354,9470088389,2,11.18,35.19,3
68674967#0,42435341,10171241040,2,27.78,73.63,11
68674967#1,10171241040,42435343,2,27.78,5.99,11
68674968#0,561042195,8122411157,2,11.18,7.02,12
68674968#1,8122411157,10171035522,2,11.18,63.95,12
68674968#10,10173014682,10169157374,2,11.18,63.51,12
68674968#11,10169157374,561042191,2,11.18,8.77,12
68674968#2,10171035522,561042194,2,11.18,8.85,12
68674968#3,561042194,10171035521,2,11.18,8.87,12
68674968#4,10171035521,10169157358,2,11.18,63.93,12
68674968#5,10169157358,561042192,2,11.18,8.87,12
68674968#6,561042192,10169157364,2,11.18,8.87,12
68674968#7,10169157364,10173014681,2,11.18,62.9,12
68674968#8,10173014681,561042193,2,11.18,7.22,12
68674968#9,561042193,10173014682,2,11.18,8.26,12
68674970#0,42435763,10165996971,1,22.22,12.21,10
68674970#1,10165996971,10165996962,1,22.22,119.12,10
68674970#2,10165996962,42437188,1,22.22,9.2,10
68675820#0,4207150080,8312361624,3,11.18,33.44,11
68675820#1,8312361624,42453038,3,11.18,8.78,11
689037620#0,247403147,6211334192,1,11.18,24.72,3
689037620#1,6211334192,6211334202,1,11.18,13.54,3
690414969,6224277869,42430298,1,11.18,21.05,3
690415944#0,6477406870,9561208942,1,27.78,43.99,11
690415944#1,9561208942,42427877,1,27.78,22.67,11
690415948,6477406867,6477406870,1,27.78,30.23,11
690757587,6266152787,6481190570,1,13.41,4.75,9
690757588,6481190570,6384024881,1,13.41,119.46,9
691480071#0,6488698202,6186989596,3,11.18,37.49,11
691480071#1,6186989596,42424089,3,11.18,12.28,11
693345069#0,6223969260,6223969249,1,2.78,7.87,2
693345069#1,6223969249,6223969255,1,2.78,68.87,2
693345069#2,6223969255,42428232,1,2.78,8.3,2
693648914#0,42447419,7604384404,1,11.18,9.14,3
693648914#1,7604384404,7604384401,1,11.18,71.05,3
693648914#2,7604384401,42427139,1,11.18,9.37,3
693736579,3786728747,42443120,2,22.22,27.05,9
693736580#0,42443120,3786728755,2,22.22,32.34,9
693736580#1,3786728755,42443119,2,22.22,11.29,9
693838030,5117963647,9170816532,4,11.18,12.53,12
693838032,6173564360,9170816532,2,11.18,5.67,11
693941782,6516908811,3786728747,1,22.22,497.28,9
693941783,6516908811,373756705,2,22.35,110.07,14
694312424#0,6211334204,8307463677,1,11.18,7.79,3
694312424#1,8307463677,8307463673,1,11.18,18.89,3
694312424#2,8307463673,42431500,1,11.18,5.58,3
695001846,6528364465,42425747,1,22.22,52.91,9
695001847,6528364466,6528364465,1,22.22,17.42,9
695001848,2339806776,6528364466,1,22.22,8.11,9
695001849,5920675978,2339806776,1,22.22,17.18,9
695644410#0,42423189,7926724568,1,13.41,7.6,9
695644410#1,7926724568,42426135,1,13.41,74.88,9
696491643#0,5481848951,8261122956,2,27.78,18.87,12
696491643#1,8261122956,42430664,2,27.78,9.52,12
696491645#0,42430651,4604294526,3,11.18,7.07,12
696491645#1,4604294526,8261122903,3,11.18,63.43,12
696491645#2,8261122903,42430646,3,11.18,8.53,12
697704857#0,1431790464,6552385851,1,11.18,179.99,4
697704857#1,6552385851,1431790465,1,11.18,9.05,4
698069210#0,3874653357,8261123430,1,11.18,90.33,3
698069210#1,8261123430,42449341,1,11.18,13.14,3
698300970#0,595472989,9048936995,1,22.22,1.77,10
698300970#1,9048936995,42455059,1,22.22,7.9,10
698300970#2,42455059,2797305762,1,22.22,7.56,10
698300970#3,2797305762,9550791762,1,22.22,65.19,10
698300970#4,9550791762,42428082,1,22.22,6.31,10
698300970#5,42428082,9550791761,1,22.22,7.96,10
698300970#6,9550791761,9550791856,1,22.22,71.23,10
698300970#7,9550791856,42444060,1,22.22,9.42,10
699843297,6572026580,42449390,1,11.18,146.66,3
700951338#0,42428268,10173490603,1,11.18,5.93,3
700951338#1,10173490603,10169532525,1,11.18,66.43,3
700951338#2,10169532525,42428264,1,11.18,7.9,3
700951339#0,42428264,10169532524,1,11.18,8.34,3
700951339#1,10169532524,10169532584,1,11.18,67.81,3
700951339#2,10169532584,42428258,1,11.18,7.4,3
705223734#0,1061531448,8727756025,2,27.78,8.42,12
705223734#1,8727756025,9177424867,2,27.78,16.41,12
705223736#0,1061531448,3235708632,1,13.89,11.02,3
705223736#1,3235708632,10586962113,1,13.89,10.11,3
705223737#0,9584468481,5115907023,4,27.78,20.1,12
705223737#1,5115907023,9177424867,4,27.78,24.56,12
706015228,106706946,106706938,2,17.88,246.68,14
706833044#0,42455051,7977832451,1,8.94,9.83,3
706833044#1,7977832451,7977832469,1,8.94,206.1,3
706833044#10,8309479325,42455396,1,8.94,9.66,3
706833044#2,7977832469,42455083,1,8.94,7.67,3
706833044#3,42455083,7977832466,1,8.94,7.24,3
706833044#4,7977832466,9109840962,1,8.94,86.75,3
706833044#5,9109840962,7983809931,1,8.94,41.8,3
706833044#6,7983809931,8309479334,1,8.94,82.51,3
706833044#7,8309479334,42455175,1,8.94,10.8,3
706833044#8,42455175,8309479331,1,8.94,8.01,3
706833044#9,8309479331,8309479325,1,8.94,211.3,3
706833045#0,42440545,8309478989,1,11.18,7.41,3
706833045#1,8309478989,3957463101,1,11.18,45.65,3
706833045#2,3957463101,42440548,1,11.18,21.78,3
706833045#3,42440548,1692433936,1,11.18,76.85,3
706833045#4,1692433936,1692433937,1,11.18,6.52,3
706833045#5,1692433937,8309478919,1,11.18,63.44,3
706833045#6,8309478919,42440553,1,11.18,8.23,3
706833046#0,42440553,8309478922,1,11.18,10.23,3
706833046#1,8309478922,8309478974,1,11.18,57.94,3
706833046#2,8309478974,42436793,1,11.18,5.67,3
706833046#3,42436793,8309478976,1,11.18,5.56,3
706833046#4,8309478976,8309478969,1,11.18,65.56,3
706833046#5,8309478969,42439537,1,11.18,5.78,3
706833046#6,42439537,8309478972,1,11.18,6.34,3
706833046#7,8309478972,8309478964,1,11.18,63.36,3
706833046#8,8309478964,1692433940,1,11.18,6.38,3
706833047#0,1692433940,8309478967,1,11.18,5.76,3
706833047#1,8309478967,4320108989,1,11.18,112.49,3
706833047#2,4320108989,42430217,1,11.18,11.19,3
708353351#0,11141800809,6656258478,3,11.18,47.10999999999999,4
708353351#1,6656258478,4900161556,3,11.18,55.56,4
708353352#0,6636032331,11141800594,1,11.18,7.48,4
708353352#1,11141800594,6636002370,1,11.18,66.06,4
708353352#2,6636002370,3270031002,1,11.18,11.72,4
708353352#3,3270031002,5165644104,1,11.18,10.44,4
708353352#4,5165644104,3270031028,1,11.18,74.88,4
708353365,6656308648,6656308649,2,11.18,25.17,12
708353366,6656308649,9497340689,1,11.18,47.14,12
708353367#0,2823833594,9421123764,2,11.18,8.29,12
708353367#1,9421123764,42437693,2,11.18,13.32,12
708353983#0,8261122134,11141800565,1,2.78,55.76,2
708353983#1,11141800565,8261122511,1,2.78,67.79,2
709355577#0,9170790593,7837165575,2,11.18,53.18,11
709355577#1,7837165575,42421969,2,11.18,7.02,11
709355577#2,42421969,7837165545,2,11.18,7.21,11
709355577#3,7837165545,7837165520,2,11.18,65.41,11
709355577#4,7837165520,5706568625,2,11.18,7.25,11
710371834#0,42437124,4158807591,1,11.18,8.78,3
710371834#1,4158807591,3884569945,1,11.18,63.75,3
710371834#2,3884569945,42433302,1,11.18,6.36,3
710371834#3,42433302,4885959785,1,11.18,7.46,3
710371834#4,4885959785,4382842417,1,11.18,119.25,3
710371834#5,4382842417,4121409402,1,11.18,5.6,3
710571387#0,42448379,10168635433,1,13.89,11.91,3
710571387#1,10168635433,5266098185,1,13.89,80.37,3
710571388#0,42448379,10125255947,2,11.18,16.68,12
710571388#1,10125255947,9140903900,2,11.18,63.95,12
710571388#2,9140903900,42443615,2,11.18,8.36,12
710571389#0,42448379,10125255948,2,11.18,16.82,12
710571389#1,10125255948,9140903899,2,11.18,64.51,12
710571389#2,9140903899,6680686184,2,11.18,8.59,12
710571390#0,6680686985,10125255944,2,27.78,7.35,12
710571390#1,10125255944,11043134785,2,27.78,31.36,12
710571391#0,6680686985,6680686987,2,11.18,12.49,12
710571391#1,6680686987,9177540204,2,11.18,28.23,12
710571391#2,9177540204,9649576882,2,11.18,38.25,12
710571391#3,9649576882,42449971,2,11.18,10.11,12
710571392#0,6680686184,10125255946,3,11.18,7.43,3
710571392#1,10125255946,9216586542,3,11.18,189.04,3
710571392#10,9988058436,7248638330,3,11.18,173.39,3
710571392#11,7248638330,42440567,3,11.18,13.67,3
710571392#2,9216586542,42442960,3,11.18,13.65,3
710571392#3,42442960,9216586545,3,11.18,13.92,3
710571392#4,9216586545,8393007180,3,11.18,27.27,3
710571392#5,8393007180,8393007191,3,11.18,50.97,3
710571392#6,8393007191,10121802241,3,11.18,123.83,3
710571392#7,10121802241,42443618,3,11.18,14.62,3
710571392#8,42443618,10121802242,3,11.18,12.49,3
710571392#9,10121802242,9988058436,3,11.18,18.17,3
710571393#0,6680686184,9140903902,2,11.18,8.95,12
710571393#1,9140903902,10125255942,2,11.18,66.01,12
710571393#2,10125255942,6680686985,2,11.18,12.58,12
711147864#0,42427821,8261122859,1,11.18,13.31,4
711147864#1,8261122859,6865730145,1,11.18,54.4,4
711147864#2,6865730145,8585752282,1,11.18,105.78,4
711147864#3,8585752282,11165901278,1,11.18,10.47,4
711147865#0,5545401594,9143542440,1,11.18,12.11,3
711147865#1,9143542440,10171484170,1,11.18,10.67,3
711147865#2,10171484170,2703228467,1,11.18,49.98,3
711363473#0,11148406715,496707005,1,11.18,32.66,3
711363473#1,496707005,7787627723,1,11.18,4.11,3
711924577,1478572240,42445392,2,11.18,140.7,12
712156463,6695964688,6695964689,2,13.89,55.01,4
712156464#0,3786876211,8109512240,1,13.89,58.43,4
712156464#1,8109512240,371206270,1,13.89,6.96,4
712156465,6695964689,3786876211,2,13.89,18.4,4
713102051#0,4207937590,3857366817,1,11.18,38.3,3
713102051#1,3857366817,42428253,1,11.18,8.89,3
714993623#0,42430739,10084943016,1,13.89,16.06,4
714993623#1,10084943016,5481880260,1,13.89,28.74,4
714993623#2,5481880260,9145411581,1,13.89,34.83,4
717537135#0,9906879191,7834025534,2,11.18,128.75,11
717537135#1,7834025534,42428037,2,11.18,12.57,11
717625447#0,42440009,10171379109,1,11.18,11.62,3
717625447#1,10171379109,4784141042,1,11.18,3.1,3
717625447#2,4784141042,1828749426,1,11.18,96.22,3
717625447#3,1828749426,3971196633,1,11.18,63.91,3
717625447#4,3971196633,10172941224,1,11.18,85.27,3
717625447#5,10172941224,42430363,1,11.18,13.33,3
717625447#6,42430363,10172941227,1,11.18,13.73,3
717625447#7,10172941227,10693758908,1,11.18,59.56,3
717625447#8,10693758908,1745856010,1,11.18,7.52,3
717625447#9,1745856010,6958055831,1,11.18,47.56,3
717625448#0,42428312,10171379113,2,11.18,16.67,3
717625448#1,10171379113,3977886872,2,11.18,3.12,3
717625448#2,3977886872,3977886869,2,11.18,52.86,3
717625448#3,3977886869,10171379106,2,11.18,2.27,3
717625448#4,10171379106,42440009,2,11.18,13.58,3
717634370#0,9145411581,5481839858,3,13.89,46.26,4
717634370#1,5481839858,9320463274,3,13.89,7.010000000000001,4
717634371#0,61275380,9140924713,1,13.89,23.17,4
717634371#1,9140924713,247120348,1,13.89,13.88,4
717634745,61273004,247123612,2,13.89,17.86,3
717634746,61273004,61271722,4,13.41,91.71,13
723323622#0,6979088367,42438297,2,27.78,18.3,11
723323622#1,42438297,10170703026,2,27.78,236.26,11
723323622#2,10170703026,7491182059,2,27.78,5.46,11
727135244#0,42442638,42442642,1,27.78,78.79,11
727135244#1,42442642,42442645,1,27.78,79.96,11
727135244#2,42442645,42438024,1,27.78,78.48,11
727135244#3,42438024,42442651,1,27.78,85.75,11
727644278#0,42432135,8231938418,1,11.18,5.93,3
727644278#1,8231938418,8231938424,1,11.18,15.23,3
727644278#2,8231938424,42436770,1,11.18,10.61,3
727644278#3,42436770,8231938425,1,11.18,10.26,3
727644278#4,8231938425,8231935500,1,11.18,81.66,3
727644278#5,8231935500,42436763,1,11.18,5.59,3
727644279#0,42432135,8231938419,1,11.18,6.02,3
727644279#1,8231938419,4890320282,1,11.18,64.18,3
727644279#2,4890320282,42432127,1,11.18,5.48,3
727644280#0,42436796,3584752231,1,11.18,6.5,3
727644280#1,3584752231,3584752208,1,11.18,53.45,3
727644280#2,3584752208,42452396,1,11.18,11.27,3
727644280#3,42452396,3584752205,1,11.18,10.54,3
727644280#4,3584752205,3584752198,1,11.18,61.49,3
727644280#5,3584752198,42433587,1,11.18,6.85,3
727649619#0,1692433914,5824300192,1,11.18,41.7,3
727649619#1,5824300192,1692433911,1,11.18,22.09,3
727649620#0,42457721,42430241,1,11.18,13.57,3
727649620#1,42430241,8309479733,1,11.18,11.76,3
727649620#2,8309479733,8309479729,1,11.18,287.83,3
727649620#3,8309479729,42430857,1,11.18,9.38,3
727702632#0,6819525294,420591228,2,11.18,36.0,11
727702632#1,420591228,10125247893,2,11.18,61.64,11
727702632#2,10125247893,42443810,2,11.18,7.24,11
727702633,6819525295,6819525294,2,27.78,16.16,11
729972918#0,42449938,10125260552,5,11.18,7.389999999999999,12
729972918#1,10125260552,10125260553,5,11.18,63.92,12
729972918#2,10125260553,42445661,5,11.18,7.67,12
729972919#0,42449685,10171137635,5,11.18,10.49,12
729972919#1,10171137635,5254378183,5,11.18,41.53,12
729972919#2,5254378183,10125260555,5,11.18,21.68,12
729972919#3,10125260555,42449938,5,11.18,6.94,12
729972920#0,5799117244,5829907366,3,11.18,6.77,12
729972920#1,5829907366,42433581,3,11.18,69.8,12
729972920#2,42433581,4202908173,3,11.18,37.82,12
729972921,3594715134,4202908172,3,11.18,25.45,12
729972924#0,3891963915,4679523601,1,11.18,12.87,7
729972924#1,4679523601,3891963913,1,11.18,5.67,7
730036152#0,4816137911,6211334197,1,11.18,5.15,3
730036152#1,6211334197,42431844,1,11.18,7.37,3
730300445#0,42438531,6411125196,1,11.18,7.07,11
730300445#1,6411125196,11038072202,1,11.18,46.43,11
730300445#10,11038072622,8310246493,1,11.18,64.88,11
730300445#2,11038072202,11038072103,1,11.18,5.84,11
730300445#3,11038072103,11038072197,1,11.18,5.9,11
730300445#4,11038072197,8310246620,1,11.18,38.64,11
730300445#5,8310246620,42437505,1,11.18,4.9,11
730300445#6,42437505,8310246501,1,11.18,14.57,11
730300445#7,8310246501,11038072618,1,11.18,57.82,11
730300445#8,11038072618,42438523,1,11.18,4.08,11
730300445#9,42438523,11038072622,1,11.18,5.29,11
730895492#0,5481998054,5482216773,1,11.18,48.03,3
730895492#1,5482216773,4980851608,1,11.18,32.41,3
730895492#2,4980851608,42433513,1,11.18,7.35,3
731124237,589928053,371337187,2,11.18,170.59,11
732543750#0,6859615817,6859615805,1,11.18,48.37,3
732543750#1,6859615805,42437410,1,11.18,6.07,3
732794019#0,42442571,6814307791,1,27.78,6.44,11
732794019#1,6814307791,7618358570,1,27.78,30.97,11
732794019#10,10168673718,1506445711,1,27.78,7.76,11
732794019#11,1506445711,10168673717,1,27.78,6.84,11
732794019#12,10168673717,4384311766,1,27.78,65.05,11
732794019#13,4384311766,42442575,1,27.78,7.64,11
732794019#14,42442575,7004386028,1,27.78,6.71,11
732794019#15,7004386028,3907629309,1,27.78,68.1,11
732794019#16,3907629309,42437142,1,27.78,11.35,11
732794019#17,42437142,3907629310,1,27.78,11.12,11
732794019#18,3907629310,3347295531,1,27.78,24.56,11
732794019#2,7618358570,6814307796,1,27.78,36.37,11
732794019#3,6814307796,42437222,1,27.78,5.99,11
732794019#4,42437222,6814307798,1,27.78,7.87,11
732794019#5,6814307798,5689234155,1,27.78,26.13,11
732794019#6,5689234155,8251054455,1,27.78,37.9,11
732794019#7,8251054455,6166969757,1,27.78,8.36,11
732794019#8,6166969757,10168667111,1,27.78,7.23,11
732794019#9,10168667111,10168673718,1,27.78,65.39,11
733332973,6867580414,595314028,2,27.78,18.48,12
733393249#0,3579426871,10169289725,1,13.89,9.81,3
733393249#1,10169289725,595314040,1,13.89,36.56,3
733393250#0,595314040,7785881434,1,13.89,33.81,3
733393250#1,7785881434,5004570632,1,13.89,9.0,3
733393251,5004570632,5004570652,2,27.78,12.11,11
733667933#0,427842070,8261123406,2,11.18,6.03,11
733667933#1,8261123406,7752042640,2,11.18,81.39,11
733667933#2,7752042640,42444964,2,11.18,12.11,11
733667933#3,42444964,8288270450,2,11.18,14.44,11
733667933#4,8288270450,8657749388,2,11.18,57.14,11
733667933#5,8657749388,5175213312,2,11.18,19.91,11
733667933#6,5175213312,9530100567,2,11.18,147.23,11
734561425#0,5552273903,8725182300,1,27.78,40.22,11
734561425#1,8725182300,42427128,1,27.78,10.25,11
734561425#10,9935939362,9935939366,1,27.78,66.67,11
734561425#11,9935939366,42427115,1,27.78,8.33,11
734561425#12,42427115,9935939365,1,27.78,6.47,11
734561425#13,9935939365,9935939369,1,27.78,66.52,11
734561425#14,9935939369,42427112,1,27.78,7.72,11
734561425#15,42427112,9935939370,1,27.78,6.86,11
734561425#16,9935939370,9935939381,1,27.78,118.36,11
734561425#17,9935939381,42427086,1,27.78,8.97,11
734561425#2,42427128,5552274521,1,27.78,7.47,11
734561425#3,5552274521,8725182304,1,27.78,5.67,11
734561425#4,8725182304,9935939358,1,27.78,59.79,11
734561425#5,9935939358,42427126,1,27.78,9.57,11
734561425#6,42427126,9935939359,1,27.78,6.42,11
734561425#7,9935939359,9935939363,1,27.78,66.75,11
734561425#8,9935939363,42427122,1,27.78,7.0,11
734561425#9,42427122,9935939362,1,27.78,7.23,11
734640621,1764400286,42432785,1,27.78,10.15,12
734864200#0,1764400302,6882378484,2,27.78,6.47,12
734864200#1,6882378484,6882396892,2,27.78,3.26,12
734864200#2,6882396892,4207702054,2,27.78,36.92,12
734864201#0,42432785,6882396885,2,27.78,11.54,12
734864201#1,6882396885,1764400310,2,27.78,16.81,12
734864202#0,1764400286,4321038136,2,27.78,16.23,12
734864202#1,4321038136,1764400297,2,27.78,57.11,12
734864203,1764400286,2093008357,1,27.78,16.1,11
734864204,1764400310,1764400288,2,27.78,12.97,12
734864205,2093008357,42432785,2,27.78,12.88,12
734864207#0,1764400300,4321038135,2,27.78,16.33,12
734864207#1,4321038135,2093008357,2,27.78,8.15,12
734871771#0,2093008357,9561344667,1,27.78,13.42,11
734871771#1,9561344667,6882378422,1,27.78,38.45,11
734871771#2,6882378422,7701213196,1,27.78,452.76,11
734871771#3,7701213196,9563795370,1,27.78,68.5,11
734871771#4,9563795370,42453586,1,27.78,7.87,11
735034318#0,42431067,9492556536,1,11.18,6.43,10
735034318#1,9492556536,9492542191,1,11.18,64.85,10
735034318#2,9492542191,42431078,1,11.18,6.86,10
735173275#0,42441950,10170703024,2,27.78,6.63,11
735173275#1,10170703024,6885524030,2,27.78,7.1,11
735173276#0,42441952,42441953,1,27.78,78.37,11
735173276#1,42441953,42434264,1,27.78,86.46,11
735173541#0,6885524030,6979088364,2,27.78,225.67,11
735173541#1,6979088364,6885524021,2,27.78,7.1,11
735173541#2,6885524021,6979088365,2,27.78,16.72,11
736297372#0,3099326118,10170875057,2,27.78,7.22,11
736297372#1,10170875057,10170875066,2,27.78,63.55,11
736297372#2,10170875066,3099326119,2,27.78,9.52,11
736297372#3,3099326119,10170875068,2,27.78,6.98,11
736297372#4,10170875068,4207724575,2,27.78,49.12,11
736297373#0,42453241,10170875055,2,27.78,9.14,11
736297373#1,10170875055,4212658373,2,27.78,33.67,11
737431023,10316226053,7072589169,2,11.18,116.46,11
738023850#0,42428529,10316226183,1,11.18,2.53,3
738023850#1,10316226183,42428527,1,11.18,38.61,3
739591695#0,42437770,8231945175,1,11.18,13.28,3
739591695#1,8231945175,7196173211,1,11.18,136.98,3
739591695#2,7196173211,42437773,1,11.18,12.11,3
739591695#3,42437773,11038072209,1,11.18,7.1,3
739591695#4,11038072209,5804425630,1,11.18,5.12,3
739591695#5,5804425630,8310246531,1,11.18,79.14,3
739591695#6,8310246531,42432000,1,11.18,8.44,3
739911954,42430677,7280430895,4,27.78,7.31,11
739911955#0,593921869,10168047537,1,13.89,73.64,4
739911955#1,10168047537,42443563,1,13.89,13.58,4
739911956#0,6928075146,10899164836,1,13.89,60.29,3
739911956#1,10899164836,10166505392,1,13.89,35.06,3
739911956#2,10166505392,42430677,1,13.89,11.96,3
739911957#0,42430677,10166505394,1,11.18,14.67,4
739911957#1,10166505394,3874681637,1,11.18,214.16,4
739911957#2,3874681637,62915525,1,11.18,11.92,4
740085319#0,42437305,10039927883,1,13.89,12.8,3
740085319#1,10039927883,7182045954,1,13.89,126.12,3
740085319#2,7182045954,1061531550,1,13.89,10.51,3
740085319#3,1061531550,42428663,1,13.89,18.77,3
740085319#4,42428663,7182045940,1,13.89,10.39,3
740085319#5,7182045940,8727756068,1,13.89,85.7,3
740085319#6,8727756068,42431030,1,13.89,12.96,3
740085319#7,42431030,8727756065,1,13.89,12.08,3
740085319#8,8727756065,10039656209,1,13.89,156.6,3
740085319#9,10039656209,42437312,1,13.89,9.7,3
740085321#0,42437305,10039927891,3,27.78,8.0,12
740085321#1,10039927891,10039932487,3,27.78,65.81,12
740085321#2,10039932487,42421806,3,27.78,6.25,12
740085321#3,42421806,10039932485,3,27.78,8.58,12
740085321#4,10039932485,10039932497,3,27.78,66.17,12
740085321#5,10039932497,42442475,3,27.78,6.3,12
742007046,6946139606,6946139598,1,11.18,48.99,11
742007048,7103600835,1740694097,1,11.18,27.0,11
742007049,1834852936,7103600835,1,11.18,43.95,11
742215272#0,42453007,9987259769,3,11.18,7.09,4
742215272#1,9987259769,4136147003,3,11.18,63.02,4
742215272#2,4136147003,42432458,3,11.18,8.04,4
743358442#0,6958055831,8675870231,1,11.18,14.11,3
743358442#1,8675870231,10842005392,1,11.18,127.05,3
743358443#0,42446994,11070055768,1,11.18,10.61,3
743358443#1,11070055768,10125255959,1,11.18,132.05,3
743358443#2,10125255959,42449961,1,11.18,12.51,3
743358443#3,42449961,10125255960,1,11.18,13.43,3
743358443#4,10125255960,6958055832,1,11.18,53.6,3
743358444#0,596775914,42452875,1,11.18,16.88,3
743358444#1,42452875,10125233918,1,11.18,11.98,3
743358444#2,10125233918,3790180111,1,11.18,11.3,3
743358444#3,3790180111,3977886216,1,11.18,113.58,3
743358444#4,3977886216,42446994,1,11.18,11.84,3
743358445#0,6958055832,10121802262,1,11.18,136.87,3
743358445#1,10121802262,42442955,1,11.18,13.7,3
743358445#2,42442955,6175849568,1,11.18,14.15,3
743358445#3,6175849568,10121802258,1,11.18,202.39,3
743358445#4,10121802258,42452882,1,11.18,14.25,3
745528452#0,595729841,2052329270,2,27.78,30.16,12
745528452#1,2052329270,42429215,2,27.78,24.7,12
745528453#0,42429212,9561386479,2,27.78,6.09,12
745528453#1,9561386479,595729841,2,27.78,27.52,12
745617597,6979088367,6979088365,1,13.89,9.97,3
745617598#0,42441952,6885524032,2,27.78,9.34,11
745617598#1,6885524032,6979088367,2,27.78,62.95,11
745617599#0,6979088365,6885524018,2,27.78,71.86,11
745617599#1,6885524018,42441952,2,27.78,8.7,11
745675478#0,42442738,9566869991,2,27.78,19.91,11
745675478#1,9566869991,42442741,2,27.78,7.4,11
745675478#2,42442741,9566869990,2,27.78,8.22,11
745675478#3,9566869990,4207702049,2,27.78,4.38,11
746020813#0,2029349959,2029349956,1,22.22,14.39,9
746020813#1,2029349956,3917286380,1,22.22,170.17,9
747825744#0,6996574387,6996564318,2,27.78,38.76,11
747825744#1,6996564318,42441382,2,27.78,7.06,11
747825750#0,42441382,6996574513,1,27.78,7.13,11
747825750#1,6996574513,595314119,1,27.78,55.65,11
747908051#0,6997311896,3569749107,2,11.18,34.03,12
747908051#1,3569749107,42455929,2,11.18,8.31,12
747908052#0,42442937,4011396596,2,11.18,13.85,12
747908052#1,4011396596,6997311897,2,11.18,23.62,12
747908053,6997311897,9140884584,1,11.18,102.14,12
749923140,7012450754,595704145,2,11.18,35.37,11
749923141#0,595704145,7779666010,3,11.18,67.9,11
749923141#1,7779666010,42425232,3,11.18,12.74,11
75311776#0,889298452,1696261096,1,11.18,29.13,3
75311776#1,1696261096,889298452,1,11.18,29.17,3
75359816#0,42453417,3874650162,1,11.18,12.37,3
75359816#1,3874650162,2565683776,1,11.18,6.77,3
753884976,7043552833,5475725288,1,11.18,36.03,11
755709407#0,7067139595,7138030356,1,11.18,34.51,3
755709407#1,7138030356,9906275218,1,11.18,57.07,3
755709407#2,9906275218,3900964267,1,11.18,10.37,3
755709407#3,3900964267,6070217080,1,11.18,33.54,3
755709407#4,6070217080,42443056,1,11.18,13.13,3
755855917#0,7043607048,8758299309,1,13.89,160.05,3
755855917#1,8758299309,2141026495,1,13.89,11.36,3
756449859,7065533341,4205805398,2,27.78,37.21,11
756632802#0,7067139597,6181709393,1,11.18,9.74,3
756632802#1,6181709393,7067139595,1,11.18,30.25,3
756991583#0,7069881624,3519902039,1,11.18,29.35,3
756991583#1,3519902039,6191027339,1,11.18,123.68,3
756991583#2,6191027339,42456101,1,11.18,12.28,3
757359118#0,42428527,7685535238,1,11.18,8.09,3
757359118#1,7685535238,11050101008,1,11.18,53.31,3
757359118#2,11050101008,42428524,1,11.18,3.9,3
757703379#0,42446138,7076060071,1,11.18,13.1,11
757703379#1,7076060071,7076060065,1,11.18,125.27,11
757703379#2,7076060065,7076060066,1,11.18,6.56,11
757703379#3,7076060066,9178805721,1,11.18,5.56,11
759419356#0,42434168,7093620710,3,11.18,7.099999999999999,12
759419356#1,7093620710,6254816594,3,11.18,65.99,12
759419356#2,6254816594,42457660,3,11.18,13.800000000000002,12
760433110,1170604778,7103649691,1,11.18,42.81,11
760433111,6946139599,248709626,1,11.18,48.19,11
760433114,7103600841,248709733,1,11.18,104.43,11
760433117,248709733,248709714,1,11.18,42.99,11
760433119,7103649691,6946139599,1,11.18,142.8,11
760433120,248709626,6946139606,1,11.18,24.8,11
760433122,1740694097,7103600841,1,11.18,27.06,11
760711170,595703322,42431293,1,11.18,157.16,11
760727183,42443194,7106607090,1,11.18,29.85,11
760727184,2059119488,42443263,1,11.18,92.6,11
760727187#0,2059119474,595703330,3,11.18,44.25,11
760727187#1,595703330,42443268,3,11.18,10.74,11
760727188,42443263,7106580382,1,11.18,8.45,11
760727192,7106580382,7106580378,1,11.18,44.66,11
760727194#0,7106580378,5596409839,1,11.18,148.39,11
760727194#1,5596409839,42443194,1,11.18,312.84,11
760727197,2059119483,2059119474,2,11.18,70.51,11
760748048,2059304015,2059304018,1,11.18,34.44,11
760748052,2059304018,2059304024,1,11.18,75.07,11
763121491,8703673335,246579751,3,13.410000000000002,86.75,13
763121492#0,246579751,246651647,3,13.410000000000002,13.86,13
763121492#1,246651647,246579752,3,13.410000000000002,22.38,13
763121492#2,246579752,246579753,3,13.410000000000002,31.74,13
763126558#0,42437379,373932683,3,13.410000000000002,14.18,13
763126558#1,373932683,373932842,3,13.410000000000002,16.05,13
763126559#0,373930484,8765412915,5,13.41,17.7,13
763126559#1,8765412915,247119598,5,13.41,3.9,13
763126559#2,247119598,62915549,5,13.41,16.29,13
763299975,4906056159,42422592,1,27.78,12.18,11
763303893#0,7132609426,9492542197,1,11.18,71.85,11
763303893#1,9492542197,42431096,1,11.18,12.45,11
763303894#0,42441867,2029349869,1,27.78,76.85,11
763303894#1,2029349869,42425348,1,27.78,10.17,11
763320782,3099327940,42436001,1,13.89,14.05,3
763320783#0,7132743058,8421869591,3,27.78,31.11,11
763320783#1,8421869591,3099327940,3,27.78,8.15,11
763320784#0,3099327940,10170797791,1,27.78,7.34,11
763320784#1,10170797791,7132743059,1,27.78,33.97,11
763320785#0,5481922072,10170797792,2,27.78,50.25,11
763320785#1,10170797792,42436001,2,27.78,7.98,11
763320786#0,42436001,10170797788,2,27.78,8.45,11
763320786#1,10170797788,4205440398,2,27.78,37.79,11
763331301#0,7132814245,9421812819,2,27.78,37.82,12
763331301#1,9421812819,42428978,2,27.78,9.47,12
763331302,42428980,2499757467,1,13.89,11.38,3
763331303#0,2499757467,9566927264,1,13.89,9.25,3
763331303#1,9566927264,9567002588,1,13.89,231.6,3
763331303#2,9567002588,42427139,1,13.89,9.71,3
763331304#0,7132814246,9566927261,2,27.78,23.57,12
763331304#1,9566927261,42428980,2,27.78,7.89,12
763335103#0,7132855261,9561126011,2,27.78,9.63,12
763335103#1,9561126011,42429704,2,27.78,19.05,12
763335104,7132855262,1544809886,2,27.78,36.44,12
763335105#0,7132855263,9561126013,2,27.78,21.76,12
763335105#1,9561126013,42429704,2,27.78,19.05,12
763971141#0,7137281963,3601295704,1,11.18,25.63,3
763971141#1,3601295704,9832349994,1,11.18,25.07,3
763971141#2,9832349994,3111984536,1,11.18,91.77,3
763971141#3,3111984536,9968663365,1,11.18,69.15,3
763971142,7137281959,7137281963,1,11.18,14.89,3
765274320,370896902,4161569146,2,11.18,46.07,11
765274321#0,4161568888,4161568989,1,11.18,7.56,11
765274321#1,4161568989,370896902,1,11.18,47.01,11
767372817#0,42445630,7499263660,1,11.18,6.77,12
767372817#1,7499263660,8270654723,1,11.18,61.73,12
767372817#2,8270654723,4375208206,1,11.18,6.49,12
767398932#0,42443298,4235734221,1,11.18,10.88,3
767398932#1,4235734221,4235734225,1,11.18,15.77,3
767398932#2,4235734225,3892039873,1,11.18,88.83,3
767398932#3,3892039873,3892037906,1,11.18,6.18,3
767398933#0,42449017,4235733235,1,11.18,13.85,3
767398933#1,4235733235,42449014,1,11.18,43.21,3
767398934#0,4235734223,8309479249,1,11.18,14.08,3
767398934#1,8309479249,42443298,1,11.18,8.8,3
767683100#0,593973909,10171326400,1,11.18,89.17,10
767683100#1,10171326400,427840998,1,11.18,7.28,10
767683107#0,4443775465,7699762581,1,11.18,13.8,10
767683107#1,7699762581,7167585630,1,11.18,10.63,10
767683108#0,7167585627,8262309042,2,11.18,211.13,10
767683108#1,8262309042,4557517549,2,11.18,15.18,10
767683109,7167585630,7167585627,3,11.18,26.19,10
767683112#0,9469803474,7699762582,5,11.18,35.31,11
767683112#1,7699762582,4443775465,5,11.18,7.959999999999999,11
767683113#0,4443775464,10170593079,1,11.18,12.44,10
767683113#1,10170593079,5481859789,1,11.18,170.91,10
767683113#2,5481859789,9567470137,1,11.18,32.12,10
767683114#0,4443775465,8660001944,3,11.18,9.41,11
767683114#1,8660001944,10691086244,3,11.18,53.88,11
767683114#2,10691086244,8262309024,3,11.18,11.42,11
767683114#3,8262309024,10766093129,3,11.18,20.13,11
767729564#0,7168010780,7004347450,1,13.89,32.07,3
767729564#1,7004347450,1504153626,1,13.89,12.39,3
767990670,595441949,60926905,2,22.22,122.14,9
767990686,9492618960,9492618961,6,11.18,108.5,12
768381525,1825841739,4347550071,3,11.18,11.69,12
770443243,7191808229,6166333258,2,22.22,68.84,9
770443244,7191808230,7191808229,2,22.22,31.1,9
770443245,6166333258,3834923371,1,22.22,46.59,9
770524298#0,246866810,5813259913,2,11.18,5.8,3
770524298#1,5813259913,7838207516,2,11.18,19.23,3
770524299#0,272194254,8279851499,1,11.18,22.42,11
770524299#1,8279851499,8279851504,1,11.18,37.2,11
770524299#2,8279851504,42459493,1,11.18,11.52,11
770524299#3,42459493,8279851506,1,11.18,8.46,11
770524299#4,8279851506,5815248551,1,11.18,82.78,11
770524299#5,5815248551,42453398,1,11.18,11.71,11
771759764#0,42453005,8122411173,1,13.89,8.14,3
771759764#1,8122411173,8871600818,1,13.89,87.11,3
771759764#2,8871600818,9625590216,1,13.89,7.4,3
771759765,3639382767,561042199,1,13.89,9.17,3
771759766,3639382767,3639382768,1,11.18,5.6,12
771759767,561042198,3639382767,1,13.89,4.36,3
771759768,561042198,3639382768,2,11.18,4.73,12
771759769#0,3639382768,8122411171,3,11.18,73.09,12
771759769#1,8122411171,561042195,3,11.18,7.080000000000001,12
771939270#0,42445667,3569749098,3,11.18,6.52,12
771939270#1,3569749098,3569749100,3,11.18,63.9,12
771939270#2,3569749100,42453011,3,11.18,7.830000000000001,12
778007333#0,2541754794,7732654931,2,13.89,9.17,3
778007333#1,7732654931,10050036790,2,13.89,8.27,3
778007333#2,10050036790,10049920014,2,13.89,113.06,3
778007333#3,10049920014,7732571914,2,13.89,12.76,3
778007334#0,42434098,10170977553,1,27.78,9.91,11
778007334#1,10170977553,10170977549,1,27.78,62.6,11
778007334#2,10170977549,42435997,1,27.78,8.75,11
778007334#3,42435997,10170977547,1,27.78,5.74,11
778007334#4,10170977547,10170977561,1,27.78,74.06,11
778007334#5,10170977561,42438836,1,27.78,9.75,11
779661114#0,9140954081,5542715078,3,11.18,38.33,11
779661114#1,5542715078,42430673,3,11.18,12.56,11
781311947#0,42442480,6207264917,2,11.18,13.66,11
781311947#1,6207264917,10039783370,2,11.18,112.07,11
781311947#2,10039783370,1061531603,2,11.18,11.56,11
781311948#0,42442514,8687882667,2,27.78,7.25,12
781311948#1,8687882667,5482687363,2,27.78,43.05,12
781311948#2,5482687363,8687882689,2,27.78,22.3,12
781311948#3,8687882689,42436990,2,27.78,7.45,12
781311948#4,42436990,8687882687,2,27.78,6.15,12
781311948#5,8687882687,8687882700,2,27.78,66.18,12
781311948#6,8687882700,42442528,2,27.78,7.25,12
781311948#7,42442528,8687882727,2,27.78,7.72,12
781311948#8,8687882727,9457151138,2,27.78,28.29,12
783787945#0,7320943370,7924346800,1,13.89,3.78,3
783787945#1,7924346800,7925258722,1,13.89,38.15,3
783787945#2,7925258722,596800103,1,13.89,5.97,3
788253908,42426957,3786741452,1,22.22,59.24,7
788278347#0,42428223,10171531340,1,2.78,6.3,2
788278347#1,10171531340,10167162591,1,2.78,68.26,2
788278347#2,10167162591,42428220,1,2.78,9.78,2
788278348#0,5481897723,10167162599,1,11.18,63.15,3
788278348#1,10167162599,42438544,1,11.18,11.44,3
788278350#0,42428227,9198484657,1,2.78,7.71,2
788278350#1,9198484657,9198484653,1,2.78,68.81,2
788278350#2,9198484653,42427787,1,2.78,7.63,2
788278353#0,7369969947,3009534483,1,11.18,6.95,10
788278353#1,3009534483,10943102727,1,11.18,32.45,10
788602259,7372860100,7372860099,1,22.22,21.65,6
788602261#0,42428206,10177726960,3,11.18,9.06,11
788602261#1,10177726960,10610255907,3,11.18,26.49,11
788602261#2,10610255907,6243559673,3,11.18,5.2,11
788602261#3,6243559673,3009534459,3,11.18,33.07,11
788602261#4,3009534459,42437881,3,11.18,13.14,11
788602263#0,449581965,274681226,2,11.18,26.89,6
788602263#1,274681226,3009534454,2,11.18,33.5,6
788602263#2,3009534454,42428201,2,11.18,14.18,6
789634640#0,1241742743,7341373901,1,22.22,15.29,10
789634640#1,7341373901,7581159579,1,22.22,127.63,10
789634640#2,7581159579,7590906826,1,22.22,17.47,10
789634640#3,7590906826,7581159581,1,22.22,76.79,10
789634640#4,7581159581,7591060184,1,22.22,26.39,10
789634640#5,7591060184,2061592973,1,22.22,12.72,10
798222129#0,596776546,7096507171,1,11.18,8.45,12
798222129#1,7096507171,7803460157,1,11.18,65.19,12
798222129#10,6223478655,6223478649,1,11.18,65.04,12
798222129#11,6223478649,596776349,1,11.18,7.54,12
798222129#12,596776349,6223478651,1,11.18,6.93,12
798222129#13,6223478651,6223478645,1,11.18,65.39,12
798222129#14,6223478645,596775808,1,11.18,8.55,12
798222129#15,596775808,6223478647,1,11.18,6.48,12
798222129#16,6223478647,6223478641,1,11.18,65.7,12
798222129#17,6223478641,596776201,1,11.18,9.27,12
798222129#18,596776201,7076060066,1,11.18,7.1,12
798222129#19,7076060066,6223478643,1,11.18,8.62,12
798222129#2,7803460157,596776314,1,11.18,6.23,12
798222129#20,6223478643,6254630502,1,11.18,65.93,12
798222129#21,6254630502,596775819,1,11.18,7.91,12
798222129#22,596775819,6254630445,1,11.18,6.97,12
798222129#23,6254630445,6254630450,1,11.18,64.08,12
798222129#24,6254630450,596776413,1,11.18,8.9,12
798222129#25,596776413,6254630421,1,11.18,7.5,12
798222129#26,6254630421,6254630473,1,11.18,63.9,12
798222129#27,6254630473,596775825,1,11.18,8.35,12
798222129#28,596775825,6254630480,1,11.18,7.07,12
798222129#29,6254630480,6254630478,1,11.18,64.01,12
798222129#3,596776314,7803460147,1,11.18,8.16,12
798222129#30,6254630478,596776224,1,11.18,8.51,12
798222129#31,596776224,6254630507,1,11.18,7.1,12
798222129#32,6254630507,5481897033,1,11.18,152.2,12
798222129#33,5481897033,7921574439,1,11.18,18.94,12
798222129#34,7921574439,596776231,1,11.18,58.5,12
798222129#35,596776231,596776166,1,11.18,81.92,12
798222129#4,7803460147,6217820592,1,11.18,65.07,12
798222129#5,6217820592,596776325,1,11.18,8.44,12
798222129#6,596776325,7781090350,1,11.18,7.75,12
798222129#7,7781090350,6223478653,1,11.18,63.35,12
798222129#8,6223478653,596776386,1,11.18,7.86,12
798222129#9,596776386,6223478655,1,11.18,7.21,12
798915733,7471942373,6515269079,1,11.18,81.88,11
798930995#0,42438095,7925259014,1,13.89,29.4,3
798930995#1,7925259014,7925258881,1,13.89,15.94,3
798930995#2,7925258881,42438112,1,13.89,8.04,3
798930996#0,42438112,7925258999,1,13.89,85.98,3
798930996#1,7925258999,42438118,1,13.89,91.0,3
798930997#0,42438118,42438124,1,13.89,52.92,3
798930997#1,42438124,6407227996,1,13.89,49.04,3
798930997#2,6407227996,42432324,1,13.89,51.4,3
799234248#0,7474626839,5481998058,1,13.89,20.15,3
799234248#1,5481998058,4980851600,1,13.89,50.93,3
799234248#2,4980851600,42456110,1,13.89,12.02,3
799234250,6402593827,596800103,1,13.89,85.44,3
799234251,596800103,371216381,1,11.18,222.45,3
799403767#0,5173488749,8310245587,2,11.18,1.4,3
799403767#1,8310245587,42427340,2,11.18,10.1,3
799407328#0,42427340,8310245597,1,11.18,65.64,3
799407328#1,8310245597,42435538,1,11.18,6.81,3
799407328#10,8310245613,42435553,1,11.18,67.67,3
799407328#2,42435538,8310245599,1,11.18,6.63,3
799407328#3,8310245599,42435541,1,11.18,70.09,3
799407328#4,42435541,8310245632,1,11.18,69.86,3
799407328#5,8310245632,42435544,1,11.18,6.88,3
799407328#6,42435544,42435548,1,11.18,76.64,3
799407328#7,42435548,8310245615,1,11.18,64.05,3
799407328#8,8310245615,42435550,1,11.18,10.62,3
799407328#9,42435550,8310245613,1,11.18,9.49,3
799480719#0,7477036738,7477036739,1,11.18,9.85,3
799480719#1,7477036739,1730318417,1,11.18,41.25,3
799480719#2,1730318417,9369042106,1,11.18,81.03,3
799480719#3,9369042106,7476968854,1,11.18,11.52,3
799480720#0,7132405549,7132389369,1,11.18,82.21,3
799480720#1,7132389369,7132405535,1,11.18,5.79,3
799480720#2,7132405535,7132406691,1,11.18,7.15,3
799480720#3,7132406691,7641859747,1,11.18,124.37,3
799480720#4,7641859747,42435451,1,11.18,15.29,3
799480720#5,42435451,8307641544,1,11.18,13.7,3
799480720#6,8307641544,9929740886,1,11.18,110.9,3
799480720#7,9929740886,42435456,1,11.18,5.87,3
799484086#0,8279851200,6369613303,1,11.18,42.06,3
799484086#1,6369613303,42429636,1,11.18,7.59,3
799486399#0,3898690216,3884569950,1,11.18,61.03,3
799486399#1,3884569950,42437753,1,11.18,9.62,3
799505583,7477194672,1544809877,2,27.78,9.42,12
799505585#0,42431262,7612920600,2,11.18,2.53,12
799505585#1,7612920600,7477194677,2,11.18,53.6,12
799505586#0,595776445,7612920602,2,27.78,121.32,12
799505586#1,7612920602,371337239,2,27.78,15.63,12
799505600,7477281987,5843576975,2,11.18,41.25,11
799505611,7477281996,371337140,5,11.18,133.39,12
799813239#0,42437481,7787627742,2,11.18,8.23,12
799813239#1,7787627742,7787627725,2,11.18,79.71,12
799813239#2,7787627725,9530140478,2,11.18,47.61,12
799813242#0,3212472978,8279851249,2,11.18,9.29,12
799813242#1,8279851249,42448440,2,11.18,69.25,12
799813242#2,42448440,7787627736,2,11.18,6.68,12
799813242#3,7787627736,9530140907,2,11.18,65.02,12
799818237,7480301867,7480301866,2,11.18,10.59,12
799819816#0,7480346927,8821523713,2,27.78,22.0,12
799819816#1,8821523713,7480346928,2,27.78,6.7,12
799819816#2,7480346928,7480301987,2,27.78,8.3,12
799825253,4477147270,4477147269,1,27.78,15.11,11
799825254,4477147269,7480410407,2,27.78,43.14,11
799833493#0,7480515813,42436563,1,13.89,10.76,3
799833493#1,42436563,8372982780,1,13.89,7.71,3
799833493#2,8372982780,9567864091,1,13.89,72.8,3
799833493#3,9567864091,9663511457,1,13.89,11.97,3
799833495#0,4207806923,7787627741,2,11.18,9.75,12
799833495#1,7787627741,7480515818,2,11.18,12.07,12
799833496,5799766717,5799766718,1,11.18,8.19,3
800817473#0,42440702,4241743153,1,11.18,118.93,3
800817473#1,4241743153,42443513,1,11.18,11.38,3
800923646,7491182059,42441950,1,22.22,9.69,6
800923647#0,10055059295,10055142723,2,27.78,51.81,11
800923647#1,10055142723,7491182050,2,27.78,5.71,11
800923648,7491182050,10055059290,2,27.78,16.42,11
800923649,7491182055,42441949,1,22.22,9.38,6
800923650#0,7491182054,10168100446,2,27.78,32.58,11
800923650#1,10168100446,7491182055,2,27.78,7.66,11
800923650#2,7491182055,7491225319,2,27.78,78.9,11
800923650#3,7491225319,10055013018,2,27.78,74.96,11
800923650#4,10055013018,7620631148,2,27.78,12.65,11
800924520,7491225319,42441947,1,22.22,9.21,6
801410966#0,7495360334,7929465192,5,11.18,32.32,12
801410966#1,7929465192,7641820943,5,11.18,14.970000000000002,12
801411753,7495347012,277482762,3,17.88,52.44,14
801411759,42422463,371225132,2,22.22,91.09,9
801680803#0,7499043385,4492750460,1,11.18,8.19,3
801680803#1,4492750460,42437786,1,11.18,10.2,3
801764674#0,42433554,11038072316,1,11.18,10.02,11
801764674#1,11038072316,5804713722,1,11.18,4.13,11
801764674#2,5804713722,5481948052,1,11.18,23.01,11
801764674#3,5481948052,8270654725,1,11.18,129.54,11
801764674#4,8270654725,4375208206,1,11.18,24.26,11
801918545#0,4300940094,8236341514,1,13.89,15.0,3
801918545#1,8236341514,7500756892,1,13.89,16.76,3
802055636#0,7502121832,10171326403,2,39.44,1.58,14
802055636#1,10171326403,427841062,2,39.44,6.8,14
802292177#0,7504495668,9902399066,3,11.18,4.05,11
802292177#1,9902399066,7784826680,3,11.18,45.70000000000001,11
802292177#2,7784826680,7802856365,3,11.18,11.01,11
802292178#0,9915560878,7802856375,2,11.18,48.74,11
802292178#1,7802856375,7802856365,2,11.18,9.65,11
803024464#0,42428192,4687262941,1,11.18,11.25,3
803024464#1,4687262941,7781136145,1,11.18,69.73,3
803024464#2,7781136145,42443671,1,11.18,12.13,3
803024465#0,42428192,6210354205,1,11.18,7.93,3
803024465#1,6210354205,8569048152,1,11.18,62.67,3
803024465#2,8569048152,42428183,1,11.18,7.66,3
803024465#3,42428183,8569048150,1,11.18,7.65,3
803024465#4,8569048150,8569045585,1,11.18,44.96,3
803047266#0,42428283,10173032939,1,13.89,10.46,3
803047266#1,10173032939,10168088451,1,13.89,52.3,3
803047266#2,10168088451,42439972,1,13.89,11.7,3
803047267#0,42428283,10173032938,1,11.18,7.52,3
803047267#1,10173032938,10173490587,1,11.18,66.08,3
803047267#2,10173490587,42428277,1,11.18,8.51,3
803060436#0,42448257,7135169195,1,13.89,7.85,3
803060436#1,7135169195,6352970543,1,13.89,65.81,3
803060436#10,6352970550,6352970531,1,13.89,66.87,3
803060436#11,6352970531,42451773,1,13.89,6.73,3
803060436#12,42451773,6352970515,1,13.89,7.26,3
803060436#13,6352970515,6352970530,1,13.89,65.2,3
803060436#14,6352970530,42445757,1,13.89,7.64,3
803060436#15,42445757,6352970542,1,13.89,7.33,3
803060436#16,6352970542,6352970546,1,13.89,65.58,3
803060436#17,6352970546,42436556,1,13.89,7.89,3
803060436#2,6352970543,42435522,1,13.89,7.39,3
803060436#3,42435522,6352970533,1,13.89,7.75,3
803060436#4,6352970533,5163273892,1,13.89,65.39,3
803060436#5,5163273892,42451766,1,13.89,6.79,3
803060436#6,42451766,5163273872,1,13.89,8.5,3
803060436#7,5163273872,5163273900,1,13.89,66.74,3
803060436#8,5163273900,42429348,1,13.89,12.31,3
803060436#9,42429348,6352970550,1,13.89,12.01,3
803110016#0,1919595911,4598752825,1,11.18,9.97,3
803110016#1,4598752825,3314293707,1,11.18,124.05,3
803110016#2,3314293707,42432066,1,11.18,6.3,3
803110017#0,9181587104,1919595929,3,11.18,20.81,12
803110017#1,1919595929,4598752866,3,11.18,4.88,12
803110017#2,4598752866,9166033061,3,11.18,12.11,12
804521765#0,7480410410,7480410400,1,11.18,5.85,11
804521765#1,7480410400,7480410401,1,11.18,64.64,11
804521765#2,7480410401,42440798,1,11.18,8.41,11
804521766#0,7480410407,7480410394,1,27.78,4.86,11
804521766#1,7480410394,42440798,1,27.78,7.84,11
806169764#0,42448506,2141026523,1,13.89,15.94,3
806169764#1,2141026523,8758345345,1,13.89,9.92,3
806169764#2,8758345345,10165996978,1,13.89,56.48,3
806169764#3,10165996978,42433165,1,13.89,14.99,3
806169764#4,42433165,10165996991,1,13.89,12.84,3
806169764#5,10165996991,8807518807,1,13.89,156.3,3
806169764#6,8807518807,3099326121,1,13.89,7.56,3
806169764#7,3099326121,42453216,1,13.89,14.61,3
806169765#0,42435755,10170606869,1,11.18,7.53,11
806169765#1,10170606869,10173400460,1,11.18,66.61,11
806169765#10,10168010410,5481863728,1,11.18,22.32,11
806169765#11,5481863728,10168010406,1,11.18,42.48,11
806169765#12,10168010406,4708064890,1,11.18,7.3,11
806169765#13,4708064890,10168010402,1,11.18,7.92,11
806169765#14,10168010402,10127369912,1,11.18,64.32,11
806169765#15,10127369912,42435775,1,11.18,6.96,11
806169765#16,42435775,10127369910,1,11.18,7.32,11
806169765#17,10127369910,10168029022,1,11.18,65.93,11
806169765#18,10168029022,42429741,1,11.18,6.71,11
806169765#2,10173400460,42435761,1,11.18,5.61,11
806169765#3,42435761,10173400459,1,11.18,7.85,11
806169765#4,10173400459,10165996970,1,11.18,66.42,11
806169765#5,10165996970,42435763,1,11.18,11.2,11
806169765#6,42435763,10165996969,1,11.18,13.22,11
806169765#7,10165996969,10168010414,1,11.18,66.02,11
806169765#8,10168010414,42435766,1,11.18,6.66,11
806169765#9,42435766,10168010410,1,11.18,8.39,11
806195278#0,42435396,4983782408,1,13.89,13.48,3
806195278#1,4983782408,7096519004,1,13.89,132.8,3
806195278#2,7096519004,42435395,1,13.89,9.0,3
806195278#3,42435395,7096519012,1,13.89,8.58,3
806195278#4,7096519012,6908565323,1,13.89,28.0,3
806195278#5,6908565323,7096507155,1,13.89,99.89,3
806195279#0,42435396,4983782410,5,27.78,8.18,12
806195279#1,4983782410,10166326199,5,27.78,67.11,12
806195279#2,10166326199,42450071,5,27.78,10.07,12
806195280#0,42453577,42445258,1,11.18,81.06,12
806195280#1,42445258,42458960,1,11.18,78.39,12
806195280#10,6254630417,42436614,1,11.18,7.4,12
806195280#11,42436614,6254630439,1,11.18,7.82,12
806195280#12,6254630439,6254630448,1,11.18,64.6,12
806195280#13,6254630448,42459041,1,11.18,7.18,12
806195280#14,42459041,6254630457,1,11.18,7.89,12
806195280#15,6254630457,6254630511,1,11.18,65.93,12
806195280#16,6254630511,7076060068,1,11.18,8.7,12
806195280#17,7076060068,42450460,1,11.18,7.2,12
806195280#18,42450460,6254630424,1,11.18,8.93,12
806195280#19,6254630424,6256723720,1,11.18,66.14,12
806195280#2,42458960,42438947,1,11.18,79.47,12
806195280#20,6256723720,42445817,1,11.18,6.13,12
806195280#21,42445817,6223478644,1,11.18,8.47,12
806195280#22,6223478644,6256725798,1,11.18,65.28,12
806195280#23,6256725798,42436641,1,11.18,7.35,12
806195280#24,42436641,6256723691,1,11.18,7.09,12
806195280#25,6256723691,7781090323,1,11.18,65.22,12
806195280#26,7781090323,42459180,1,11.18,7.03,12
806195280#27,42459180,7781090326,1,11.18,8.02,12
806195280#28,7781090326,7781090338,1,11.18,64.08,12
806195280#29,7781090338,42434382,1,11.18,6.97,12
806195280#3,42438947,6254630438,1,11.18,73.11,12
806195280#30,42434382,7781090346,1,11.18,8.84,12
806195280#31,7781090346,7803460133,1,11.18,65.14,12
806195280#32,7803460133,42458112,1,11.18,7.65,12
806195280#33,42458112,7803460132,1,11.18,6.09,12
806195280#34,7803460132,7096518987,1,11.18,65.72,12
806195280#35,7096518987,42449413,1,11.18,8.27,12
806195280#36,42449413,7096519022,1,11.18,7.26,12
806195280#37,7096519022,596775855,1,11.18,67.51,12
806195280#38,596775855,596775851,1,11.18,88.24,12
806195280#39,596775851,7924346770,1,11.18,66.88,12
806195280#4,6254630438,42430477,1,11.18,6.94,12
806195280#40,7924346770,42435392,1,11.18,7.1,12
806195280#41,42435392,7924346926,1,11.18,9.01,12
806195280#42,7924346926,42458342,1,11.18,78.4,12
806195280#43,42458342,10173037241,1,11.18,79.67,12
806195280#44,10173037241,42449833,1,11.18,5.77,12
806195280#45,42449833,10173037240,1,11.18,8.12,12
806195280#46,10173037240,10170646958,1,11.18,64.97,12
806195280#47,10170646958,42439488,1,11.18,6.77,12
806195280#48,42439488,10170646954,1,11.18,7.66,12
806195280#49,10170646954,10127369885,1,11.18,64.65,12
806195280#5,42430477,6254630501,1,11.18,7.76,12
806195280#50,10127369885,42435222,1,11.18,7.11,12
806195280#51,42435222,10127369884,1,11.18,7.73,12
806195280#52,10127369884,10170646994,1,11.18,65.12,12
806195280#53,10170646994,42443818,1,11.18,6.32,12
806195280#54,42443818,10170646990,1,11.18,8.83,12
806195280#55,10170646990,10170647013,1,11.18,65.45,12
806195280#56,10170647013,42456162,1,11.18,6.17,12
806195280#57,42456162,10170647009,1,11.18,8.1,12
806195280#58,10170647009,10170656841,1,11.18,64.75,12
806195280#59,10170656841,42445185,1,11.18,7.08,12
806195280#6,6254630501,6254630404,1,11.18,64.78,12
806195280#60,42445185,10170656837,1,11.18,7.52,12
806195280#61,10170656837,10170656857,1,11.18,65.41,12
806195280#62,10170656857,42452330,1,11.18,7.08,12
806195280#63,42452330,10170656854,1,11.18,7.77,12
806195280#64,10170656854,10169411314,1,11.18,65.56,12
806195280#65,10169411314,42438707,1,11.18,6.56,12
806195280#66,42438707,10169411308,1,11.18,7.56,12
806195280#67,10169411308,10169411301,1,11.18,66.64,12
806195280#68,10169411301,42444456,1,11.18,11.6,12
806195280#7,6254630404,42434894,1,11.18,6.98,12
806195280#8,42434894,6254630482,1,11.18,8.26,12
806195280#9,6254630482,6254630417,1,11.18,64.31,12
806341215#0,42440639,4876645531,1,11.18,6.58,3
806341215#1,4876645531,5215013217,1,11.18,71.88,3
806341215#2,5215013217,42437401,1,11.18,8.93,3
806341216#0,42440628,4876645555,1,11.18,11.74,3
806341216#1,4876645555,4876645541,1,11.18,166.72,3
806341216#2,4876645541,42440639,1,11.18,12.01,3
806341217#0,42440628,10612369340,1,11.18,30.42,3
806341217#1,10612369340,42440639,1,11.18,7.08,3
806463252#0,42431154,8262308727,1,13.89,10.91,3
806463252#1,8262308727,8262308613,1,13.89,133.41,3
806463252#2,8262308613,42431151,1,13.89,6.26,3
806472902#0,42429412,8262308723,1,11.18,6.25,3
806472902#1,8262308723,8262308728,1,11.18,66.64,3
806472902#2,8262308728,42431154,1,11.18,8.8,3
806472903#0,42429412,8262308724,1,11.18,7.56,3
806472903#1,8262308724,10168276337,1,11.18,74.57,3
806472903#2,10168276337,4872626641,1,11.18,24.43,3
806472903#3,4872626641,42429431,1,11.18,10.43,3
806481489#0,42437929,9559342279,1,11.18,8.18,11
806481489#1,9559342279,7541804760,1,11.18,5.01,11
807371089,3786728751,42443119,2,11.18,18.63,12
808055022#0,7556282024,7050687017,4,11.18,37.61,12
808055022#1,7050687017,42439464,4,11.18,9.18,12
808055023#0,42439464,7050687016,3,11.18,9.21,12
808055023#1,7050687016,7050687027,3,11.18,62.169999999999995,12
808055023#10,1733614298,3377383057,3,11.18,8.98,12
808055023#11,3377383057,5115916411,3,11.18,65.31,12
808055023#12,5115916411,42442422,3,11.18,6.72,12
808055023#2,7050687027,42429999,3,11.18,6.52,12
808055023#3,42429999,7050687025,3,11.18,5.5,12
808055023#4,7050687025,6880596137,3,11.18,3.18,12
808055023#5,6880596137,7050687034,3,11.18,64.47,12
808055023#6,7050687034,42442417,3,11.18,6.84,12
808055023#7,42442417,7050687033,3,11.18,7.62,12
808055023#8,7050687033,3377383055,3,11.18,62.25,12
808055023#9,3377383055,1733614298,3,11.18,7.87,12
808190576#0,7557417147,3998699935,4,11.18,40.05,12
808190576#1,3998699935,42455643,4,11.18,11.53,12
808190577#0,7557417108,3998699925,4,11.18,14.57,12
808190577#1,3998699925,42440966,4,11.18,8.32,12
808190578#0,7557417154,9441141805,4,11.18,32.41,12
808190578#1,9441141805,42440935,4,11.18,6.31,12
808190579#0,7557417119,6534229348,4,11.18,27.64,12
808190579#1,6534229348,42449550,4,11.18,7.19,12
808190584#0,42440966,3998699927,3,11.18,6.79,12
808190584#1,3998699927,3998699929,3,11.18,64.58,12
808190584#2,3998699929,42431563,3,11.18,7.510000000000001,12
808190584#3,42431563,3998699931,3,11.18,7.16,12
808190584#4,3998699931,7557417147,3,11.18,26.47,12
808190587#0,7557417142,10085807107,3,11.18,36.02,12
808190587#1,10085807107,42446363,3,11.18,8.52,12
808190588#0,42449550,6534229346,3,11.18,9.38,12
808190588#1,6534229346,6534229345,3,11.18,64.82,12
808190588#2,6534229345,42450434,3,11.18,6.38,12
808473896#0,3270031028,9421943122,1,13.89,7.05,4
808473896#1,9421943122,6634486307,1,13.89,32.05,4
808473896#2,6634486307,5165632724,1,13.89,13.84,4
808473896#3,5165632724,11153451719,1,13.89,2.0,4
808473896#4,11153451719,593915274,1,13.89,25.5,4
808473897#0,3270031028,8261044796,1,13.89,7.7,4
808473897#1,8261044796,6634486387,1,13.89,63.08,4
808473897#2,6634486387,3270031030,1,13.89,9.32,4
808611020,7561173749,4158752889,3,13.410000000000002,35.36,13
808611021,4158752891,7561173748,2,13.41,35.29,13
809013917#0,7050687076,432736824,3,11.18,71.14,12
809013917#1,432736824,42442410,3,11.18,5.919999999999999,12
809013918#0,42442410,7050687070,3,11.18,9.46,12
809013918#1,7050687070,7050687055,3,11.18,60.59,12
809013918#2,7050687055,42442415,3,11.18,10.52,12
809013919#0,6791166002,6458959584,1,11.18,26.33,3
809013919#1,6458959584,5118033532,1,11.18,29.59,3
809013919#2,5118033532,42421982,1,11.18,11.45,3
809826505#0,1834885406,7571420012,1,11.18,64.81,3
809826505#1,7571420012,4604258204,1,11.18,58.51,3
809826505#2,4604258204,7571410127,1,11.18,9.15,3
809826505#3,7571410127,3262539813,1,11.18,31.88,3
809826505#4,3262539813,7120586340,1,11.18,4.27,3
809826505#5,7120586340,7120586339,1,11.18,35.9,3
809826505#6,7120586339,42443403,1,11.18,54.23,3
809826506#0,7083286370,3602672707,2,11.18,33.66,3
809826506#1,3602672707,7083341698,2,11.18,79.71,3
809826506#2,7083341698,42447273,2,11.18,9.59,3
809826507#0,6914116751,42442552,1,11.18,17.47,3
809826507#1,42442552,1834885406,1,11.18,12.69,3
810068700#0,7801775745,7502904720,2,11.18,31.87,3
810068700#1,7502904720,42443388,2,11.18,13.62,3
810068702,7801775726,7801775745,2,13.89,24.18,3
810071011#0,42447273,7083286369,2,11.18,10.47,3
810071011#1,7083286369,9915643014,2,11.18,85.55,3
8119396,252128124,374460018,3,22.350000000000005,512.46,14
8119432,60928425,60928432,3,22.350000000000005,324.61,14
8119436,595464699,595464709,3,20.12,165.58,14
8119481,60927832,60927836,1,11.18,109.09,11
8119530#0,42427016,9566892713,1,22.22,10.54,9
8119530#1,9566892713,7249365348,1,22.22,108.37,9
8119530#2,7249365348,60918583,1,22.22,44.84,9
8119542,8316781084,60925101,2,22.22,138.82,9
8119547,60925389,589927893,2,22.22,290.66,9
8119552,373780963,60918586,2,22.22,130.43,9
8119555,60925316,60925716,1,22.22,50.75,9
8119556,60925316,60925728,1,22.22,51.63,9
8119558,5891063515,60921162,1,22.22,71.6,9
8119559,9908464005,60921162,1,22.22,71.38,9
8119561,9566938928,60926042,2,22.22,18.6,9
8119562#0,60925991,5048446875,2,11.18,7.49,12
8119562#1,5048446875,60926009,2,11.18,78.65,12
8119562#2,60926009,9908570825,2,11.18,25.96,12
8119569,60918686,60926787,2,22.22,178.88,9
8119573,60926140,60927279,2,22.22,82.59,9
8119578,60927487,595441954,1,22.22,23.02,9
8119579,60927832,60927984,1,22.22,196.13,9
8119581,60917021,60928134,2,22.22,136.53,9
8119582,60928137,595441960,1,22.22,43.39,9
8119583#0,60927650,10873903276,1,22.22,148.48,9
8119583#1,10873903276,60927825,1,22.22,34.99,9
8119586,60928432,60928588,2,22.22,163.18,9
8119587,595735489,595735458,2,22.22,114.35,9
8119590,60928695,60928838,2,22.22,98.07,9
8119591,60928599,595441952,2,22.22,102.42,9
8119592,60928599,595736226,2,22.22,547.53,9
8119593,1829177258,595448603,1,22.22,30.82,7
8119594,60926787,595448603,1,22.22,65.85,9
8119595,60926616,595448632,1,22.22,14.25,9
8119596#0,60929261,9166213998,1,11.18,58.33,11
8119596#1,9166213998,9563821093,1,11.18,8.78,11
8119596#2,9563821093,9166213997,1,11.18,10.61,11
8119600,60929278,60916829,1,22.22,221.37,9
8119608,60927291,595441955,2,22.22,251.45,9
8119611,60927007,60929762,2,22.22,183.48,9
8119612,60927823,60929888,1,22.22,214.78,9
812936280#0,42436134,8429031342,1,11.18,5.69,3
812936280#1,8429031342,10166176731,1,11.18,68.98,3
812936280#10,10168907018,42436146,1,11.18,71.23,3
812936280#2,10166176731,42436135,1,11.18,6.42,3
812936280#3,42436135,10166176729,1,11.18,6.38,3
812936280#4,10166176729,10168907021,1,11.18,67.67,3
812936280#5,10168907021,42436139,1,11.18,5.13,3
812936280#6,42436139,10168907023,1,11.18,7.24,3
812936280#7,10168907023,10168907019,1,11.18,68.67,3
812936280#8,10168907019,42436142,1,11.18,7.2,3
812936280#9,42436142,10168907018,1,11.18,6.97,3
812936282#0,42436088,8307641937,1,11.18,8.1,3
812936282#1,8307641937,42442288,1,11.18,55.36,3
812936282#2,42442288,8307641935,1,11.18,56.15,3
812936282#3,8307641935,42436355,1,11.18,11.26,3
812936282#4,42436355,8307641879,1,11.18,10.74,3
812936282#5,8307641879,4560056040,1,11.18,58.4,3
812936282#6,4560056040,7079923150,1,11.18,8.3,3
812936282#7,7079923150,5173374393,1,11.18,61.93,3
812936282#8,5173374393,4616536351,1,11.18,9.01,3
812939218#0,42444414,7139624444,1,11.18,5.62,3
812939218#1,7139624444,42442107,1,11.18,8.16,3
812939218#2,42442107,1251958257,1,11.18,100.58,3
812949647#0,42428313,8785244252,2,27.78,7.58,11
812949647#1,8785244252,10142214276,2,27.78,120.84,11
812949647#10,42449550,6534229349,2,27.78,13.26,11
812949647#11,6534229349,8307463101,2,27.78,248.89,11
812949647#12,8307463101,42430722,2,27.78,10.46,11
812949647#2,10142214276,10087052495,2,27.78,37.73,11
812949647#3,10087052495,42435705,2,27.78,13.66,11
812949647#4,42435705,10087002409,2,27.78,13.77,11
812949647#5,10087002409,2351532363,2,27.78,248.11,11
812949647#6,2351532363,1815133244,2,27.78,12.26,11
812949647#7,1815133244,3463810249,2,27.78,13.81,11
812949647#8,3463810249,6534229347,2,27.78,249.56,11
812949647#9,6534229347,42449550,2,27.78,10.68,11
812949648#0,42428312,3977886871,2,22.22,8.15,10
812949648#1,3977886871,3977886866,2,22.22,63.92,10
812949648#2,3977886866,42428310,2,22.22,8.47,10
813467797#0,7732243573,8236461972,1,11.18,11.51,3
813467797#1,8236461972,589927965,1,11.18,124.47,3
813506664#0,6993051350,10106642888,1,13.89,227.2,3
813506664#1,10106642888,6791440575,1,13.89,22.85,3
813506664#2,6791440575,42438928,1,13.89,11.69,3
813506664#3,42438928,6886295096,1,13.89,12.68,3
813506664#4,6886295096,7323388257,1,13.89,230.5,3
813506664#5,7323388257,6886294935,1,13.89,11.36,3
813506664#6,6886294935,1506599377,1,13.89,8.96,3
813727586,6166413701,6166413707,2,17.88,221.84,14
813956617#0,42444832,7977832456,1,8.94,7.91,10
813956617#1,7977832456,4216045828,1,8.94,58.76,10
813956617#10,4216045832,4216045835,1,8.94,61.18,10
813956617#11,4216045835,42430924,1,8.94,7.25,10
813956617#12,42430924,4216045798,1,8.94,7.26,10
813956617#13,4216045798,8309479494,1,8.94,63.28,10
813956617#14,8309479494,42455007,1,8.94,6.28,10
813956617#15,42455007,8309479493,1,8.94,6.14,10
813956617#16,8309479493,8309479486,1,8.94,69.18,10
813956617#17,8309479486,42446562,1,8.94,5.92,10
813956617#18,42446562,8309479485,1,8.94,6.46,10
813956617#19,8309479485,8309479478,1,8.94,67.78,10
813956617#2,4216045828,42434226,1,8.94,6.99,10
813956617#20,8309479478,42436947,1,8.94,7.24,10
813956617#21,42436947,8309479477,1,8.94,7.5,10
813956617#22,8309479477,4298781040,1,8.94,68.74,10
813956617#23,4298781040,42439001,1,8.94,12.78,10
813956617#3,42434226,4216045851,1,8.94,8.34,10
813956617#4,4216045851,4216045854,1,8.94,63.28,10
813956617#5,4216045854,2324482224,1,8.94,5.94,10
813956617#6,2324482224,4216045821,1,8.94,7.01,10
813956617#7,4216045821,4216045810,1,8.94,62.37,10
813956617#8,4216045810,42449027,1,8.94,6.3,10
813956617#9,42449027,4216045832,1,8.94,7.16,10
813956618#0,42444832,7977832455,1,8.94,7.99,3
813956618#1,7977832455,7977873288,1,8.94,209.87,3
813956618#2,7977873288,42444833,1,8.94,10.68,3
813956618#3,42444833,7977873285,1,8.94,7.81,3
813956618#4,7977873285,8386250193,1,8.94,155.41,3
813956618#5,8386250193,8309479366,1,8.94,56.04,3
813956618#6,8309479366,42444835,1,8.94,10.06,3
813970415#0,42434271,10171509274,1,11.18,12.56,3
813970415#1,10171509274,10171337719,1,11.18,249.44,3
813970415#2,10171337719,42434270,1,11.18,12.17,3
813970416#0,42434270,10171337716,3,11.18,7.78,11
813970416#1,10171337716,9683231687,3,11.18,63.29999999999999,11
813970416#2,9683231687,42439836,3,11.18,7.580000000000001,11
813970416#3,42439836,9683231688,3,11.18,6.61,11
813970416#4,9683231688,7956044489,3,11.18,44.01,11
813970417#0,42434270,10171337717,1,11.18,12.11,3
813970417#1,10171337717,10171337670,1,11.18,248.7,3
813970417#2,10171337670,42430269,1,11.18,13.34,3
813972135#0,42434354,9507816964,1,11.18,7.87,3
813972135#1,9507816964,9679181049,1,11.18,60.03,3
813972135#2,9679181049,42434355,1,11.18,6.14,3
813972136#0,42434354,9507816955,1,11.18,8.29,3
813972136#1,9507816955,9507816957,1,11.18,132.55,3
813972136#2,9507816957,42449890,1,11.18,13.74,3
814002681,3944770822,371037077,2,15.65,124.87,13
814054676#0,42429002,7604384302,1,13.89,12.81,3
814054676#1,7604384302,7604384329,1,13.89,117.38,3
814054676#2,7604384329,42427159,1,13.89,10.16,3
814259709#0,42433212,8279851782,1,11.18,7.09,3
814259709#1,8279851782,8279851747,1,11.18,46.35,3
814259709#2,8279851747,42433218,1,11.18,8.35,3
814259710#0,42433212,8279851784,1,11.18,8.61,3
814259710#1,8279851784,8279851773,1,11.18,92.77,3
814259710#2,8279851773,42452620,1,11.18,7.14,3
814278017#0,42454042,10090624299,4,11.18,7.85,12
814278017#1,10090624299,7557417142,4,11.18,28.79,12
814278018#0,42454042,10090631696,1,11.18,13.33,3
814278018#1,10090631696,6863266396,1,11.18,47.87,3
814278018#2,6863266396,6895152830,1,11.18,39.2,3
814278018#3,6895152830,10111318245,1,11.18,138.95,3
814278018#4,10111318245,10111318242,1,11.18,12.96,3
814278018#5,10111318242,10090622110,1,11.18,9.67,3
814278018#6,10090622110,42430707,1,11.18,10.74,3
814278019#0,42443532,10171089669,4,27.78,8.86,12
814278019#1,10171089669,8646554912,4,27.78,65.03,12
814278019#2,8646554912,42445020,4,27.78,8.3,12
814278021#0,42445025,3463815148,1,13.89,13.82,3
814278021#1,3463815148,10090656448,1,13.89,248.72,3
814278021#2,10090656448,42454042,1,13.89,11.47,3
814284748#0,2141026542,8758345320,1,13.89,11.54,3
814284748#1,8758345320,9557110358,1,13.89,237.85,3
814284748#2,9557110358,3099327976,1,13.89,9.54,3
814612602#0,42437283,9679181046,3,11.18,7.8,12
814612602#1,9679181046,10172843054,3,11.18,59.419999999999995,12
814612602#10,4132605231,4132605267,3,11.18,65.26,12
814612602#11,4132605267,42440326,3,11.18,5.79,12
814612602#12,42440326,4132605269,3,11.18,6.150000000000001,12
814612602#13,4132605269,4132605270,3,11.18,66.67,12
814612602#14,4132605270,42448701,3,11.18,13.13,12
814612602#2,10172843054,42449893,3,11.18,6.95,12
814612602#3,42449893,10172843050,3,11.18,7.78,12
814612602#4,10172843050,4132605205,3,11.18,60.22,12
814612602#5,4132605205,42439170,3,11.18,6.47,12
814612602#6,42439170,4132605206,3,11.18,7.77,12
814612602#7,4132605206,4132605215,3,11.18,59.91,12
814612602#8,4132605215,390519635,3,11.18,5.98,12
814612602#9,390519635,4132605231,3,11.18,8.25,12
814612603#0,42449890,9507816947,1,11.18,13.8,3
814612603#1,9507816947,4191917276,1,11.18,119.8,3
814612603#2,4191917276,42455465,1,11.18,6.58,3
814840327,5798966629,4241748518,4,11.18,15.74,12
814840328#0,7611187236,8821475417,4,11.18,26.09,12
814840328#1,8821475417,7480301867,4,11.18,5.92,12
814841667#0,7476968855,7476968856,1,11.18,13.2,3
814841667#1,7476968856,7498248235,1,11.18,1.5,3
814841668,7476968854,7476968855,1,11.18,7.06,3
815019389#0,486867548,7476387562,3,11.18,6.94,12
815019389#1,7476387562,7612925053,3,11.18,62.48,12
815019389#2,7612925053,7476387559,3,11.18,6.62,12
815019389#3,7476387559,3630249566,3,11.18,7.46,12
815019390#0,7612925053,8310245543,1,11.18,7.33,3
815019390#1,8310245543,7476387556,1,11.18,9.33,3
815541797#0,595313982,10302073274,1,13.89,7.45,3
815541797#1,10302073274,10302073267,1,13.89,37.12,3
815541797#2,10302073267,10129081639,1,13.89,65.54,3
815541797#3,10129081639,42434101,1,13.89,8.58,3
815544993#0,7616688918,10049860708,1,13.89,7.56,3
815544993#1,10049860708,7732571899,1,13.89,116.17,3
815544993#2,7732571899,10049857025,1,13.89,52.29,3
815544993#3,10049857025,42441077,1,13.89,12.04,3
815546101#0,42446218,10055110508,1,13.89,9.32,3
815546101#1,10055110508,42451540,1,13.89,29.0,3
815546102#0,7260975615,10050036785,1,13.89,13.37,3
815546102#1,10050036785,561035344,1,13.89,10.19,3
815936373#0,1695379703,10171493828,1,22.22,5.99,10
815936373#1,10171493828,7620445877,1,22.22,13.09,10
815936374#0,42435763,10165996968,1,22.22,9.56,10
815936374#1,10165996968,7620445877,1,22.22,236.8,10
815957441#0,6929267022,5481863736,1,13.89,28.46,3
815957441#1,5481863736,7590761557,1,13.89,29.88,3
815957441#2,7590761557,42436739,1,13.89,109.06,3
815957441#3,42436739,10173250034,1,13.89,64.73,3
815957441#4,10173250034,42442586,1,13.89,12.54,3
815958386#0,2383895311,7620631151,1,13.89,59.11,3
815958386#1,7620631151,9094916641,1,13.89,12.54,3
818182930#0,7641360304,4918486117,6,11.18,47.07,12
818182930#1,4918486117,42442961,6,11.18,9.07,12
818252752,7480301866,5798966629,2,11.18,13.66,12
818255303#0,42437113,8231896504,1,11.18,11.98,3
818255303#1,8231896504,42431712,1,11.18,31.5,3
818255303#2,42431712,8231896515,1,11.18,59.32,3
818255303#3,8231896515,1773076778,1,11.18,8.34,3
819074877,3831856763,595105499,2,27.78,13.86,12
819074878,5993830853,6133355290,3,27.78,45.47,12
822072342#0,42435319,7123525315,2,11.18,6.34,11
822072342#1,7123525315,7123525301,2,11.18,67.09,11
822072342#2,7123525301,42435323,2,11.18,5.95,11
822072342#3,42435323,7123525322,2,11.18,7.02,11
822072342#4,7123525322,7123525312,2,11.18,66.22,11
822072342#5,7123525312,42435328,2,11.18,7.25,11
822128685#0,370893397,9181587082,2,11.18,9.17,12
822128685#1,9181587082,4205946595,2,11.18,36.17,12
822128686,42454391,42457401,2,11.18,20.48,12
822128687,42446398,370893397,2,11.18,14.02,3
823152484#0,7685162940,7685162939,2,11.18,34.35,3
823152484#1,7685162939,42444353,2,11.18,11.53,3
825236402,7443617343,7443621689,3,27.78,48.59,12
825365735#0,7072589169,8821315491,2,11.18,21.63,11
825365735#1,8821315491,42428346,2,11.18,7.94,11
825365735#2,42428346,588546891,2,11.18,14.32,11
827463376,3574648580,4149947889,1,11.18,72.16,9
827979008#0,42428374,5083818844,2,11.18,6.92,11
827979008#1,5083818844,42428373,2,11.18,27.29,11
827979008#2,42428373,5083818841,2,11.18,27.37,11
827979008#3,5083818841,42428371,2,11.18,8.43,11
827979008#4,42428371,5083818843,2,11.18,1.24,11
827979008#5,5083818843,8281922261,2,11.18,64.81,11
827979008#6,8281922261,42428370,2,11.18,3.62,11
828253777,7096507155,42435392,1,13.89,6.32,3
828253779#0,7732243573,9557110442,1,13.89,12.99,3
828253779#1,9557110442,589928003,1,13.89,47.1,3
828253779#2,589928003,6863600902,1,13.89,19.94,3
828253779#3,6863600902,6863600905,1,13.89,167.0,3
828253779#4,6863600905,9557110353,1,13.89,48.11,3
828253779#5,9557110353,42435957,1,13.89,9.75,3
828253780,7732243573,371337175,1,27.78,17.46,11
828253781#0,42434243,7612920613,2,11.18,37.18,11
828253781#1,7612920613,9903127425,2,11.18,50.48,11
828292964#0,3269867944,6868145370,1,27.78,20.59,11
828292964#1,6868145370,7732571885,1,27.78,28.92,11
828292964#2,7732571885,6813350876,1,27.78,223.06,11
828292964#3,6813350876,6813350873,1,27.78,30.73,11
828292964#4,6813350873,42441191,1,27.78,87.3,11
828292965#0,7732571908,10049926013,2,27.78,41.36,12
828292965#1,10049926013,6867580414,2,27.78,17.5,12
828292966#0,7732571917,10128811420,1,13.89,15.54,3
828292966#1,10128811420,10129081827,1,13.89,131.62,3
828292966#2,10129081827,10128759069,1,13.89,112.14,3
828292966#3,10128759069,7732654932,1,13.89,9.23,3
828292967,7732571915,7732571908,2,27.78,51.3,12
828292968#0,42438228,10128660288,1,13.89,7.36,3
828292968#1,10128660288,10128889849,1,13.89,63.63,3
828292968#2,10128889849,42429541,1,13.89,7.25,3
828292968#3,42429541,10128889847,1,13.89,7.44,3
828292968#4,10128889847,7768883542,1,13.89,14.63,3
828292968#5,7768883542,10128878986,1,13.89,50.58,3
828292968#6,10128878986,42434105,1,13.89,8.03,3
828303725#0,42428858,10049830861,2,27.78,10.78,12
828303725#1,10049830861,10050028846,2,27.78,149.09,12
828303725#2,10050028846,42421857,2,27.78,9.43,12
828303725#3,42421857,10050028847,2,27.78,10.43,12
828303725#4,10050028847,6886295091,2,27.78,226.93,12
828303725#5,6886295091,1506591534,2,27.78,9.24,12
828307999#0,7732653971,10171129707,1,13.89,9.54,3
828307999#1,10171129707,10170977545,1,13.89,242.91,3
828307999#2,10170977545,42435997,1,13.89,11.83,3
828308000#0,7732653971,10168100432,2,27.78,72.29,12
828308000#1,10168100432,561035349,2,27.78,13.82,12
829073006#0,5007384486,5007384484,1,11.18,19.94,3
829073006#1,5007384484,5007384459,1,11.18,32.74,3
829073006#2,5007384459,1632878885,1,11.18,8.4,3
829427491#0,42432917,7004398489,1,11.18,9.47,11
829427491#1,7004398489,10171069670,1,11.18,75.7,11
829427491#2,10171069670,42432926,1,11.18,8.29,11
829427491#3,42432926,10171069674,1,11.18,10.08,11
829427491#4,10171069674,10171069699,1,11.18,66.44,11
829427491#5,10171069699,7732243565,1,11.18,15.76,11
829427492,42432928,7732243565,1,13.89,8.24,3
833386644#0,42429705,42429707,1,8.94,117.68,10
833386644#1,42429707,9561209097,1,8.94,79.78,10
833386644#2,9561209097,42429708,1,8.94,7.03,10
833564685,4379966535,4515465265,1,13.89,8.57,4
834043278,7785803411,42434382,1,13.89,5.8,3
834043280,596776325,7785803413,1,13.89,5.63,3
834043281,7785803401,589928020,2,11.18,3.2,3
834043282,7785803398,7785803401,2,11.18,18.35,3
834043284#0,42432376,7123798396,1,11.18,40.08,3
834043284#1,7123798396,42432352,1,11.18,8.6,3
834043286#0,42434382,7781090344,1,13.89,5.63,3
834043286#1,7781090344,5481998070,1,13.89,28.63,3
834043286#2,5481998070,7811793775,1,13.89,100.15,3
834043286#3,7811793775,42434384,1,13.89,8.43,3
834043287,7785803413,7785803411,1,13.89,16.63,3
834058007,3247295579,42452290,1,27.78,13.62,11
834235528,7787545801,7787545800,1,13.89,17.14,3
834235530,6254630464,596776413,2,11.18,6.79,3
834235533#0,42436627,2947964864,1,11.18,12.36,3
834235533#1,2947964864,6191027306,1,11.18,203.87,3
834235533#2,6191027306,42436630,1,11.18,13.21,3
834235534#0,42436624,6191027309,1,11.18,12.35,3
834235534#1,6191027309,5481998021,1,11.18,52.95,3
834235534#2,5481998021,2947964862,1,11.18,138.1,3
834235534#3,2947964862,42436627,1,11.18,12.55,3
834235537#0,42436610,4969073759,2,11.18,12.33,3
834235537#1,4969073759,7787545803,2,11.18,89.9,3
834235538,7787545823,42436614,2,11.18,3.64,3
834235539,7787545800,596775825,1,13.89,5.6,3
834235540,7787545810,7787545806,1,13.89,16.89,3
834235544#0,7787545806,596776224,1,13.89,5.88,3
834235544#1,596776224,6254630493,1,13.89,6.83,3
834235544#2,6254630493,6254651507,1,13.89,23.46,3
834235544#3,6254651507,6254651525,1,13.89,88.17,3
834235544#4,6254651525,6254630472,1,13.89,13.63,3
834235544#5,6254630472,42430474,1,13.89,11.98,3
834235544#6,42430474,6254630434,1,13.89,12.05,3
834235544#7,6254630434,7093408637,1,13.89,90.95,3
834235544#8,7093408637,7089698650,1,13.89,43.15,3
834235544#9,7089698650,42425127,1,13.89,9.54,3
834235546,596776413,7787545811,1,11.18,5.73,3
834235547,7787545803,6254630464,2,11.18,35.55,3
834235549,7787545811,7787545823,1,11.18,17.31,3
834238141#0,7480346927,8821523712,1,11.18,24.62,6
834238141#1,8821523712,7480410404,1,11.18,7.38,6
834238141#2,7480410404,42437988,1,11.18,9.42,6
834238142#0,7480301864,3212472830,2,11.18,10.81,12
834238142#1,3212472830,3314285365,2,11.18,51.51,12
834238142#2,3314285365,5854382586,2,11.18,72.29,12
834238142#3,5854382586,42432057,2,11.18,7.35,12
834238142#4,42432057,5854381578,2,11.18,5.53,12
834238142#5,5854381578,9181660645,2,11.18,90.57,12
834238144#0,3212472978,7480301990,1,11.18,11.85,11
834238144#1,7480301990,6330018917,1,11.18,10.74,11
834248946,7787627723,5799713818,1,11.18,39.56,3
834248949#0,7787627732,7480515815,3,11.18,38.15,12
834248949#1,7480515815,42437481,3,11.18,10.55,12
834248951#0,5799713818,7787627735,1,11.18,27.31,3
834248951#1,7787627735,42448440,1,11.18,8.19,3
834286768#0,247120349,247120350,1,11.18,22.06,12
834286768#1,247120350,7787939273,1,11.18,25.66,12
835176553#0,42445037,10082707747,2,11.18,13.23,12
835176553#1,10082707747,3998699936,2,11.18,249.42,12
835176553#2,3998699936,42455643,2,11.18,11.87,12
835176554#0,42428570,8732949886,4,11.18,9.89,12
835176554#1,8732949886,8821677089,4,11.18,30.96,12
835176555#0,42421972,9904553348,4,11.18,9.49,12
835176555#1,9904553348,9907441341,4,11.18,72.02,12
835176555#2,9907441341,42428570,4,11.18,12.03,12
835176556#0,1061531777,9904553342,1,13.89,12.36,3
835176556#1,9904553342,10187602683,1,13.89,43.53,3
835176556#2,10187602683,10187602672,1,13.89,5.93,3
835176556#3,10187602672,7837165541,1,13.89,23.38,3
835176556#4,7837165541,42421969,1,13.89,8.93,3
835176557#0,42428575,9904562776,1,27.78,12.24,11
835176557#1,9904562776,7447580923,1,27.78,29.47,11
835176557#2,7447580923,7512568049,1,27.78,8.98,11
835176557#3,7512568049,7512568052,1,27.78,15.62,11
835176557#4,7512568052,9441357368,1,27.78,7.42,11
835176557#5,9441357368,9441357365,1,27.78,17.68,11
835176557#6,9441357365,9904385871,1,27.78,8.15,11
835176557#7,9904385871,1241742563,1,27.78,12.46,11
835176558#0,42428575,7515977397,4,11.18,9.34,12
835176558#1,7515977397,9904570981,4,11.18,71.36,12
835176558#2,9904570981,42421972,4,11.18,10.96,12
835176559,1061531447,42428579,1,13.89,19.31,3
835176560#0,10798832217,4491377965,3,27.78,39.25,12
835176560#1,4491377965,1061531685,3,27.78,9.16,12
835694479#0,42428385,8262936605,3,11.18,7.419999999999999,11
835694479#1,8262936605,8281922223,3,11.18,48.99,11
835694479#2,8281922223,42428379,3,11.18,4.62,11
835694480#0,42428385,8262936606,1,11.18,8.61,3
835694480#1,8262936606,10301698981,1,11.18,81.44,3
835694480#2,10301698981,8262936503,1,11.18,36.19,3
835694480#3,8262936503,8840333846,1,11.18,8.42,3
835853673#0,42443388,7801775750,1,11.18,11.98,3
835853673#1,7801775750,7801775727,1,11.18,83.74,3
835853673#2,7801775727,5669156315,1,11.18,138.96,3
835853673#3,5669156315,7801775723,1,11.18,26.11,3
835853673#4,7801775723,42442542,1,11.18,12.24,3
835853673#5,42442542,7801775747,1,11.18,12.73,3
835853673#6,7801775747,7004447600,1,11.18,105.67,3
835853673#7,7004447600,1061531504,1,11.18,10.68,3
837450654#0,272195271,8262309635,2,11.18,10.98,4
837450654#1,8262309635,10885572122,2,11.18,51.38,4
837450654#2,10885572122,7439027750,2,11.18,88.35,4
837450654#3,7439027750,42431611,2,11.18,12.18,4
837450655,42431602,7816179466,2,11.18,106.13,4
837515831#0,6417761624,8262936764,6,13.409999999999998,50.31,13
837515831#1,8262936764,42422028,6,13.409999999999998,19.83,13
837515833#0,7816666406,10223354310,5,13.41,27.2,13
837515833#1,10223354310,5815234914,5,13.41,15.289999999999997,13
837515833#2,5815234914,246858431,5,13.41,12.76,13
837515835#0,7816666405,4281671258,1,11.18,74.21,3
837515835#1,4281671258,5215013202,1,11.18,42.21,3
837515835#2,5215013202,42422026,1,11.18,14.48,3
837696043#0,7818397388,9492556588,2,22.22,30.77,10
837696043#1,9492556588,42431005,2,22.22,7.22,10
837696044#0,42431005,9177400764,1,11.18,7.34,10
837696044#1,9177400764,9492556579,1,11.18,66.35,10
837696044#2,9492556579,42431007,1,11.18,6.72,10
837696045#0,42431007,9492556578,1,11.18,7.49,10
837696045#1,9492556578,7818397389,1,11.18,33.76,10
837696046#0,7818397389,9492556562,2,11.18,32.96,10
837696046#1,9492556562,42431008,2,11.18,6.74,10
837696047#0,42431008,9492556531,1,11.18,7.09,10
837696047#1,9492556531,9492556546,1,11.18,66.63,10
837696047#2,9492556546,42431009,1,11.18,6.76,10
837696048#0,42431009,9492542185,1,22.22,7.0,10
837696048#1,9492542185,7818397390,1,22.22,35.43,10
837696049#0,42431015,9492556557,1,11.18,6.36,10
837696049#1,9492556557,9492542184,1,11.18,65.85,10
837696049#2,9492542184,42428068,1,11.18,6.61,10
837696050#0,7818397390,9492556527,2,11.18,31.16,10
837696050#1,9492556527,42431015,2,11.18,8.34,10
837696051#0,42428068,9492556572,1,11.18,7.97,10
837696051#1,9492556572,7818397391,1,11.18,37.27,10
837696052#0,42431019,8727756096,1,11.18,12.28,10
837696052#1,8727756096,7818397392,1,11.18,25.82,10
837696053,7818397391,8727756099,2,11.18,30.36,10
837696054#0,42421776,8727756088,1,11.18,7.47,10
837696054#1,8727756088,7818397393,1,11.18,34.68,10
837696055#0,7818397392,8727756092,1,11.18,41.72,10
837696055#1,8727756092,42421776,1,11.18,7.43,10
837696056#0,7818397393,8727756084,2,11.18,31.65,10
837696056#1,8727756084,42431024,2,11.18,7.55,10
837696057#0,42431024,8727756080,1,11.18,6.66,10
837696057#1,8727756080,8727756076,1,11.18,66.0,10
837696057#2,8727756076,42431027,1,11.18,7.59,10
837696058#0,42431027,8727756072,1,11.18,7.0,10
837696058#1,8727756072,7818397394,1,11.18,33.34,10
837696059#0,42431030,8727756067,1,11.18,7.79,10
837696059#1,8727756067,8727756061,1,11.18,66.08,10
837696059#2,8727756061,42421810,1,11.18,6.77,10
837696060#0,7818397394,8727756070,2,11.18,32.97,10
837696060#1,8727756070,42431030,2,11.18,6.88,10
837696061#0,42421810,8727756058,2,11.18,7.48,10
837696061#1,8727756058,7818397395,2,11.18,34.01,10
837696062#0,7818397395,8727756056,2,11.18,32.33,10
837696062#1,8727756056,42431034,2,11.18,6.4,10
837696063,8727756052,7818397396,2,11.18,41.01,10
837696064#0,7818397396,9492556528,3,11.18,26.429999999999996,10
837696064#1,9492556528,42431037,3,11.18,11.92,10
837696065#0,7818397397,9492542215,2,22.22,32.46,10
837696065#1,9492542215,42431039,2,22.22,7.27,10
837696066#0,42431044,9492556524,1,11.18,6.82,10
837696066#1,9492556524,7818397398,1,11.18,32.9,10
837696067#0,7818397398,9492542201,2,11.18,33.0,10
837696067#1,9492542201,42422016,2,11.18,7.01,10
837696068#0,42422016,9492542181,1,11.18,7.13,10
837696068#1,9492542181,9492542178,1,11.18,65.11,10
837696068#2,9492542178,42431057,1,11.18,6.56,10
837696069#0,42431057,9492556587,1,11.18,8.26,10
837696069#1,9492556587,7818397399,1,11.18,33.57,10
837696070#0,7818397399,9492556586,2,11.18,31.51,10
837696070#1,9492556586,42431067,2,11.18,7.95,10
837696071#0,42431078,9492556612,1,11.18,7.89,10
837696071#1,9492556612,7818397400,1,11.18,33.28,10
837696072#0,7818397400,9492542212,2,11.18,32.03,10
837696072#1,9492542212,42431089,2,11.18,6.7,10
837696073#0,42431089,9492556522,1,11.18,7.3,10
837696073#1,9492556522,9492542177,1,11.18,65.55,10
837696073#2,9492542177,42431094,1,11.18,6.69,10
837696074#0,42431094,9492556571,1,22.22,7.67,10
837696074#1,9492556571,7818397401,1,22.22,25.44,10
837696075#0,7818397401,9492542193,1,11.18,39.56,10
837696075#1,9492542193,42431096,1,11.18,7.66,10
837943498,10316226097,42428529,1,2.24,68.32,2
837943499#0,42428377,8281922229,2,11.18,62.27,11
837943499#1,8281922229,42428376,2,11.18,5.91,11
839968914,3588508439,7838207514,2,11.18,11.18,3
839968915,7838207516,3588508439,2,11.18,61.7,3
840993090#0,42446203,3099327972,1,13.89,14.45,3
840993090#1,3099327972,10171038459,1,13.89,8.14,3
840993090#10,10171508870,10173362967,1,13.89,111.04,3
840993090#11,10173362967,42432931,1,13.89,12.82,3
840993090#12,42432931,10173362963,1,13.89,11.17,3
840993090#13,10173362963,5481863731,1,13.89,95.88,3
840993090#14,5481863731,10171069623,1,13.89,22.71,3
840993090#15,10171069623,42440146,1,13.89,9.66,3
840993090#16,42440146,10171069627,1,13.89,10.23,3
840993090#17,10171069627,6929267022,1,13.89,44.34,3
840993090#2,10171038459,8758345331,1,13.89,240.42,3
840993090#3,8758345331,2141026501,1,13.89,9.83,3
840993090#4,2141026501,42439864,1,13.89,15.43,3
840993090#5,42439864,8758287369,1,13.89,11.99,3
840993090#6,8758287369,5481857115,1,13.89,187.45,3
840993090#7,5481857115,10171508867,1,13.89,55.1,3
840993090#8,10171508867,4888388399,1,13.89,12.12,3
840993090#9,4888388399,10171508870,1,13.89,13.21,3
840996403#0,42432352,7123873172,2,11.18,14.07,11
840996403#1,7123873172,10610255914,2,11.18,35.9,11
840996403#2,10610255914,42432395,2,11.18,8.68,11
843553759#0,42437988,5863596386,1,11.18,5.7,11
843553759#1,5863596386,7115898917,1,11.18,26.64,11
843553759#2,7115898917,6369613306,1,11.18,37.96,11
843553759#3,6369613306,42429636,1,11.18,6.12,11
843553760#0,42440677,9941054070,1,11.18,3.44,3
843553760#1,9941054070,8372982790,1,11.18,63.28,3
843553760#2,8372982790,42453700,1,11.18,10.39,3
843553760#3,42453700,8372982792,1,11.18,5.03,3
843553760#4,8372982792,8821523710,1,11.18,19.83,3
843553760#5,8821523710,5863593966,1,11.18,5.14,3
843553760#6,5863593966,5796726888,1,11.18,9.36,3
843553760#7,5796726888,3212472631,1,11.18,11.17,3
843553760#8,3212472631,7480301987,1,11.18,9.87,3
845734543#0,42432102,8231896469,1,11.18,5.97,3
845734543#1,8231896469,8231896475,1,11.18,56.42,3
845734543#2,8231896475,42432099,1,11.18,10.97,3
845740587#0,42452076,5043074385,1,11.18,8.34,3
845740587#1,5043074385,7097867533,1,11.18,95.08,3
845740587#2,7097867533,42432103,1,11.18,5.61,3
845741669#0,42437096,8231901000,1,11.18,5.96,3
845741669#1,8231901000,3314293715,1,11.18,126.46,3
845741669#2,3314293715,42429769,1,11.18,11.91,3
845741670#0,42432066,3314293708,1,11.18,5.63,3
845741670#1,3314293708,8231900999,1,11.18,126.29,3
845741670#2,8231900999,42437096,1,11.18,6.46,3
845749144#0,42444060,9550791855,1,22.22,10.58,10
845749144#1,9550791855,9566870000,1,22.22,56.0,10
845749144#10,9566869969,9566869963,1,22.22,59.8,10
845749144#11,9566869963,42454102,1,22.22,8.12,10
845749144#2,9566870000,42454368,1,22.22,6.32,10
845749144#3,42454368,9566869999,1,22.22,8.08,10
845749144#4,9566869999,9566869996,1,22.22,60.8,10
845749144#5,9566869996,42438189,1,22.22,8.74,10
845749144#6,42438189,9566869995,1,22.22,9.49,10
845749144#7,9566869995,9566869970,1,22.22,58.61,10
845749144#8,9566869970,42455259,1,22.22,6.52,10
845749144#9,42455259,9566869969,1,22.22,8.29,10
845749145#0,42433346,1332871097,1,22.22,27.44,10
845749145#1,1332871097,5403868121,1,22.22,93.96,10
845749145#2,5403868121,42451932,1,22.22,11.29,10
845755951#0,42437096,8231901001,1,11.18,5.89,3
845755951#1,8231901001,8231901007,1,11.18,57.17,3
845755951#2,8231901007,42437106,1,11.18,5.86,3
845755951#3,42437106,8231901010,1,11.18,6.07,3
845755951#4,8231901010,3314293713,1,11.18,30.59,3
845755951#5,3314293713,42437108,1,11.18,8.9,3
845781114#0,42432066,8231901002,1,11.18,5.62,3
845781114#1,8231901002,4561657053,1,11.18,57.34,3
845781114#10,42432073,8231900986,1,11.18,5.81,3
845781114#11,8231900986,8310220499,1,11.18,64.91,3
845781114#12,8310220499,42432075,1,11.18,6.55,3
845781114#13,42432075,8310220496,1,11.18,5.64,3
845781114#14,8310220496,8310245664,1,11.18,65.03,3
845781114#15,8310245664,3670609093,1,11.18,7.22,3
845781114#16,3670609093,8310245661,1,11.18,7.28,3
845781114#17,8310245661,8310245657,1,11.18,65.34,3
845781114#18,8310245657,42432078,1,11.18,5.78,3
845781114#19,42432078,8310245654,1,11.18,5.64,3
845781114#2,4561657053,8231900993,1,11.18,1.05,3
845781114#20,8310245654,7587615313,1,11.18,21.38,3
845781114#21,7587615313,4835844135,1,11.18,43.36,3
845781114#22,4835844135,42427352,1,11.18,7.57,3
845781114#3,8231900993,42432068,1,11.18,10.59,3
845781114#4,42432068,4561657052,1,11.18,10.35,3
845781114#5,4561657052,8231900991,1,11.18,55.04,3
845781114#6,8231900991,42432071,1,11.18,6.52,3
845781114#7,42432071,8231900990,1,11.18,6.35,3
845781114#8,8231900990,8231900989,1,11.18,64.58,3
845781114#9,8231900989,42432073,1,11.18,5.69,3
845781907#0,42453607,7977832479,1,8.94,7.14,10
845781907#1,7977832479,7977832474,1,8.94,69.12,10
845781907#2,7977832474,42437346,1,8.94,6.7,10
845781907#3,42437346,7977832473,1,8.94,7.03,10
845781907#4,7977832473,7977832468,1,8.94,63.54,10
845781907#5,7977832468,42455083,1,8.94,6.39,10
845781908#0,42455083,7977832467,1,8.94,7.67,10
845781908#1,7977832467,7977832462,1,8.94,63.18,10
845781908#2,7977832462,42453177,1,8.94,5.86,10
845781908#3,42453177,7977832461,1,8.94,7.86,10
845781908#4,7977832461,7977832457,1,8.94,63.65,10
845781908#5,7977832457,42444832,1,8.94,6.18,10
845942677#0,42429727,10170875084,1,13.89,8.7,3
845942677#1,10170875084,10170875079,1,13.89,132.28,3
845942677#2,10170875079,2099150501,1,13.89,9.6,3
845950435#0,42437082,8231900983,1,11.18,5.68,3
845950435#1,8231900983,8231900994,1,11.18,55.06,3
845950435#2,8231900994,42437084,1,11.18,11.14,3
845950436#0,42437084,8231900997,1,11.18,10.77,3
845950436#1,8231900997,8231900998,1,11.18,57.87,3
845950436#2,8231900998,42437096,1,11.18,5.61,3
845994219#0,42430147,4890320291,4,11.18,11.15,12
845994219#1,4890320291,42430151,4,11.18,69.86,12
845994219#2,42430151,4890320293,4,11.18,67.51,12
845994219#3,4890320293,42430154,4,11.18,7.17,12
846035644#0,42436369,8307641921,1,11.18,10.51,3
846035644#1,8307641921,8307641867,1,11.18,127.35,3
846035644#2,8307641867,42455200,1,11.18,13.33,3
846035644#3,42455200,8307641864,1,11.18,11.69,3
846035644#4,8307641864,5151708185,1,11.18,169.07,3
846035644#5,5151708185,42430167,1,11.18,12.59,3
846046868#0,4557517555,8262308665,1,11.18,8.39,3
846046868#1,8262308665,8262308683,1,11.18,39.37,3
846046868#2,8262308683,42429394,1,11.18,10.06,3
846122853#0,42430269,10171337667,1,11.18,12.91,3
846122853#1,10171337667,8265964363,1,11.18,285.54,3
846122853#2,8265964363,42434268,1,11.18,10.98,3
846127259#0,42444928,10171484149,1,11.18,10.46,3
846127259#1,10171484149,7148114561,1,11.18,40.18,3
846127259#2,7148114561,10172817654,1,11.18,208.16,3
846127259#3,10172817654,42453630,1,11.18,12.7,3
846127259#4,42453630,10172817657,1,11.18,13.0,3
846127259#5,10172817657,5730369219,1,11.18,247.49,3
846127259#6,5730369219,42430594,1,11.18,13.63,3
846127260#0,42435629,11147382151,1,11.18,14.63,3
846127260#1,11147382151,6069788564,1,11.18,90.45,3
846127260#2,6069788564,2631319579,1,11.18,47.21,3
846127260#3,2631319579,6069996236,1,11.18,85.28,3
846127260#4,6069996236,10171484146,1,11.18,24.32,3
846127260#5,10171484146,42444928,1,11.18,16.03,3
846137635#0,1692433940,8309478966,1,11.18,6.22,3
846137635#1,8309478966,8429015951,1,11.18,48.97,3
846137635#2,8429015951,1692433939,1,11.18,5.81,3
846137635#3,1692433939,8429015952,1,11.18,5.64,3
846137635#4,8429015952,8309478939,1,11.18,98.27,3
846137635#5,8309478939,1692433938,1,11.18,6.62,3
846142552#0,42445018,10168047568,1,27.78,11.86,11
846142552#1,10168047568,5481886057,1,27.78,123.5,11
846142552#2,5481886057,9749419125,1,27.78,124.96,11
846142552#3,9749419125,42435675,1,27.78,13.81,11
846142553#0,42435675,6598535175,1,27.78,12.67,11
846142553#1,6598535175,8250892565,1,27.78,36.39,11
846142553#2,8250892565,2639531766,1,27.78,16.28,11
846142553#3,2639531766,5481885793,1,27.78,70.74,11
846142553#4,5481885793,5522182776,1,27.78,71.75,11
846142553#5,5522182776,10228962352,1,27.78,32.47,11
846142553#6,10228962352,10228962353,1,27.78,23.99,11
846142553#7,10228962353,42439990,1,27.78,12.05,11
846358874#0,42444810,7093725101,1,11.18,9.8,3
846358874#1,7093725101,7158854746,1,11.18,125.92,3
846358874#10,42444817,7132406729,1,11.18,13.2,3
846358874#11,7132406729,5163237441,1,11.18,114.75,3
846358874#12,5163237441,7132406713,1,11.18,75.66,3
846358874#13,7132406713,42443044,1,11.18,12.13,3
846358874#2,7158854746,596776156,1,11.18,10.18,3
846358874#3,596776156,42444812,1,11.18,17.39,3
846358874#4,42444812,7158854756,1,11.18,10.7,3
846358874#5,7158854756,7158854760,1,11.18,126.83,3
846358874#6,7158854760,42444814,1,11.18,10.21,3
846358874#7,42444814,7158799082,1,11.18,10.02,3
846358874#8,7158799082,7132406687,1,11.18,131.71,3
846358874#9,7132406687,42444817,1,11.18,13.41,3
846362785#0,42435392,596776534,1,13.89,25.51,3
846362785#1,596776534,7924346885,1,13.89,6.99,3
846362785#2,7924346885,8809259391,1,13.89,89.03,3
846362785#3,8809259391,8807694447,1,13.89,36.33,3
846362785#4,8807694447,42435388,1,13.89,12.05,3
846362785#5,42435388,8807694424,1,13.89,12.07,3
846362785#6,8807694424,5481978561,1,13.89,45.47,3
846362785#7,5481978561,5481978557,1,13.89,26.17,3
846362785#8,5481978557,8807524567,1,13.89,60.5,3
846362785#9,8807524567,42435387,1,13.89,11.97,3
847002232#0,427850895,11149329220,3,13.89,5.57,3
847002232#1,11149329220,7903850297,3,13.89,76.41,3
847002232#2,7903850297,42444991,3,13.89,12.07,3
847873802#0,42432244,8307641537,1,11.18,5.8,3
847873802#1,8307641537,10919411355,1,11.18,61.71,3
847873802#2,10919411355,42438034,1,11.18,6.07,3
847873802#3,42438034,10919411359,1,11.18,5.74,3
847873802#4,10919411359,4625620214,1,11.18,65.99,3
847873802#5,4625620214,1773063789,1,11.18,7.57,3
847873803#0,7132405535,7132389379,1,11.18,5.86,3
847873803#1,7132389379,8307641540,1,11.18,64.87,3
847873803#2,8307641540,42432244,1,11.18,6.38,3
847920086#0,1538237434,8281922100,1,11.18,5.7,3
847920086#1,8281922100,8281922109,1,11.18,123.48,3
847920086#2,8281922109,1538237248,1,11.18,5.92,3
847920890#0,42440792,5863596399,1,11.18,36.64,11
847920890#1,5863596399,42437967,1,11.18,7.67,11
847921886#0,42432250,7641718039,1,11.18,6.36,3
847921886#1,7641718039,9929761175,1,11.18,0.75,3
847921886#2,9929761175,9929740883,1,11.18,63.65,3
847921886#3,9929740883,42435456,1,11.18,6.55,3
847921887#0,42435456,9929740877,1,11.18,5.69,3
847921887#1,9929740877,9826534635,1,11.18,37.99,3
847921887#2,9826534635,8307641580,1,11.18,25.91,3
847921887#3,8307641580,42445612,1,11.18,6.48,3
847921887#4,42445612,8307641583,1,11.18,6.81,3
847921887#5,8307641583,8307641572,1,11.18,47.91,3
847921887#6,8307641572,42427319,1,11.18,7.75,3
847931435#0,42435456,9929740880,1,11.18,6.85,3
847931435#1,9929740880,8307641654,1,11.18,125.76,3
847931435#2,8307641654,42435470,1,11.18,8.49,3
847931435#3,42435470,8307641653,1,11.18,7.66,3
847931435#4,8307641653,8231927637,1,11.18,119.98,3
847931435#5,8231927637,42432174,1,11.18,7.89,3
847931436#0,42432174,8231927636,1,11.18,8.8,3
847931436#1,8231927636,8231927626,1,11.18,59.84,3
847931436#10,3463814542,8231877090,1,11.18,76.29,3
847931436#11,8231877090,42435485,1,11.18,2.83,3
847931436#12,42435485,8231877089,1,11.18,4.16,3
847931436#13,8231877089,5829779493,1,11.18,81.62,3
847931436#14,5829779493,1918039869,1,11.18,9.27,3
847931436#15,1918039869,42435491,1,11.18,15.63,3
847931436#16,42435491,5829779498,1,11.18,10.28,3
847931436#17,5829779498,8309479011,1,11.18,82.24,3
847931436#18,8309479011,1692433914,1,11.18,7.24,3
847931436#2,8231927626,42430038,1,11.18,8.78,3
847931436#3,42430038,8231927625,1,11.18,9.81,3
847931436#4,8231927625,8231877109,1,11.18,75.38,3
847931436#5,8231877109,5159433792,1,11.18,6.01,3
847931436#6,5159433792,8231877108,1,11.18,6.59,3
847931436#7,8231877108,3463814539,1,11.18,151.33,3
847931436#8,3463814539,42435477,1,11.18,6.13,3
847931436#9,42435477,3463814542,1,11.18,6.59,3
847932330#0,42429838,8281922254,1,11.18,5.63,3
847932330#1,8281922254,4352711148,1,11.18,66.64,3
847932330#2,4352711148,5083818842,1,11.18,29.96,3
847932330#3,5083818842,11051593279,1,11.18,4.09,3
847932330#4,11051593279,42428371,1,11.18,7.79,3
847932331#0,42429842,8276468635,1,11.18,5.99,3
847932331#1,8276468635,8276468646,1,11.18,153.37,3
847932331#2,8276468646,42429840,1,11.18,5.64,3
847932924#0,42458313,8231909753,1,11.18,6.12,3
847932924#1,8231909753,5829779496,1,11.18,175.45,3
847932924#2,5829779496,1918039898,1,11.18,9.67,3
847932924#3,1918039898,42457325,1,11.18,16.27,3
847932924#4,42457325,5829779527,1,11.18,8.5,3
847932924#5,5829779527,10171486358,1,11.18,94.79,3
847932924#6,10171486358,42431822,1,11.18,7.5,3
847932925#0,42442230,8231909742,1,11.18,6.01,3
847932925#1,8231909742,4501924441,1,11.18,82.7,3
847932925#2,4501924441,8231909754,1,11.18,68.16,3
847932925#3,8231909754,42458313,1,11.18,6.19,3
847939166#0,42442230,8231909741,1,11.18,5.96,3
847939166#1,8231909741,8821681998,1,11.18,61.8,3
847939166#2,8821681998,8231909726,1,11.18,4.71,3
847939166#3,8231909726,42437605,1,11.18,9.06,3
847939166#4,42437605,1773076509,1,11.18,11.07,3
847939167#0,42432302,8231877116,1,11.18,5.79,3
847939167#1,8231877116,8231909744,1,11.18,61.51,3
847939167#2,8231909744,42442230,1,11.18,6.17,3
847942275,1692433911,42431822,1,11.18,63.74,3
847942276,1692433907,1773084391,1,11.18,13.05,3
847944398#0,10707589906,5105702748,1,11.18,56.01,3
847944398#1,5105702748,8276468775,1,11.18,16.28,3
847944398#2,8276468775,5200192560,1,11.18,41.92,3
847945638#0,42434215,4216045795,1,8.94,10.26,3
847945638#1,4216045795,8309479532,1,8.94,191.57,3
847945638#2,8309479532,42434205,1,8.94,12.73,3
847950378#0,42434142,4235738199,1,11.18,11.41,3
847950378#1,4235738199,8309479527,1,11.18,204.11,3
847950378#2,8309479527,4012724171,1,11.18,12.77,3
847952488#0,4597668028,42439203,1,11.18,10.68,3
847952488#1,42439203,10172843091,1,11.18,7.25,3
847952488#2,10172843091,42438849,1,11.18,73.4,3
847952489#0,42428183,8569048144,1,11.18,8.11,3
847952489#1,8569048144,10172843086,1,11.18,174.24,3
847952489#2,10172843086,4597668028,1,11.18,8.38,3
847994493#0,42445888,10167162555,1,11.18,9.36,3
847994493#1,10167162555,10167162568,1,11.18,133.39,3
847994493#2,10167162568,4597668030,1,11.18,8.63,3
847994494#0,42446270,3997461344,1,11.18,9.92,3
847994494#1,3997461344,4234425026,1,11.18,131.02,3
847994494#2,4234425026,42446275,1,11.18,14.05,3
847994494#3,42446275,4234425048,1,11.18,12.97,3
847994494#4,4234425048,7631032409,1,11.18,56.71,3
847994494#5,7631032409,5481960322,1,11.18,28.29,3
847994494#6,5481960322,5481959620,1,11.18,17.01,3
847994494#7,5481959620,7640871295,1,11.18,87.61,3
847994494#8,7640871295,42442898,1,11.18,12.16,3
847998122#0,42442276,8231938427,1,11.18,8.35,3
847998122#1,8231938427,8231885407,1,11.18,65.46,3
847998122#2,8231885407,42433577,1,11.18,6.63,3
848011474#0,42435746,42431207,1,11.18,80.36,11
848011474#1,42431207,10170606870,1,11.18,73.94,11
848011474#2,10170606870,42435755,1,11.18,5.51,11
848011475#0,42429741,10168029025,1,11.18,7.62,11
848011475#1,10168029025,5475792646,1,11.18,40.08,11
848013829#0,42442559,9654214279,3,11.18,7.53,12
848013829#1,9654214279,9646878729,3,11.18,65.73,12
848013829#2,9646878729,42442561,3,11.18,6.919999999999999,12
848013829#3,42442561,9646878728,3,11.18,7.19,12
848013829#4,9646878728,10902020359,3,11.18,37.58,12
848016982#0,42429644,8231877075,1,11.18,5.99,3
848016982#1,8231877075,4300912711,1,11.18,56.77,3
848016982#2,4300912711,42432108,1,11.18,7.35,3
848021603#0,42436159,8262308625,1,13.89,8.62,3
848021603#1,8262308625,8262308733,1,13.89,116.4,3
848021603#2,8262308733,42455357,1,13.89,9.4,3
848021604#0,42455357,8262308735,1,11.18,7.19,3
848021604#1,8262308735,1042457827,1,11.18,6.44,3
848021604#2,1042457827,1578334788,1,11.18,109.31,3
848021604#3,1578334788,593816275,1,11.18,10.01,3
848051140#0,42433261,11003403036,1,11.18,53.21,3
848051140#1,11003403036,4679523598,1,11.18,69.19,3
848051758#0,42456206,8309478980,1,11.18,5.67,3
848051758#1,8309478980,3584752215,1,11.18,67.47,3
848051758#2,3584752215,42449817,1,11.18,5.66,3
849631922#0,9490559521,7925258804,1,11.18,14.37,11
849631922#1,7925258804,4567359416,1,11.18,105.53,11
849631922#2,4567359416,7472058123,1,11.18,16.91,11
849631945#0,371239962,7929465199,2,27.78,5.9,12
849631945#1,7929465199,7641820943,2,27.78,12.18,12
849631951#0,3931524258,7927319015,1,13.89,31.98,3
849631951#1,7927319015,3931524261,1,13.89,10.98,3
849631957#0,42443099,7927319044,4,11.18,6.49,12
849631957#1,7927319044,7927319059,4,11.18,65.14,12
849631957#2,7927319059,42443096,4,11.18,7.19,12
849631957#3,42443096,7927318987,4,11.18,7.76,12
849631957#4,7927318987,4207669597,4,11.18,48.87,12
849631959#0,42443092,7927318997,1,13.89,12.63,3
849631959#1,7927318997,3931524261,1,13.89,6.18,3
849631959#2,3931524261,7926756775,1,13.89,196.85,3
849631959#3,7926756775,42443824,1,13.89,13.34,3
849631960,7925258564,42438090,1,22.22,36.59,7
849942504,42434135,371239962,1,27.78,86.32,11
849942510#0,6330018917,8279851244,2,11.18,7.94,12
849942510#1,8279851244,8279851232,2,11.18,64.73,12
849942510#2,8279851232,42435922,2,11.18,6.8,12
849942510#3,42435922,8279851233,2,11.18,8.13,12
849942510#4,8279851233,9505971542,2,11.18,9.37,12
849974884#0,6223571523,10169289746,3,11.18,8.57,12
849974884#1,10169289746,6223571526,3,11.18,44.669999999999995,12
849974884#2,6223571526,5895455151,3,11.18,6.400000000000001,12
849974884#3,5895455151,7004416694,3,11.18,93.75,12
849974884#4,7004416694,470209120,3,11.18,11.35,12
849974885#0,6223571524,10169289744,4,11.18,6.86,12
849974885#1,10169289744,10169289739,4,11.18,68.06,12
849974885#2,10169289739,6223571522,4,11.18,6.51,12
850107600#0,7732243558,10171069693,1,27.78,16.15,11
850107600#1,10171069693,42432928,1,27.78,6.82,11
850384623#0,1773066054,4160344101,1,27.78,8.85,11
850384623#1,4160344101,1773060097,1,27.78,11.04,11
850678169#0,42442054,42442058,2,27.78,8.82,11
850678169#1,42442058,595352936,2,27.78,28.94,11
850894486#0,42441246,42441251,2,27.78,50.45,11
850894486#1,42441251,3269867927,2,27.78,93.09,11
850894486#2,3269867927,6868145381,2,27.78,11.35,11
850894487#0,7732551670,3289786582,2,27.78,268.41,11
850894487#1,3289786582,7732571949,2,27.78,86.43,11
850894487#2,7732571949,42441246,2,27.78,57.01,11
850894489,42425088,7616688918,2,27.78,29.18,11
850922169#0,7616688918,10049860711,2,27.78,15.87,11
850922169#1,10049860711,10049953227,2,27.78,77.38,11
850922169#2,10049953227,7732571915,2,27.78,8.5,11
852992099#0,7956044495,8310246340,4,11.18,37.0,11
852992099#1,8310246340,42439823,4,11.18,11.72,11
852992100#0,7956044494,8429213036,4,11.18,16.49,11
852992100#1,8429213036,42429661,4,11.18,7.78,11
852992101#0,7956044490,8262308357,4,11.18,15.95,11
852992101#1,8262308357,42439073,4,11.18,7.53,11
852992102#0,42429661,8429213037,3,11.18,7.16,11
852992102#1,8429213037,8429213029,3,11.18,59.85,11
852992102#2,8429213029,42439275,3,11.18,7.29,11
852992102#3,42439275,8429213030,3,11.18,7.68,11
852992102#4,8429213030,7956044496,3,11.18,42.76,11
852992103#0,42439073,8262308358,4,11.18,7.79,11
852992103#1,8262308358,7956044491,4,11.18,40.48,11
852992104,7956044492,42430818,4,11.18,16.33,11
852992105#0,42430818,8307642080,3,11.18,42.42,11
852992105#1,8307642080,42430813,3,11.18,7.330000000000001,11
852992105#2,42430813,8307642085,3,11.18,7.36,11
852992105#3,8307642085,7956044493,3,11.18,53.63,11
852992106#0,7956044491,11062719793,4,11.18,18.62,11
852992106#1,11062719793,42430828,4,11.18,13.52,11
852992107#0,7956044489,9683231694,4,11.18,15.94,11
852992107#1,9683231694,42427374,4,11.18,7.53,11
852992108#0,7956044496,8429213023,4,11.18,16.31,11
852992108#1,8429213023,42439830,4,11.18,7.89,11
852992109#0,42430824,8262308500,3,11.18,9.41,11
852992109#1,8262308500,7956044492,3,11.18,18.37,11
852992110#0,9297714752,4320028815,4,11.18,42.28,11
852992110#1,4320028815,4320028826,4,11.18,10.17,11
852992110#2,4320028826,8307642038,4,11.18,8.71,11
852992110#3,8307642038,42430805,4,11.18,8.49,11
852992111#0,42427374,9683231693,3,11.18,6.88,11
852992111#1,9683231693,9683231668,3,11.18,58.97,11
852992111#2,9683231668,42439834,3,11.18,8.53,11
852992111#3,42439834,9683231669,3,11.18,6.31,11
852992111#4,9683231669,7956044494,3,11.18,43.84,11
856467890,2541754688,2499757469,2,27.78,10.77,12
856467892#0,7985644735,9566927258,1,11.18,33.99,11
856467892#1,9566927258,42433041,1,11.18,7.3,11
856467893#0,2499803009,9569897425,1,22.22,14.16,5
856467893#1,9569897425,2499803004,1,22.22,10.85,5
856467894#0,42437326,9569897420,1,22.22,15.3,10
856467894#1,9569897420,9566997294,1,22.22,52.89,10
856467894#2,9566997294,42455234,1,22.22,8.11,10
858965315#0,42445910,3997454662,3,13.89,9.31,3
858965315#1,3997454662,10171035523,3,13.89,128.52,3
858965315#2,10171035523,561042194,3,13.89,9.19,3
858965315#3,561042194,42453986,3,13.89,18.31,3
858965316#0,42446945,10170983201,2,13.89,9.51,3
858965316#1,10170983201,5340982006,2,13.89,94.77,3
858965316#2,5340982006,9648120126,2,13.89,23.73,3
8608691,61257626,42424937,3,22.350000000000005,230.34,14
870681743,4145794861,4145735057,1,22.22,22.77,9
870681744,4145735066,4147546533,1,22.22,9.14,9
871693848#0,8119192797,4132971876,4,11.18,30.63,12
871693848#1,4132971876,42440330,4,11.18,8.07,12
871693849#0,42440330,4132971831,4,11.18,6.14,12
871693849#1,4132971831,10165972533,4,11.18,63.84,12
871693849#2,10165972533,1692450029,4,11.18,8.32,12
871725893#0,42429890,3997461340,3,11.18,6.95,11
871725893#1,3997461340,10166167582,3,11.18,64.1,11
871725893#2,10166167582,2302133933,3,11.18,7.510000000000001,11
872052105#0,561042197,8122411158,2,11.18,5.93,12
872052105#1,8122411158,42453005,2,11.18,8.49,12
872052106,100522479,561042202,2,11.18,54.86,12
872052109,3639382766,3639382767,1,11.18,8.1,12
873170354,6166413696,6166413694,3,22.22,42.65,9
873187988#0,42427968,4918486963,2,11.18,12.02,11
873187988#1,4918486963,42451332,2,11.18,58.76,11
873213381,371190626,42451332,1,11.18,39.12,3
873372086#0,8133385388,9649576881,4,11.18,47.13,12
873372086#1,9649576881,42449971,4,11.18,8.46,12
880256646#0,42452067,6369613051,1,27.78,11.66,11
880256646#1,6369613051,6369613055,1,27.78,45.29,11
880256646#2,6369613055,6330061747,1,27.78,5.43,11
880256646#3,6330061747,42451660,1,27.78,5.67,11
884400279#0,42453011,3569749101,5,11.18,7.139999999999999,12
884400279#1,3569749101,595105531,5,11.18,42.25,12
884400281,1701844698,595105538,1,11.18,18.01,12
884400282,248708583,595105589,1,11.18,26.0,12
884400286#0,8224618708,6747000424,6,11.18,33.34,12
884400286#1,6747000424,42440469,6,11.18,6.03,12
884400289#0,42440469,6747000428,5,11.18,8.27,12
884400289#1,6747000428,10121802261,5,11.18,64.76,12
884400289#2,10121802261,42452882,5,11.18,7.409999999999999,12
884400289#3,42452882,10121802260,5,11.18,7.76,12
884400289#4,10121802260,8224618706,5,11.18,31.809999999999995,12
884400293#0,595105589,3814476692,2,11.18,40.9,12
884400293#1,3814476692,3831856762,2,11.18,52.14,12
884400293#2,3831856762,595105499,2,11.18,17.97,12
884400294#0,42455934,8224618709,5,11.18,7.480000000000001,12
884400294#1,8224618709,8224618708,5,11.18,32.67,12
884400297#0,42436714,10121802255,5,11.18,8.87,12
884400297#1,10121802255,10168544066,5,11.18,63.61,12
884400297#2,10168544066,42455963,5,11.18,8.15,12
884400300,4012935769,248708583,4,11.18,40.67,12
884400301#0,8224618706,10121802257,6,11.18,31.639999999999997,12
884400301#1,10121802257,42436714,6,11.18,8.83,12
885297185#0,387184881,3601295756,1,11.18,63.95,3
885297185#1,3601295756,5785120614,1,11.18,15.7,3
885297185#2,5785120614,387184886,1,11.18,42.6,3
885297185#3,387184886,6331080434,1,11.18,33.32,3
885297190#0,6331080435,8127675301,1,11.18,24.22,3
885297190#1,8127675301,8429186170,1,11.18,20.87,3
885297190#2,8429186170,8232498040,1,11.18,14.25,3
885297190#3,8232498040,5785120648,1,11.18,57.48,3
885622997,8228267413,387184881,1,11.18,34.05,3
888759076#0,8262936580,8262936582,1,22.22,5.87,6
888759076#1,8262936582,8262936590,1,22.22,5.33,6
888759076#2,8262936590,8262936586,1,22.22,11.0,6
889114521#0,8265964369,7781135845,3,11.18,30.040000000000003,11
889114521#1,7781135845,42427369,3,11.18,8.25,11
889114527#0,42421877,8265964346,2,11.18,6.71,11
889114527#1,8265964346,8475999052,2,11.18,25.01,11
889114527#2,8475999052,8475999051,2,11.18,13.08,11
889114527#3,8475999051,8309478850,2,11.18,23.74,11
889114527#4,8309478850,42437949,2,11.18,8.0,11
889114531#0,8265964352,8265964366,3,11.18,29.320000000000004,11
889114531#1,8265964366,42434268,3,11.18,7.419999999999999,11
889114533#0,42427369,7781115597,3,11.18,6.75,11
889114533#1,7781115597,9140832087,3,11.18,60.580000000000005,11
889114533#10,8429175895,8429175902,3,11.18,59.60999999999999,11
889114533#11,8429175902,42449333,3,11.18,7.88,11
889114533#12,42449333,8429175904,3,11.18,6.099999999999999,11
889114533#13,8429175904,8429175910,3,11.18,67.77,11
889114533#14,8429175910,42431490,3,11.18,7.400000000000001,11
889114533#15,42431490,8429175912,3,11.18,5.88,11
889114533#16,8429175912,8310246303,3,11.18,69.0,11
889114533#17,8310246303,42440710,3,11.18,12.479999999999999,11
889114533#2,9140832087,42454378,3,11.18,6.669999999999999,11
889114533#3,42454378,9140832086,3,11.18,6.48,11
889114533#4,9140832086,7761301141,3,11.18,61.580000000000005,11
889114533#5,7761301141,42429657,3,11.18,6.07,11
889114533#6,42429657,7761301145,3,11.18,6.96,11
889114533#7,7761301145,8429175894,3,11.18,59.84,11
889114533#8,8429175894,42439272,3,11.18,8.27,11
889114533#9,42439272,8429175895,3,11.18,7.150000000000001,11
889627470#0,7499263656,5804713758,1,11.18,31.41,12
889627470#1,5804713758,42427742,1,11.18,7.32,12
889906410#0,9140723313,8361128108,2,22.22,26.65,9
889906410#1,8361128108,6166413696,2,22.22,24.76,9
890023178#0,42428223,8265964372,1,13.89,11.21,3
890023178#1,8265964372,5481897723,1,13.89,54.31,3
891074598#0,10282972213,8262936481,3,11.18,57.66,4
891074598#1,8262936481,6795656304,3,11.18,10.89,4
891074599#0,42454401,8262936476,1,11.18,10.19,11
891074599#1,8262936476,8279851497,1,11.18,42.41,11
891074599#2,8279851497,272194254,1,11.18,9.93,11
894063728,3786728763,8587127366,1,22.22,423.75,9
895348610#0,42453624,3008856924,3,11.18,7.88,11
895348610#1,3008856924,449581627,3,11.18,46.46,11
895348610#2,449581627,3009534469,3,11.18,16.43,11
895348610#3,3009534469,42428206,3,11.18,9.93,11
895349521#0,42435931,5804425635,1,11.18,9.33,11
895349521#1,5804425635,5804713750,1,11.18,63.63,11
895349521#2,5804713750,42433554,1,11.18,10.95,11
895394557#0,42446504,8288270422,3,13.89,13.67,3
895394557#1,8288270422,11149329046,3,13.89,18.18,3
895394557#2,11149329046,11149329227,3,13.89,109.96999999999998,3
895394557#3,11149329227,42424789,3,13.89,13.29,3
895394558,593920865,42446506,2,11.18,21.8,12
895398380#0,8323051888,5115917327,4,27.78,24.63,12
895398380#1,5115917327,42432564,4,27.78,9.29,12
895398381#0,8323051889,11135523287,4,27.78,12.17,12
895398381#1,11135523287,42442451,4,27.78,7.51,12
895398382#0,42442451,9897616167,3,27.78,7.11,12
895398382#1,9897616167,9611179676,3,27.78,66.97,12
895398382#2,9611179676,42442459,3,27.78,5.61,12
895398382#3,42442459,9611179678,3,27.78,8.83,12
895398382#4,9611179678,8323051890,3,27.78,54.98,12
895398383#0,8323051890,9611179680,4,27.78,11.51,12
895398383#1,9611179680,42438862,4,27.78,8.24,12
895398384#0,42438862,9611179672,3,27.78,6.02,12
895398384#1,9611179672,9897654913,3,27.78,66.3,12
895398384#2,9897654913,42428063,3,27.78,6.56,12
895398384#3,42428063,9897654915,3,27.78,7.73,12
895398384#4,9897654915,6929267036,3,27.78,26.790000000000003,12
895398385#0,6929267036,9897806736,5,27.78,40.94,12
895398385#1,9897806736,42442463,5,27.78,11.58,12
895606701#0,42435328,7123525297,2,11.18,7.2,11
895606701#1,7123525297,2047573317,2,11.18,67.95,11
895606701#2,2047573317,42424439,2,11.18,13.76,11
895756216#0,42442534,8687882753,2,27.78,12.11,11
895756216#1,8687882753,4205805396,2,27.78,70.71,11
895756217,42425348,2029349871,1,27.78,18.45,11
897865050,8344404000,8344404001,1,22.22,16.24,7
898077311#0,42433014,4378236643,1,27.78,8.3,11
898077311#1,4378236643,4378236645,1,27.78,5.47,11
90086361,60928839,60928844,2,22.22,68.84,9
902168961,3347295531,8379847773,1,27.78,57.11,11
902797232,9566938928,8385109021,1,11.18,47.79,3
902797233#0,42427185,9563821104,1,8.94,8.24,3
902797233#1,9563821104,9550791785,1,8.94,174.73,3
902797233#2,9550791785,42428094,1,8.94,13.83,3
902816136#0,42429217,8952423314,1,8.94,12.98,10
902816136#1,8952423314,42445637,1,8.94,85.36,10
902816136#2,42445637,8952423301,1,8.94,69.78,10
902816136#3,8952423301,42445640,1,8.94,8.64,10
902816137#0,7779712802,5458505414,1,22.22,48.21,10
902816137#1,5458505414,42429705,1,22.22,27.7,10
903116994,42453624,3008856931,1,11.18,10.12,3
903589927#0,42445702,8312344403,3,11.18,7.580000000000001,11
903589927#1,8312344403,4207150080,3,11.18,24.89,11
903589928#0,42453059,8312361631,1,11.18,6.77,11
903589928#1,8312361631,8312361643,1,11.18,65.1,11
903589928#2,8312361643,42448162,1,11.18,11.32,11
903589929#0,42429830,8312361665,3,11.18,5.66,11
903589929#1,8312361665,5216470721,3,11.18,37.65,11
903593425#0,9166033062,4598752856,3,11.18,11.31,12
903593425#1,4598752856,9181587100,3,11.18,26.73,12
903593426#0,42451665,5783028393,4,11.18,10.49,12
903593426#1,5783028393,10606695723,4,11.18,39.76,12
903593426#2,10606695723,3927743131,4,11.18,7.56,12
903593426#3,3927743131,42443127,4,11.18,14.27,12
903942434#0,2499757472,9566927253,1,11.18,35.93,11
903942434#1,9566927253,42428984,1,11.18,12.89,11
904764085#0,42427146,7604384377,1,11.18,6.93,11
904764085#1,7604384377,7604384388,1,11.18,63.33,11
904764085#2,7604384388,42427143,1,11.18,8.08,11
904809346#0,42427744,8310246481,1,11.18,6.19,3
904809346#1,8310246481,6411125192,1,11.18,72.88,3
904809346#2,6411125192,7499043386,1,11.18,19.56,3
904809346#3,7499043386,7499043385,1,11.18,5.46,3
904809348#0,42433545,8307641617,3,11.18,9.23,12
904809348#1,8307641617,8821523711,3,11.18,37.33,12
904809348#2,8821523711,7480301985,3,11.18,5.06,12
904809348#3,7480301985,5796726888,3,11.18,6.41,12
904809349#0,42427750,8310246460,1,11.18,70.78,3
904809349#1,8310246460,7476469426,1,11.18,6.28,3
904809350#0,42433545,8307641625,1,11.18,8.87,11
904809350#1,8307641625,8231942805,1,11.18,175.66,11
904809350#2,8231942805,7480301986,1,11.18,10.17,11
904852356#0,7732243565,10171069692,1,11.18,7.66,11
904852356#1,10171069692,7732243558,1,11.18,16.01,11
905095198,42433743,2141026499,1,27.78,13.74,11
905095200#0,7541804762,9559342284,2,11.18,7.42,10
905095200#1,9559342284,2481877071,2,11.18,17.06,10
905095201,2481877063,42437929,1,11.18,9.97,11
905095202#0,42439236,3919350745,2,11.18,24.68,12
905095202#1,3919350745,42445543,2,11.18,7.88,12
90571519,9822407115,42458659,4,22.35,171.85,14
90571534,374472690,374472698,3,20.12,31.64,14
907627764#0,8427872795,3875114049,4,11.18,12.93,12
907627764#1,3875114049,42443326,4,11.18,7.92,12
907627765#0,42443326,9902215591,3,11.18,6.38,12
907627765#1,9902215591,9902175349,3,11.18,65.33,12
907627765#2,9902175349,4557495130,3,11.18,7.71,12
907886023#0,42439506,6257070489,1,13.89,12.12,3
907886023#1,6257070489,6257070519,1,13.89,4.33,3
908134356,42437929,7541804762,1,22.22,9.44,10
908137267#0,42426135,3786728788,1,13.41,28.35,9
908137267#1,3786728788,9153702823,1,13.41,32.83,9
908150696#0,42452117,5804713748,1,11.18,10.34,12
908150696#1,5804713748,5377706601,1,11.18,17.32,12
908150696#2,5377706601,42437786,1,11.18,11.29,12
908154310#0,42448745,6185259903,4,11.18,7.54,12
908154310#1,6185259903,4207786966,4,11.18,51.29,12
908405992,8434926581,42448146,1,11.18,48.16,3
908823395,7480515821,4207806923,1,13.89,9.11,3
908825796,42435553,9549667211,1,11.18,29.52,3
908882254#0,4679523598,8307642037,1,11.18,7.97,3
908882254#1,8307642037,4320028826,1,11.18,11.83,3
910349557,42422682,3785575783,3,17.88,316.53,14
910349558,371194366,371196888,3,17.88,227.23,14
910361854#0,42437559,3973686299,1,11.18,8.03,3
910361854#1,3973686299,11153640068,1,11.18,44.7,3
910361854#2,11153640068,42433537,1,11.18,8.78,3
910363795#0,9505971548,8279851227,3,11.18,32.58,12
910363795#1,8279851227,5706568658,3,11.18,8.01,12
910484222#0,7480301865,7480301863,2,11.18,9.3,12
910484222#1,7480301863,9181587095,2,11.18,93.39,12
910520276#0,7541804760,9559342286,1,11.18,5.12,11
910520276#1,9559342286,589928053,1,11.18,5.16,11
910520277#0,2481877071,8236461970,2,11.18,114.21,10
910520277#1,8236461970,7541804761,2,11.18,11.98,10
910751834#0,7620445877,8758287377,1,22.22,8.84,10
910751834#1,8758287377,42432889,1,22.22,11.21,10
911200989,60915156,374463462,3,22.350000000000005,421.21,14
912475761#0,42452084,5041369239,1,11.18,11.71,3
912475761#1,5041369239,8231896474,1,11.18,93.32,3
912475761#2,8231896474,42432099,1,11.18,6.69,3
91383966#0,9170790586,1695371036,4,11.18,2.73,12
91383966#1,1695371036,8732949885,4,11.18,29.75,12
91383966#2,8732949885,1061531429,4,11.18,7.26,12
913911309,1775201764,9077027774,2,11.18,84.96,11
921450832,42443127,1918039877,2,11.18,14.94,11
923090985#0,595403438,4597668024,2,11.18,41.63,12
923090985#1,4597668024,4597668023,2,11.18,8.91,12
923090985#2,4597668023,4597668022,2,11.18,7.57,12
923090985#3,4597668022,5307048045,2,11.18,65.94,12
923090985#4,5307048045,4597668035,2,11.18,7.81,12
923091001#0,42428179,8569045608,2,11.18,6.93,3
923091001#1,8569045608,9032581895,2,11.18,37.91,3
923091012,3670742453,4205565500,2,11.18,21.03,12
923091016#0,3670742444,9507816963,1,11.18,134.55,3
923091016#1,9507816963,42434354,1,11.18,9.13,3
923091034#0,8569045585,8569045562,2,11.18,17.91,3
923091034#1,8569045562,42428179,2,11.18,7.17,3
925874376,1764400288,1764400304,2,27.78,31.08,12
931476202,6166426228,6166333236,4,39.44,26.34,14
931740715#0,8637876184,6880596135,3,11.18,31.61,10
931740715#1,6880596135,1722116497,3,11.18,23.13,10
931740715#2,1722116497,3377383092,3,11.18,37.37,10
931740715#3,3377383092,3377387900,3,11.18,88.18,10
931740715#4,3377387900,3371304325,3,11.18,22.16,10
931740715#5,3371304325,5117745453,3,11.18,19.54,10
931740715#6,5117745453,42430989,3,11.18,13.64,10
932944325#0,8648032265,8648032266,1,8.94,35.69,6
932944325#1,8648032266,8648032268,1,8.94,11.6,6
932944326#0,8648032268,42436968,3,11.18,50.37,11
932944326#1,42436968,8307641953,3,11.18,20.08,11
932944326#2,8307641953,42448563,3,11.18,7.21,11
933665956,7641820943,8653755530,2,13.41,15.08,12
933666191,8587127366,5959765085,1,22.22,92.03,9
935228363,247084436,8666573688,4,13.41,40.47,13
936146979,3235708624,6207264908,1,11.18,14.4,11
936537011,3834923371,1701844605,3,22.22,21.02,9
936537012,8677891126,42426816,2,22.22,17.47,9
936539647#0,42426816,9987259763,3,11.18,5.59,4
936539647#1,9987259763,9987259764,3,11.18,62.0,4
936539647#2,9987259764,42453999,3,11.18,7.41,4
936539648#0,42453999,9987259777,2,11.18,9.1,3
936539648#1,9987259777,5240042136,2,11.18,31.47,3
936539648#2,5240042136,4759939161,2,11.18,18.55,3
936539648#3,4759939161,4759939157,2,11.18,32.23,3
936539648#4,4759939157,7640871315,2,11.18,30.74,3
936539648#5,7640871315,42442931,2,11.18,13.81,3
938601996#0,42421974,9904544292,3,11.18,7.64,12
938601996#1,9904544292,10046259420,3,11.18,60.49,12
938601996#2,10046259420,1241742627,3,11.18,11.800000000000002,12
938601999#0,8695222692,9904596324,4,11.18,19.74,12
938601999#1,9904596324,42421974,4,11.18,8.32,12
939122872,8699785164,42437530,1,11.18,42.59,3
939401951#0,3786741452,9153702893,2,11.18,28.91,12
939401951#1,9153702893,3702296508,2,11.18,17.68,12
939401952#0,6867580414,10049926011,1,13.89,21.58,3
939401952#1,10049926011,7732571917,1,13.89,5.92,3
939401953#0,7732654932,10050036788,2,27.78,71.84,12
939401953#1,10050036788,7732654931,2,27.78,7.19,12
939401953#2,7732654931,10050036789,2,27.78,7.15,12
939401953#3,10050036789,10049830847,2,27.78,51.63,12
939401953#4,10049830847,42428863,2,27.78,14.59,12
939401954,7732654932,6198320765,1,13.89,19.63,3
939433105,11027928256,246579597,4,13.41,34.09,13
939444709,373910553,246650840,4,13.41,48.36,13
939613199#0,42430589,3914863404,2,11.18,12.27,11
939613199#1,3914863404,1701920999,2,11.18,28.39,11
939613200#0,42437909,8239225253,2,11.18,12.21,11
939613200#1,8239225253,9971263898,2,11.18,200.29,11
939613202#0,42437914,9971263901,6,11.18,10.61,12
939613202#1,9971263901,10173122256,6,11.18,65.7,12
939613202#2,10173122256,42427483,6,11.18,6.920000000000001,12
939682423#0,42431234,9561420938,1,8.94,7.8,3
939682423#1,9561420938,9561229737,1,8.94,112.04,3
939682423#2,9561229737,42453354,1,8.94,10.01,3
939682424#0,42453354,9561229738,1,8.94,8.18,10
939682424#1,9561229738,9561229731,1,8.94,91.23,10
939682424#2,9561229731,42458728,1,8.94,9.32,10
940728184,589927933,371337213,3,22.350000000000005,118.79,14
941936918#0,42430007,8279851472,2,11.18,7.49,3
941936918#1,8279851472,8262936474,2,11.18,52.95,3
941936918#2,8262936474,42454401,2,11.18,8.35,3
941943231#0,42448162,8312361646,1,11.18,15.02,3
941943231#1,8312361646,8304498530,1,11.18,140.44,3
941943231#2,8304498530,42436333,1,11.18,10.72,3
941943232#0,42436056,8304497955,1,11.18,9.19,3
941943232#1,8304497955,7144807590,1,11.18,127.36,3
941943232#2,7144807590,3874650165,1,11.18,16.3,3
941943232#3,3874650165,4207143418,1,11.18,11.82,3
941943233#0,42436336,8312344396,1,11.18,10.13,3
941943233#1,8312344396,8304498450,1,11.18,113.48,3
941943233#2,8304498450,42436056,1,11.18,7.47,3
941943234,246890279,4207143421,1,11.18,19.0,3
942444177#0,42434969,3817760665,1,11.18,49.94,3
942444177#1,3817760665,42434965,1,11.18,14.2,3
942444178#0,42434969,4259278556,1,11.18,8.91,12
942444178#1,4259278556,9971314377,1,11.18,60.41,12
942444178#2,9971314377,42454495,1,11.18,7.13,12
943068778#0,42430479,7779545001,1,13.89,8.88,3
943068778#1,7779545001,5481897024,1,13.89,88.39,3
943068778#2,5481897024,5481897026,1,13.89,18.89,3
943068778#3,5481897026,6254630474,1,13.89,20.96,3
943068778#4,6254630474,42430477,1,13.89,6.75,3
943068778#5,42430477,7787545810,1,13.89,5.86,3
943068782#0,8732555119,2947964845,1,13.89,70.77,3
943068782#1,2947964845,42430485,1,13.89,12.53,3
944692441#0,42432165,8231927649,2,11.18,10.52,12
944692441#1,8231927649,8231927329,2,11.18,117.09,12
944692441#2,8231927329,42445489,2,11.18,7.45,12
944692442#0,42445489,8231927328,1,11.18,9.02,11
944692442#1,8231927328,8307641675,1,11.18,34.86,11
944692442#2,8307641675,42427324,1,11.18,8.85,11
944713336#0,42451932,5403868123,1,11.18,67.76,11
944713336#1,5403868123,42433151,1,11.18,13.59,11
944730279#0,42449631,9550791891,1,13.89,9.92,3
944730279#1,9550791891,9550759216,1,13.89,85.36,3
944730279#2,9550759216,42429013,1,13.89,12.02,3
944730280#0,42449631,9550791728,1,22.22,7.21,10
944730280#1,9550791728,9550791750,1,22.22,63.25,10
944730280#2,9550791750,42449634,1,22.22,9.56,10
944771877,2141026506,42432889,1,11.18,15.81,10
944990224,373772209,5333189427,1,22.22,10.07,10
944990225#0,42424576,5333189428,2,11.18,8.07,11
944990225#1,5333189428,5333189427,2,11.18,26.55,11
944990226,5333189426,42425758,1,22.22,10.87,9
944990227,5333189426,5333189423,2,11.18,25.46,11
944990228#0,42425758,373772209,2,11.18,30.45,11
944990228#1,373772209,9520382018,2,11.18,19.57,11
944990228#2,9520382018,42424576,2,11.18,14.17,11
944999159#0,42434097,10170977523,1,13.89,8.87,3
944999159#1,10170977523,10170977555,1,13.89,66.12,3
944999159#2,10170977555,42434098,1,13.89,11.69,3
944999160#0,42434098,10170977551,1,13.89,13.81,3
944999160#1,10170977551,42434101,1,13.89,190.5,3
944999162#0,2541754747,10128823994,2,27.78,8.33,12
944999162#1,10128823994,10129081623,2,27.78,67.9,12
944999162#2,10129081623,561035346,2,27.78,6.95,12
944999162#3,561035346,10129081626,2,27.78,5.76,12
944999162#4,10129081626,10129081633,2,27.78,62.9,12
944999162#5,10129081633,7732653969,2,27.78,8.14,12
944999162#6,7732653969,10129081636,2,27.78,7.36,12
944999162#7,10129081636,7732653971,2,27.78,72.19,12
945127744,4207806923,7480515817,1,13.89,8.59,3
945127745,42437481,7480515821,1,13.89,10.48,3
945167874#0,246580736,246579608,3,13.410000000000002,30.92,13
945167874#1,246579608,246580301,3,13.410000000000002,12.94,13
945167874#2,246580301,8703673333,3,13.410000000000002,12.839999999999998,13
945337519#0,42428760,6900903339,2,27.78,7.52,12
945337519#1,6900903339,6900903341,2,27.78,73.12,12
945337519#2,6900903341,42421745,2,27.78,14.46,12
945375289#0,42431039,9492556613,2,13.89,12.43,3
945375289#1,9492556613,10039795805,2,13.89,219.25,3
945375289#2,10039795805,42434161,2,13.89,9.37,3
945375290#0,1061531637,42428678,2,13.89,16.58,3
945375290#1,42428678,8699239274,2,13.89,10.58,3
945375290#2,8699239274,9492542199,2,13.89,106.27,3
945375290#3,9492542199,42431039,2,13.89,11.59,3
945384088#0,42437436,10125112345,1,11.18,13.5,3
945384088#1,10125112345,8835701402,1,11.18,131.89,3
945384088#2,8835701402,42437433,1,11.18,9.61,3
945384088#3,42437433,8835701396,1,11.18,10.31,3
945384088#4,8835701396,8835701415,1,11.18,126.99,3
945384088#5,8835701415,42437428,1,11.18,10.83,3
945384088#6,42437428,596775973,1,11.18,17.13,3
945384088#7,596775973,10125112341,1,11.18,10.65,3
945384088#8,10125112341,10125112340,1,11.18,72.22,3
945384089#0,42437433,10125139622,2,27.78,6.93,11
945384089#1,10125139622,10166834602,2,27.78,66.32,11
945384089#2,10166834602,42447069,2,27.78,6.31,11
945384091#0,42447069,10125139626,3,11.18,7.53,11
945384091#1,10125139626,9178272149,3,11.18,64.55,11
945384091#2,9178272149,42447060,3,11.18,7.349999999999999,11
945384092,60921162,595484169,2,22.22,80.92,9
945384093,595473048,595481001,1,27.78,33.92,11
945460473#0,42455751,10169614504,6,11.18,12.13,12
945460473#1,10169614504,10168212454,6,11.18,59.18,12
945460473#2,10168212454,42437371,6,11.18,12.519999999999998,12
945464141,42443118,42426135,1,27.78,31.14,11
945464142,42443118,7926756849,3,11.18,16.68,12
945473887#0,42443296,4235733233,3,11.18,29.06,12
945473887#1,4235733233,42449017,3,11.18,6.02,12
945473888#0,42443298,8309479250,1,11.18,9.68,3
945473888#1,8309479250,3919359655,1,11.18,31.42,3
945473888#2,3919359655,42449017,1,11.18,13.66,3
945473889#0,42455337,8740550847,1,22.22,10.06,10
945473889#1,8740550847,6854245786,1,22.22,20.65,10
945473889#2,6854245786,6854245793,1,22.22,15.51,10
945473889#3,6854245793,42437942,1,22.22,36.72,10
945473889#4,42437942,7953934600,1,22.22,18.01,10
945473889#5,7953934600,42427768,1,22.22,61.27,10
945473889#6,42427768,7915715240,1,22.22,23.82,10
945473889#7,7915715240,7915715251,1,22.22,48.75,10
945473889#8,7915715251,42433346,1,22.22,7.43,10
945473890#0,42433115,5403868139,1,13.89,11.89,3
945473890#1,5403868139,8740550849,1,13.89,112.22,3
945473890#2,8740550849,42455337,1,13.89,9.96,3
945523294#0,4015190382,5784518526,2,11.18,9.35,12
945523294#1,5784518526,8309479290,2,11.18,61.38,12
945523294#2,8309479290,1773121034,2,11.18,5.39,12
945944497#0,42440144,10171087495,2,27.78,12.16,12
945944497#1,10171087495,6824030325,2,27.78,53.79,12
945966225#0,42431118,9916138284,1,11.18,12.14,3
945966225#1,9916138284,7326861787,1,11.18,126.74,3
945966225#2,7326861787,42437920,1,11.18,5.78,3
945966226#0,42421749,10172941359,1,11.18,9.31,10
945966226#1,10172941359,9177516862,1,11.18,0.94,10
945966226#2,9177516862,9916138285,1,11.18,46.81,10
945966227#0,42421751,42432764,1,13.89,85.12,3
945966227#1,42432764,9166175592,1,13.89,73.39,3
945966227#2,9166175592,42441910,1,13.89,7.21,3
945966228,42437920,42421751,1,13.89,86.05,3
946653471#0,42436353,8429031606,2,11.18,7.01,11
946653471#1,8429031606,8429031604,2,11.18,58.74,11
946653471#2,8429031604,42436355,2,11.18,8.35,11
946653471#3,42436355,8429031603,2,11.18,6.06,11
947215907,42428447,1919595915,1,11.18,15.42,11
947246662,8768449700,374472690,4,20.12,114.74,14
947916171#0,42448171,8312361649,3,11.18,6.239999999999999,11
947916171#1,8312361649,4143851142,3,11.18,36.97,11
947916172#0,42430550,8312361673,3,11.18,5.96,11
947916172#1,8312361673,8312361666,3,11.18,57.18,11
947916172#2,8312361666,42429830,3,11.18,5.66,11
949979462,7472058123,42422086,2,11.18,41.93,11
949990384#0,7471942376,3786728807,2,13.41,86.37,12
949990384#1,3786728807,42437043,2,13.41,71.32,12
95181768#0,246648627,246649427,3,13.410000000000002,80.11,13
95181768#1,246649427,246649342,3,13.410000000000002,111.44,13
95181768#10,246649346,4599130012,3,13.410000000000002,132.66,13
95181768#11,4599130012,246878196,3,13.410000000000002,4.13,13
95181768#12,246878196,246878284,3,13.410000000000002,30.75,13
95181768#13,246878284,4599130010,3,13.410000000000002,97.17,13
95181768#14,4599130010,246876728,3,13.410000000000002,5.75,13
95181768#15,246876728,246857083,3,13.410000000000002,21.04,13
95181768#16,246857083,9609713328,3,13.410000000000002,68.28,13
95181768#17,9609713328,4207143439,3,13.410000000000002,7.62,13
95181768#2,246649342,4599130016,3,13.410000000000002,8.25,13
95181768#3,4599130016,246649343,3,13.410000000000002,9.76,13
95181768#4,246649343,4599130014,3,13.410000000000002,225.32000000000002,13
95181768#5,4599130014,246649344,3,13.410000000000002,4.17,13
95181768#6,246649344,246649345,3,13.410000000000002,19.27,13
95181768#7,246649345,4599130013,3,13.410000000000002,137.54,13
95181768#8,4599130013,246874387,3,13.410000000000002,4.09,13
95181768#9,246874387,246649346,3,13.410000000000002,16.72,13
95181769#0,7640353301,7595748181,3,27.78,33.21,11
95181769#1,7595748181,42430984,3,27.78,7.3,11
95181773#0,1104165608,8304498084,5,11.18,7.290000000000001,11
95181773#1,8304498084,42436308,5,11.18,7.68,11
95181773#2,42436308,8304498078,5,11.18,62.1,11
95181773#3,8304498078,42424408,5,11.18,13.440000000000001,11
95181774#0,42430633,5165666208,6,11.18,10.799999999999999,11
95181774#1,5165666208,5165666202,6,11.18,66.27,11
95181774#2,5165666202,42430629,6,11.18,8.61,11
952703047,4142105822,42424619,2,11.18,11.61,13
952703048#0,4629486879,4602429335,2,11.18,3.41,13
952703048#1,4602429335,4142105813,2,11.18,103.05,13
953306974,5333189421,589927901,1,11.18,28.89,11
953370164,60929894,60928599,5,22.22,118.14000000000001,9
953810797#0,42433402,42433403,2,11.18,34.23,11
953810797#1,42433403,4779073677,2,11.18,8.94,11
953810800#0,3631837585,42433385,2,11.18,83.44,11
953810800#1,42433385,42433402,2,11.18,36.53,11
953810802,42433490,8828070184,4,17.88,45.55,14
953810807,8828070184,3631837584,3,17.88,136.96,14
953819148,8828140387,42428052,1,13.89,7.25,3
953819149#0,8828140385,6185259910,1,13.89,24.27,3
953819149#1,6185259910,8828140387,1,13.89,8.69,3
953819150,6185259892,10581577906,3,11.18,65.18,11
953819151#0,8828140382,6185259891,4,11.18,51.29,12
953819151#1,6185259891,42448745,4,11.18,9.41,12
953819152,8828140387,6185259892,2,11.18,7.4,11
954178925#0,8831369657,4298760176,5,27.78,15.8,12
954178925#1,4298760176,42455887,5,27.78,6.840000000000001,12
954178926#0,42455887,4298760165,4,27.78,7.44,12
954178926#1,4298760165,3601295728,4,27.78,57.13,12
954178926#2,3601295728,42439181,4,27.78,8.5,12
954310592,8832539648,42423514,1,11.18,64.71,9
954496239#0,8834277653,42424630,1,11.18,55.5,9
954496239#1,42424630,42423514,1,11.18,12.46,9
954497309,3785522898,42433465,2,22.22,84.54,9
954502538,8834352022,1701898675,2,11.18,27.36,9
954503819#0,42442475,10039932500,1,13.89,12.81,3
954503819#1,10039932500,8699239237,1,13.89,119.88,3
954503819#2,8699239237,1061531839,1,13.89,10.98,3
954503819#3,1061531839,42428670,1,13.89,16.64,3
954503819#4,42428670,8699239243,1,13.89,10.46,3
954503819#5,8699239243,10039741683,1,13.89,93.63,3
954503819#6,10039741683,42431034,1,13.89,12.06,3
954503819#7,42431034,8727756050,1,13.89,11.78,3
954503819#8,8727756050,10039741695,1,13.89,219.09,3
954503819#9,10039741695,42441569,1,13.89,9.53,3
954503820#0,7194269381,9547662379,4,27.78,39.23,12
954503820#1,9547662379,42442480,4,27.78,12.14,12
954520388#0,8834806807,8288270407,2,13.89,69.31,3
954520388#1,8288270407,42423885,2,13.89,12.35,3
954520389#0,42446504,8288270423,6,11.18,8.769999999999998,12
954520389#1,8288270423,10169614505,6,11.18,63.51,12
954520389#2,10169614505,42455751,6,11.18,10.5,12
954520390#0,42423885,8288270409,1,13.89,13.46,3
954520390#1,8288270409,427804196,1,13.89,82.74,3
954541805,5173594703,3630219668,1,11.18,75.17,3
954552256#0,8835121396,427842140,5,11.18,22.35,12
954552256#1,427842140,5889481217,5,11.18,33.46,12
954552256#2,5889481217,42434429,5,11.18,8.21,12
954659191#0,8836214006,10171337718,4,11.18,31.39,11
954659191#1,10171337718,42434270,4,11.18,7.81,11
954826394#0,42430803,5837088104,4,11.18,87.08,11
954826394#1,5837088104,5151983468,4,11.18,22.73,11
954826394#2,5151983468,5837088105,4,11.18,12.17,11
954871890,8838184086,4205865489,5,11.18,15.05,12
954878305#0,8838254189,3946500933,5,11.18,18.48,12
954878305#1,3946500933,42434974,5,11.18,8.2,12
954882358,8838304300,4207669595,5,11.18,18.11,12
954926502#0,42434974,3946500927,4,11.18,7.88,12
954926502#1,3946500927,8838680409,4,11.18,40.8,12
954929768#0,42455915,3946500935,4,11.18,10.62,12
954929768#1,3946500935,3948577931,4,11.18,43.78,12
954929769#0,8838680409,3946500928,4,11.18,21.7,12
954929769#1,3946500928,42455915,4,11.18,10.45,12
954955253#0,8838881844,4298757033,5,11.18,16.63,12
954955253#1,4298757033,42431470,5,11.18,6.57,12
954955254#0,42431470,4298757061,4,11.18,8.52,12
954955254#1,4298757061,8838881845,4,11.18,29.31,12
954955255#0,8838881845,4298757020,5,11.18,35.4,12
954955255#1,4298757020,42439323,5,11.18,7.31,12
954955256#0,42439323,4298757080,4,11.18,8.1,12
954955256#1,4298757080,4298757018,4,11.18,15.8,12
954955256#2,4298757018,8838881846,4,11.18,8.97,12
954955257,8838881846,4207683792,5,11.18,18.73,12
955134530#0,42434412,8840333830,1,11.18,8.1,4
955134530#1,8840333830,8840333831,1,11.18,39.04,4
955134530#10,8840333837,8840333838,1,11.18,49.27,4
955134530#11,8840333838,8840333839,1,11.18,8.6,4
955134530#12,8840333839,8840333840,1,11.18,7.22,4
955134530#13,8840333840,8840333841,1,11.18,55.41,4
955134530#14,8840333841,8840333842,1,11.18,5.07,4
955134530#15,8840333842,8840333843,1,11.18,6.52,4
955134530#16,8840333843,8840333844,1,11.18,68.14,4
955134530#17,8840333844,42453952,1,11.18,11.11,4
955134530#2,8840333831,8840333845,1,11.18,7.85,4
955134530#3,8840333845,8840333832,1,11.18,8.63,4
955134530#4,8840333832,10288802574,1,11.18,61.33,4
955134530#5,10288802574,8840333834,1,11.18,5.83,4
955134530#6,8840333834,8840333835,1,11.18,19.41,4
955134530#7,8840333835,10288802697,1,11.18,55.01,4
955134530#8,10288802697,8840333836,1,11.18,5.74,4
955134530#9,8840333836,8840333837,1,11.18,13.3,4
955134535#0,42422035,5889526046,2,11.18,9.07,4
955134535#1,5889526046,42434413,2,11.18,44.79,4
955205137#0,8840916184,3569749093,4,11.18,21.24,12
955205137#1,3569749093,42454010,4,11.18,7.75,12
955214790#0,3212472843,8840995913,2,11.18,14.81,12
955214790#1,8840995913,42429762,2,11.18,8.76,12
955214801,7476387556,3630249566,1,11.18,11.12,3
955237974#0,5135853008,8312361681,3,11.18,27.39,11
955237974#1,8312361681,42445356,3,11.18,7.44,11
955237975#0,42445356,8312361680,4,11.18,6.94,11
955237975#1,8312361680,8312361674,4,11.18,59.08,11
955237975#2,8312361674,42430550,4,11.18,8.27,11
955259023#0,6929267014,10039927885,4,27.78,14.06,12
955259023#1,10039927885,42437305,4,27.78,7.43,12
955261511#0,42436943,8309479578,4,11.18,7.58,12
955261511#1,8309479578,4205565489,4,11.18,36.3,12
955261512#0,8841425136,8309479579,4,11.18,17.64,12
955261512#1,8309479579,42436943,4,11.18,6.47,12
955261513#0,42454994,8309479282,4,11.18,7.56,12
955261513#1,8309479282,8309479589,4,11.18,66.94,12
955261513#2,8309479589,42446547,4,11.18,7.18,12
955261513#3,42446547,8309479588,4,11.18,6.55,12
955261513#4,8309479588,8841425136,4,11.18,50.23,12
955261514#0,8841425137,8309479283,4,11.18,27.53,12
955261514#1,8309479283,42454994,4,11.18,6.09,12
955261515#0,42449021,8309479515,4,11.18,6.79,12
955261515#1,8309479515,8309479509,4,11.18,61.68,12
955261515#2,8309479509,42430903,4,11.18,6.51,12
955261516#0,8841425138,8309479516,4,11.18,22.76,12
955261516#1,8309479516,42449021,4,11.18,7.09,12
955261517#0,42434205,8309479533,4,11.18,6.73,12
955261517#1,8309479533,8309479525,4,11.18,64.3,12
955261517#2,8309479525,4012724171,4,11.18,6.56,12
955261518#0,8841425139,8309479534,4,11.18,25.93,12
955261518#1,8309479534,42434205,4,11.18,6.96,12
955268214#0,42434343,6164705329,2,27.78,142.02,11
955268214#1,6164705329,7935055502,2,27.78,68.17,11
955268214#2,7935055502,7935055501,2,27.78,4.08,11
955268214#3,7935055501,42442054,2,27.78,88.6,11
955293893#0,42430115,8304498315,2,11.18,6.42,11
955293893#1,8304498315,8841730193,2,11.18,33.27,11
955293894,42430115,4143851144,1,11.18,9.09,3
955293895#0,8841730193,4143859871,3,11.18,33.62,11
955293895#1,4143859871,42430118,3,11.18,8.63,11
955293895#2,42430118,8304498292,3,11.18,6.900000000000001,11
955293895#3,8304498292,10748446194,3,11.18,12.68,11
955293895#4,10748446194,10748446190,3,11.18,26.27,11
955293895#5,10748446190,8304498244,3,11.18,38.47,11
955293895#6,8304498244,42430122,3,11.18,9.28,11
955301423#0,42429645,5296795760,1,11.18,11.18,3
955301423#1,5296795760,9813212420,1,11.18,127.19,3
955301423#2,9813212420,42429646,1,11.18,5.63,3
955301423#3,42429646,9813212419,1,11.18,6.0,3
955301423#4,9813212419,42429647,1,11.18,131.45,3
955301423#5,42429647,6859551126,1,11.18,23.55,3
955301423#6,6859551126,5783022066,1,11.18,107.39,3
955301423#7,5783022066,1918039876,1,11.18,10.63,3
955301424#0,42429645,8307642253,4,11.18,6.12,12
955301424#1,8307642253,8821681993,4,11.18,60.76,12
955301424#2,8821681993,8231896493,4,11.18,2.96,12
955301424#3,8231896493,42429756,4,11.18,7.85,12
955301425#0,42429756,5159452352,1,11.18,11.45,3
955301425#1,5159452352,8307642279,1,11.18,126.54,3
955301425#2,8307642279,42437111,1,11.18,6.12,3
955301425#3,42437111,8307642278,1,11.18,5.7,3
955301425#4,8307642278,8307642271,1,11.18,125.71,3
955301425#5,8307642271,42432054,1,11.18,5.75,3
955301425#6,42432054,8307642270,1,11.18,5.63,3
955301425#7,8307642270,8821475420,1,11.18,118.9,3
955301425#8,8821475420,5783022067,1,11.18,6.95,3
955301425#9,5783022067,1918039896,1,11.18,9.35,3
955301426#0,42429756,6330061745,4,11.18,6.15,12
955301426#1,6330061745,4202930753,4,11.18,13.45,12
955328305#0,8842019586,8119462442,4,11.18,16.9,11
955328305#1,8119462442,42445374,4,11.18,10.58,11
955355446#0,8842216739,10168825886,4,27.78,16.52,11
955355446#1,10168825886,42446941,4,27.78,8.84,11
955564932,587861515,8843765047,1,13.89,12.53,3
957035304#0,8855911559,10166505393,5,11.18,61.11999999999999,11
957035304#1,10166505393,42430677,5,11.18,7.959999999999999,11
957049320#0,8856061690,10170893928,4,27.78,11.74,12
957049320#1,10170893928,42442567,4,27.78,7.77,12
957049321#0,8856061691,10170893932,3,27.78,30.89,12
957049321#1,10170893932,42442569,3,27.78,10.57,12
957049322#0,42442567,10170893923,1,13.89,14.85,3
957049322#1,10170893923,7004396259,1,13.89,242.1,3
957049322#2,7004396259,561035330,1,13.89,9.17,3
957049322#3,561035330,42428770,1,13.89,19.26,3
957049322#4,42428770,10170893919,1,13.89,10.49,3
957049322#5,10170893919,10171187067,1,13.89,119.61,3
957049322#6,10171187067,42441913,1,13.89,5.81,3
957049323#0,42442567,10170893924,4,27.78,7.05,12
957049323#1,10170893924,8856061691,4,27.78,26.41,12
957050578#0,8856061172,10166004025,4,27.78,12.83,12
957050578#1,10166004025,42432756,4,27.78,6.93,12
957085297,8856405727,4215580881,3,11.18,24.34,12
957085298,8856405728,8856405727,2,11.18,20.09,12
957430657#0,42443426,10171363570,1,13.89,12.19,3
957430657#1,10171363570,5422624269,1,13.89,163.81,3
957430657#2,5422624269,10170893926,1,13.89,84.9,3
957430657#3,10170893926,42442567,1,13.89,10.72,3
957524734,370888100,370888099,3,17.88,262.29,14
957524735,8859899698,370888100,4,17.88,72.6,14
957532385,61269400,595295436,3,22.350000000000005,174.42,14
957766508#0,371337150,371337197,3,22.350000000000005,794.36,14
957766508#1,371337197,589927953,3,22.350000000000005,365.78,14
957807782#0,371337250,589927903,3,22.350000000000005,213.84,14
957807782#1,589927903,371337269,3,22.350000000000005,698.93,14
957807783,8862591092,371337250,4,22.35,95.19,14
957809796,8862642719,60928137,3,22.22,31.38,9
957873160#0,42423070,42422545,3,22.350000000000005,173.13,14
957873160#1,42422545,595295538,3,22.350000000000005,39.09,14
958096263,42425484,373760396,3,22.350000000000005,197.75,14
958108257,371207282,589929447,3,17.88,136.18,14
958130663,5426969134,42450656,3,17.88,76.89,14
958130664,8865306820,5426969134,4,17.88,57.57,14
958158459,205020852,3790255316,3,13.410000000000002,45.06,14
958162233,42423307,370892861,3,17.88,771.67,14
958188024#0,42450820,42423296,3,17.88,335.43,14
958188024#1,42423296,8859899698,3,17.88,241.66,14
958188025,42423039,42450820,4,17.88,144.88,14
958203289,42451436,42422270,3,17.88,125.90000000000002,14
958204365,371209940,371239958,3,17.88,1930.9800000000002,14
958209853#0,7907957252,587934436,3,22.350000000000005,101.78000000000002,14
958209853#1,587934436,595338298,3,22.350000000000005,121.38,14
958264261#0,7477036738,3898690210,1,11.18,6.86,3
958264261#1,3898690210,11153640072,1,11.18,73.9,3
958264261#2,11153640072,42437749,1,11.18,14.7,3
958264262#0,42444293,7477036737,1,11.18,30.62,3
958264262#1,7477036737,7477036738,1,11.18,12.88,3
958268977#0,42436779,8231934380,1,11.18,5.99,3
958268977#1,8231934380,8231938430,1,11.18,53.49,3
958268977#2,8231938430,42442276,1,11.18,8.96,3
958280689#0,42434358,10172843040,1,11.18,8.56,3
958280689#1,10172843040,10172843111,1,11.18,133.35,3
958280689#2,10172843111,42456543,1,11.18,7.61,3
958795914,370924677,42424183,3,17.88,185.02,14
958795915,5426969133,370924677,4,17.88,73.76,14
958919324#0,42428272,10173490594,1,2.24,10.43,2
958919324#1,10173490594,10173490602,1,2.24,64.0,2
958919324#2,10173490602,42428268,1,2.24,10.71,2
959041299,8874226523,370894980,1,17.88,128.85,9
959102718,42458670,60917021,3,22.350000000000005,247.17,14
959126527,9545963078,9907942869,2,22.22,54.31,9
959157334,42426865,42450910,3,17.88,119.03000000000002,14
959157335,42423774,2985640818,4,17.88,116.57,14
959723772,6532254351,6516908811,3,22.350000000000005,59.44,14
959767970,5779545445,42450699,3,17.88,286.22,14
959783796,374463462,374479219,3,22.350000000000005,30.679999999999996,14
959785458,8880311754,4158740807,1,13.41,79.59,8
960060917,254342293,595338029,3,22.350000000000005,596.32,14
960060918,8882666913,254342293,4,22.35,70.4,14
960097006,370914027,589099584,3,17.88,151.48,14
961825346,42433431,42424133,3,17.88,190.82000000000002,14
961825347,3786724042,42433431,4,17.88,105.98,14
961934931,42438809,3785451338,3,17.88,39.0,14
961976870,8898513809,595729853,4,20.12,84.77,14
961976871#0,595729853,374482644,3,20.12,261.14,14
961976871#1,374482644,8768449700,3,20.12,139.8,14
962159718,8900105721,60926140,3,22.22,54.6,9
962602326#0,42432094,5296792751,1,11.18,68.18,3
962602326#1,5296792751,7476387556,1,11.18,6.34,3
962612851#0,5331842131,8307463707,3,11.18,41.79,11
962612851#1,8307463707,42435581,3,11.18,10.18,11
962612852,6518638079,4492821528,2,11.18,45.84,11
962623445#0,8904493700,10170874374,3,11.18,36.96,12
962623445#1,10170874374,42439868,3,11.18,8.16,12
962626218#0,8904527314,3976008178,5,11.18,30.46,11
962626218#1,3976008178,5706568771,5,11.18,11.79,11
962669695,8904913030,7740583558,2,27.78,10.17,12
962669696#0,42421783,8904913024,2,27.78,12.05,12
962669696#1,8904913024,9561386433,2,27.78,136.8,12
962669696#10,9561386464,42429184,2,27.78,10.69,12
962669696#11,42429184,42429188,2,27.78,11.0,12
962669696#12,42429188,42429209,2,27.78,151.26,12
962669696#13,42429209,42429211,2,27.78,7.35,12
962669696#14,42429211,9561386485,2,27.78,5.86,12
962669696#15,9561386485,9561386481,2,27.78,66.19,12
962669696#16,9561386481,42429212,2,27.78,9.55,12
962669696#2,9561386433,42429174,2,27.78,7.47,12
962669696#3,42429174,9561386432,2,27.78,8.64,12
962669696#4,9561386432,1205714859,2,27.78,161.08,12
962669696#5,1205714859,42427844,2,27.78,6.38,12
962669696#6,42427844,1763749977,2,27.78,7.99,12
962669696#7,1763749977,9561386450,2,27.78,9.21,12
962669696#8,9561386450,1764647101,2,27.78,24.88,12
962669696#9,1764647101,9561386464,2,27.78,96.02,12
962669697#0,7740583558,9561253104,2,27.78,15.44,12
962669697#1,9561253104,42421783,2,27.78,7.09,12
962813251#0,8906253690,10166509659,4,27.78,45.9,12
962813251#1,10166509659,42436519,4,27.78,8.31,12
962813251#2,42436519,10166509658,4,27.78,6.92,12
962813251#3,10166509658,10166509667,4,27.78,64.29,12
962813251#4,10166509667,42449982,4,27.78,7.84,12
962829745,8906433866,8906433867,2,11.18,89.77,11
962829746#0,8906433867,4716936973,2,11.18,67.76,11
962829746#1,4716936973,6177439759,2,11.18,13.62,11
962831194,8906451666,8906451667,2,11.18,18.11,11
962831195,8906451667,422438819,3,11.18,12.74,11
962935063#0,8907450705,4960208254,2,11.18,55.9,11
962935063#1,4960208254,42436527,2,11.18,13.77,11
963551551#0,42428434,8307641795,4,11.18,5.66,11
963551551#1,8307641795,8307641803,4,11.18,53.83,11
963551551#2,8307641803,42428433,4,11.18,11.74,11
963551552#0,42428434,8307641796,1,11.18,10.58,3
963551552#1,8307641796,8307641828,1,11.18,65.69,3
963551552#2,8307641828,42439583,1,11.18,6.0,3
963551553#0,42428433,8307641804,2,11.18,13.27,11
963551553#1,8307641804,42428431,2,11.18,20.11,11
963551553#10,8307641769,42428420,2,11.18,6.15,11
963551553#11,42428420,8307641770,2,11.18,5.72,11
963551553#12,8307641770,8307641682,2,11.18,65.33,11
963551553#13,8307641682,5706569905,2,11.18,6.27,11
963551553#14,5706569905,8307641683,2,11.18,5.66,11
963551553#15,8307641683,4207150078,2,11.18,4.0,11
963551553#2,42428431,5481883674,2,11.18,13.94,11
963551553#3,5481883674,8307641758,2,11.18,49.33,11
963551553#4,8307641758,42428428,2,11.18,5.75,11
963551553#5,42428428,8307641759,2,11.18,7.17,11
963551553#6,8307641759,8307641763,2,11.18,67.95,11
963551553#7,8307641763,42428425,2,11.18,5.63,11
963551553#8,42428425,8307641764,2,11.18,6.65,11
963551553#9,8307641764,8307641769,2,11.18,64.19,11
963567032#0,8913023103,10168486336,4,11.18,42.25,11
963567032#1,10168486336,42434279,4,11.18,7.07,11
963567033#0,42434279,10168486334,1,11.18,18.2,3
963567033#1,10168486334,10171509270,1,11.18,248.1,3
963567033#2,10171509270,42434271,1,11.18,13.07,3
963567034#0,42434279,10168486332,3,11.18,7.87,11
963567034#1,10168486332,10168486345,3,11.18,63.02,11
963567034#2,10168486345,42443674,3,11.18,8.73,11
963575583#0,8913108827,10168486389,4,11.18,37.17,11
963575583#1,10168486389,42427386,4,11.18,7.14,11
963575585#0,42427386,10168486387,1,11.18,16.71,3
963575585#1,10168486387,10171337721,1,11.18,247.78,3
963575585#2,10171337721,42427381,1,11.18,13.57,3
963575586#0,42427386,10168486385,3,11.18,7.28,11
963575586#1,10168486385,10168486406,3,11.18,59.57,11
963575586#2,10168486406,42444916,3,11.18,7.14,11
963575586#3,42444916,10168486402,3,11.18,8.36,11
963575586#4,10168486402,8913108828,3,11.18,26.41,11
963575587#0,8913108828,8310246376,3,11.18,35.0,11
963575587#1,8310246376,42429663,3,11.18,6.489999999999999,11
963588773,61272997,61273001,5,13.41,108.6,14
963599646#0,42424701,3874689577,2,27.78,7.52,11
963599646#1,3874689577,7616666766,2,27.78,70.97,11
963599646#2,7616666766,10049926003,2,27.78,53.77,11
963613972#0,42428258,10169532581,3,27.78,16.22,11
963613972#1,10169532581,9856566012,3,27.78,52.62,11
963613972#2,9856566012,42430311,3,27.78,13.03,11
963629778#0,8913610638,9557110437,3,11.18,32.52,11
963629778#1,9557110437,371337175,3,11.18,7.44,11
963856064#0,8915549080,10125147540,3,11.18,57.41,11
963856064#1,10125147540,42447020,3,11.18,10.48,11
963948844,7910052385,61261108,3,22.350000000000005,170.67,14
963948845#0,3917286380,7910052395,4,22.35,112.9,14
963948845#1,7910052395,7910052385,4,22.35,64.24,14
963970593#0,5333189422,5333189424,2,11.18,35.11,11
963970593#1,5333189424,42425758,2,11.18,27.97,11
963975252,4158708495,587988061,2,11.18,21.9,9
963977113,8916692975,60927827,2,22.22,31.75,9
963982118,42427009,42433490,3,17.88,616.12,14
963982119,42424133,42427009,3,17.88,590.7,14
963984247,8916714760,8916714762,2,22.22,62.29,9
963984248#0,8916714761,9168918345,1,22.22,104.53,9
963984248#1,9168918345,8916714760,1,22.22,111.78,9
963984249,8916714762,2029349865,2,22.22,89.21,9
963988016,1701844801,370915361,2,22.22,3.88,9
964198407,8918574033,1478572209,1,11.18,45.2,12
964198408,1478572209,1478572240,1,11.18,132.17,12
964208970#0,8918680640,10125174401,5,11.18,21.23,11
964208970#1,10125174401,42445953,5,11.18,8.73,11
964220270#0,8310246554,6411125194,1,11.18,42.65,11
964220270#1,6411125194,42438531,1,11.18,11.51,11
964220271,42436971,8310246554,1,11.18,22.82,11
964236031,8918969326,60929894,2,22.22,12.5,9
964236440,8918973662,8918973663,3,11.18,16.43,12
964236441#0,8918973663,8821681984,3,11.18,23.64,12
964236441#1,8821681984,3212472655,3,11.18,7.19,12
964236441#2,3212472655,42429762,3,11.18,12.08,12
964284482,371188750,371188752,2,17.88,49.02,14
964294640#0,6289180298,6289180287,2,11.18,193.63,11
964294640#1,6289180287,6163641237,2,11.18,75.78,11
964294640#2,6163641237,42424025,2,11.18,15.33,11
964294641#0,3785532382,42433421,1,22.22,31.76,9
964294641#1,42433421,42433422,1,22.22,34.27,9
964296516,8919524785,60927485,2,22.22,104.08,9
964304340,8919621235,42430973,1,11.18,24.63,12
964500186,42458435,9168918373,3,22.350000000000005,138.39,14
964513529,587812665,595314111,3,22.350000000000005,154.26,14
964545839,371337160,373850921,2,22.22,85.52,9
964800700,3829675225,42438898,1,22.22,18.21,9
965730537,5771241290,595729842,3,17.88,31.070000000000004,14
965833822#0,42430713,8307463083,1,11.18,11.12,3
965833822#1,8307463083,6895152829,1,11.18,158.76,3
965833822#10,5481881554,9112839749,1,11.18,9.46,3
965833822#11,9112839749,10073946219,1,11.18,167.68,3
965833822#12,10073946219,42435702,1,11.18,12.69,3
965833822#13,42435702,10089697025,1,11.18,13.39,3
965833822#14,10089697025,3977886873,1,11.18,165.85,3
965833822#15,3977886873,42428312,1,11.18,8.65,3
965833822#2,6895152829,6863266402,1,11.18,39.84,3
965833822#3,6863266402,10085807106,1,11.18,49.58,3
965833822#4,10085807106,42446363,1,11.18,13.66,3
965833822#5,42446363,10085807108,1,11.18,9.84,3
965833822#6,10085807108,3463815151,1,11.18,249.92,3
965833822#7,3463815151,42445027,1,11.18,13.41,3
965833822#8,42445027,10074068906,1,11.18,12.13,3
965833822#9,10074068906,5481881554,1,11.18,71.32,3
965833823#0,11017186435,61275605,4,13.41,143.58,13
965833823#1,61275605,247122534,4,13.41,5.13,13
965833823#2,247122534,11017186444,4,13.41,10.42,13
965834570,11017186444,247120300,4,13.41,33.24,13
965836271,593854257,4215913808,4,13.41,68.59,13
966105510#0,8937823540,3944708029,5,11.18,19.36,11
966105510#1,3944708029,42445917,5,11.18,7.88,11
966146166,5753702311,587988061,2,11.18,23.38,11
968388394#0,8959133939,8214331029,4,11.18,24.04,11
968388394#1,8214331029,42430791,4,11.18,13.02,11
968388395#0,42430791,8214331030,3,11.18,11.32,11
968388395#1,8214331030,8214331033,3,11.18,33.07,11
968388395#2,8214331033,42430782,3,11.18,10.66,11
968393461#0,8959167156,4942649692,5,11.18,34.33,12
968393461#1,4942649692,42436531,5,11.18,8.91,12
968393462#0,42436531,4918486950,2,11.18,13.72,11
968393462#1,4918486950,9375594838,2,11.18,112.34,11
968393463#0,42436531,4918486952,5,11.18,8.99,12
968393463#1,4918486952,4918486938,5,11.18,64.55,12
968393463#2,4918486938,42456049,5,11.18,7.790000000000001,12
968393464#0,42456049,4918486944,2,22.22,12.16,10
968393464#1,4918486944,8231348297,2,22.22,62.34,10
968393464#2,8231348297,5119773940,2,22.22,68.74,10
968393464#3,5119773940,4918486967,2,22.22,59.11,10
968393464#4,4918486967,42427968,2,22.22,13.8,10
968393465#0,42456049,4918486942,5,11.18,7.279999999999999,12
968393465#1,4918486942,8959167160,5,11.18,52.779999999999994,12
968393466#0,6744466013,10166384595,3,22.22,8.53,10
968393466#1,10166384595,8112585810,3,22.22,74.88,10
968393466#2,8112585810,42429981,3,22.22,12.08,10
968393467#0,42429986,4918486923,5,11.18,7.389999999999999,12
968393467#1,4918486923,4918486817,5,11.18,64.78,12
968393467#2,4918486817,42431661,5,11.18,6.610000000000001,12
968393468#0,42431661,4918486811,1,13.89,13.21,3
968393468#1,4918486811,4918486931,1,13.89,191.31,3
968393468#2,4918486931,42427972,1,13.89,13.63,3
968393469#0,42431661,4918486813,5,11.18,7.360000000000001,12
968393469#1,4918486813,4918486801,5,11.18,66.0,12
968393469#2,4918486801,42455675,5,11.18,6.889999999999999,12
968393470#0,42455675,7837088630,5,11.18,6.67,12
968393470#1,7837088630,8959167157,5,11.18,53.489999999999995,12
968393471#0,8959167157,9030177786,6,11.18,11.86,12
968393471#1,9030177786,42447237,6,11.18,7.240000000000001,12
968393472#0,42447237,9030177789,5,11.18,7.040000000000001,12
968393472#1,9030177789,8959167158,5,11.18,53.08,12
968393474#0,42437451,9030177801,5,11.18,7.540000000000001,12
968393474#1,9030177801,6670244859,5,11.18,64.68,12
968393474#2,6670244859,42431684,5,11.18,6.82,12
968393475#0,8959167158,9030177790,6,11.18,12.01,12
968393475#1,9030177790,42437451,6,11.18,7.46,12
968393476#0,42431684,6670244860,1,13.89,12.07,3
968393476#1,6670244860,9953316131,1,13.89,183.49,3
968393477#0,42431684,6670244861,5,11.18,6.67,12
968393477#1,6670244861,8959167159,5,11.18,54.42,12
968393478#0,8959167159,6670244854,6,11.18,11.87,12
968393478#1,6670244854,42455695,6,11.18,6.490000000000001,12
968393479#0,42455695,6670244853,1,13.89,14.2,3
968393479#1,6670244853,6176390173,1,13.89,205.6,3
968393479#10,3278932321,6747157047,1,13.89,38.58,3
968393479#11,6747157047,42447076,1,13.89,9.97,3
968393479#12,42447076,6747157052,1,13.89,8.83,3
968393479#13,6747157052,6883897069,1,13.89,82.69,3
968393479#14,6883897069,8835701390,1,13.89,45.15,3
968393479#15,8835701390,42455694,1,13.89,11.42,3
968393479#16,42455694,596776027,1,13.89,17.14,3
968393479#17,596776027,10171234759,1,13.89,10.19,3
968393479#18,10171234759,10170844881,1,13.89,125.51,3
968393479#19,10170844881,42445994,1,13.89,10.85,3
968393479#2,6176390173,42443000,1,13.89,10.68,3
968393479#20,42445994,10170844877,1,13.89,10.62,3
968393479#21,10170844877,8412090720,1,13.89,78.13,3
968393479#22,8412090720,7797650101,1,13.89,56.35,3
968393479#23,7797650101,42455693,1,13.89,9.66,3
968393479#3,42443000,8851344392,1,13.89,12.17,3
968393479#4,8851344392,3116856947,1,13.89,130.59,3
968393479#5,3116856947,6747157055,1,13.89,59.72,3
968393479#6,6747157055,42449991,1,13.89,13.02,3
968393479#7,42449991,6747157051,1,13.89,13.88,3
968393479#8,6747157051,3278932329,1,13.89,31.41,3
968393479#9,3278932329,3278932321,1,13.89,61.09,3
968393480#0,42455695,6670244856,5,11.18,7.659999999999999,12
968393480#1,6670244856,6670244850,5,11.18,64.47,12
968393480#2,6670244850,42429694,5,11.18,7.230000000000001,12
968393481#0,42429694,6670244851,2,11.18,12.11,3
968393481#1,6670244851,9512697968,2,11.18,167.69,3
968393482#0,42429694,6670244852,5,11.18,7.67,12
968393482#1,6670244852,4215940675,5,11.18,53.3,12
968393483#0,8959167160,4918486095,6,11.18,12.33,12
968393483#1,4918486095,42429986,6,11.18,7.96,12
968394450#0,8959187723,10168911612,5,11.18,29.610000000000003,11
968394450#1,10168911612,42430279,5,11.18,7.37,11
968394451#0,42430279,10168911610,2,11.18,13.25,3
968394451#1,10168911610,11147382163,2,11.18,249.76,3
968394451#2,11147382163,42434807,2,11.18,11.5,3
968394452#0,42430279,10168911616,4,11.18,7.86,11
968394452#1,10168911616,10168911593,4,11.18,63.04,11
968394452#2,10168911593,42430282,4,11.18,7.43,11
968394452#3,42430282,10168911597,4,11.18,8.09,11
968394452#4,10168911597,8959187724,4,11.18,32.01,11
968394453#0,8959187724,10168911552,5,11.18,31.920000000000005,11
968394453#1,10168911552,42427797,5,11.18,7.37,11
968394454#0,42427805,10168911571,1,11.18,11.06,3
968394454#1,10168911571,7653745266,1,11.18,62.99,3
968394454#2,7653745266,10170593074,1,11.18,185.54,3
968394454#3,10170593074,42427812,1,11.18,12.04,3
968394454#4,42427812,6814312341,1,11.18,14.52,3
968394454#5,6814312341,10171484167,1,11.18,248.32,3
968394454#6,10171484167,5545401594,1,11.18,4.17,3
968394455#0,42427797,10168911556,4,11.18,7.65,11
968394455#1,10168911556,10168911543,4,11.18,62.35,11
968394455#2,10168911543,42430288,4,11.18,7.79,11
968394455#3,42430288,10168911547,4,11.18,7.72,11
968394455#4,10168911547,8959187725,4,11.18,33.44,11
968394456#0,8959187725,10168911585,5,11.18,29.76,11
968394456#1,10168911585,42430292,5,11.18,8.01,11
968394732,42424937,595314041,3,22.350000000000005,879.04,14
968398360,8959217306,595462053,3,20.12,522.46,14
968398607#0,42444453,10170762175,2,11.18,12.6,11
968398607#1,10170762175,10170762184,2,11.18,65.51,11
968398607#10,10171956586,10171956594,2,11.18,64.74,11
968398607#11,10171956594,2799368116,2,11.18,7.13,11
968398607#12,2799368116,10171956595,2,11.18,7.23,11
968398607#13,10171956595,10168169598,2,11.18,65.33,11
968398607#14,10168169598,42446184,2,11.18,6.83,11
968398607#15,42446184,10168169594,2,11.18,7.73,11
968398607#16,10168169594,10168169620,2,11.18,64.6,11
968398607#17,10168169620,42446187,2,11.18,6.82,11
968398607#18,42446187,10168169616,2,11.18,7.42,11
968398607#19,10168169616,10168169635,2,11.18,64.84,11
968398607#2,10170762184,42434122,2,11.18,6.5,11
968398607#20,10168169635,42446190,2,11.18,10.31,11
968398607#3,42434122,10170762183,2,11.18,8.23,11
968398607#4,10170762183,10171956578,2,11.18,64.13,11
968398607#5,10171956578,42446177,2,11.18,7.13,11
968398607#6,42446177,10171956579,2,11.18,7.86,11
968398607#7,10171956579,10171956587,2,11.18,64.44,11
968398607#8,10171956587,42446182,2,11.18,5.72,11
968398607#9,42446182,10171956586,2,11.18,8.66,11
968398608#0,7616585422,6680394957,3,27.78,86.7,11
968398608#1,6680394957,7616585434,3,27.78,23.03,11
968399414,587934347,595352913,3,22.350000000000005,66.36,14
968401193#0,7474626847,6216541854,4,11.18,13.65,12
968401193#1,6216541854,7777426415,4,11.18,55.61,12
968401193#2,7777426415,42436653,4,11.18,9.51,12
968401194#0,42436653,7777426444,4,11.18,11.73,12
968401194#1,7777426444,3514651030,4,11.18,5.24,12
968401194#2,3514651030,4207779532,4,11.18,27.93,12
968403921,3631837584,589929435,3,17.88,176.35,14
968406200,427804205,593926743,1,39.44,36.54,14
968418375#0,5209071190,10315959487,4,11.18,19.65,14
968418375#1,10315959487,3574612293,4,11.18,69.9,14
968427207#0,42434389,7924346962,4,11.18,9.67,12
968427207#1,7924346962,4207945899,4,11.18,50.46,12
968428932,247084442,247085079,3,13.410000000000002,58.04999999999999,13
968513228#0,8960303403,10168047521,4,27.78,12.12,12
968513228#1,10168047521,42443561,4,27.78,7.44,12
968513229#0,42443561,10168047525,4,27.78,7.06,12
968513229#1,10168047525,10168047531,4,27.78,64.39,12
968513229#2,10168047531,42445011,4,27.78,7.8,12
968513230#0,42432703,10168047580,1,27.78,12.64,11
968513230#1,10168047580,10168047550,1,27.78,250.32,11
968513230#2,10168047550,42432706,1,27.78,11.25,11
968513230#3,42432706,10168047546,1,27.78,13.36,11
968513230#4,10168047546,593921856,1,27.78,42.68,11
968513231#0,42432703,10168047578,4,27.78,7.17,12
968513231#1,10168047578,8960303403,4,27.78,53.27,12
968521513#0,42432095,4646776167,1,11.18,7.03,3
968521513#1,4646776167,5804835261,1,11.18,95.21,3
968521513#2,5804835261,42447428,1,11.18,11.47,3
968737540#0,42428444,8231906895,2,11.18,5.64,11
968737540#1,8231906895,3573482110,2,11.18,149.36,11
968737540#2,3573482110,42428441,2,11.18,6.19,11
968737541#0,42428444,8231906896,1,11.18,10.64,3
968737541#1,8231906896,8231906901,1,11.18,65.14,3
968737541#10,8231934412,8231934405,1,11.18,66.0,3
968737541#11,8231934405,42454423,1,11.18,8.17,3
968737541#2,8231906901,42449576,1,11.18,5.66,3
968737541#3,42449576,8231906904,1,11.18,6.23,3
968737541#4,8231906904,8231934413,1,11.18,64.53,3
968737541#5,8231934413,42456197,1,11.18,5.8,3
968737541#6,42456197,8231934416,1,11.18,6.63,3
968737541#7,8231934416,8231934409,1,11.18,64.12,3
968737541#8,8231934409,42433578,1,11.18,5.81,3
968737541#9,42433578,8231934412,1,11.18,5.94,3
968737542#0,42428441,3573482108,2,11.18,5.64,11
968737542#1,3573482108,7741546977,2,11.18,148.82,11
968737542#2,7741546977,42428438,2,11.18,10.47,11
968737543#0,42428438,7741546978,4,11.18,10.08,12
968737543#1,7741546978,8231922398,4,11.18,66.11,12
968737543#10,8231922391,8231885409,4,11.18,65.16,12
968737543#11,8231885409,42432142,4,11.18,8.76,12
968737543#2,8231922398,42432156,4,11.18,5.71,12
968737543#3,42432156,8231922400,4,11.18,6.55,12
968737543#4,8231922400,8231922393,4,11.18,64.31,12
968737543#5,8231922393,42432152,4,11.18,5.56,12
968737543#6,42432152,8231922395,4,11.18,7.58,12
968737543#7,8231922395,8231922388,4,11.18,63.82,12
968737543#8,8231922388,42432148,4,11.18,5.82,12
968737543#9,42432148,8231922391,4,11.18,6.08,12
968737544#0,42428438,7741546979,2,11.18,10.47,11
968737544#1,7741546979,8231922364,2,11.18,108.33,11
968737544#2,8231922364,42428436,2,11.18,7.21,11
968740578#0,8962620263,10168169642,3,27.78,55.88,11
968740578#1,10168169642,42429530,3,27.78,11.979999999999999,11
968806228#0,2141026501,10177600411,2,11.18,8.25,12
968806228#1,10177600411,9682605807,2,11.18,8.76,12
9702487,298792355,8900105721,2,22.22,99.25,9
9702602,171245253,1044184576,4,20.12,716.89,14
970628513,8983103712,9953303865,1,11.18,10.39,12
970628514#0,8983103713,3314293712,3,11.18,30.42,12
970628514#1,3314293712,42437108,3,11.18,5.650000000000001,12
970704071,42429390,8983894794,1,11.18,37.64,3
970704072#0,42436431,8262308643,1,11.18,8.71,3
970704072#1,8262308643,8262308622,1,11.18,73.86,3
970704072#2,8262308622,42436159,1,11.18,6.31,3
970750137#0,8264701247,3857400388,1,2.78,50.27,2
970750137#1,3857400388,42428192,1,2.78,6.17,2
972926362#0,42428307,10228962582,1,2.24,7.24,2
972926362#1,10228962582,10942563108,1,2.24,68.95,2
972926362#2,10942563108,42428305,1,2.24,9.59,2
973117512,595245840,595245843,2,11.18,38.45,3
973448963,4567359415,42438084,4,11.18,79.49,12
973448965#0,42443824,3931519753,4,11.18,14.46,12
973448965#1,3931519753,7472058130,4,11.18,85.61,12
973448965#2,7472058130,4567359415,4,11.18,59.98,12
973448966#0,42435234,8796934785,1,11.18,13.01,3
973448966#1,8796934785,10127369882,1,11.18,191.08,3
973448966#2,10127369882,10166326151,1,11.18,0.71,3
973448966#3,10166326151,42435231,1,11.18,12.18,3
973448966#4,42435231,10166326155,1,11.18,13.06,3
973448966#5,10166326155,10122952989,1,11.18,0.98,3
973448966#6,10122952989,10122952990,1,11.18,132.54,3
973448966#7,10122952990,42435230,1,11.18,8.52,3
973448967#0,42435237,4980851578,4,11.18,7.45,12
973448967#1,4980851578,7926756722,4,11.18,64.47,12
973448967#2,7926756722,42443824,4,11.18,7.63,12
974294810#0,8262936580,8262936589,3,11.18,8.4,11
974294810#1,8262936589,42428391,3,11.18,11.050000000000002,11
974336290#0,9017126040,8119192790,4,11.18,18.02,12
974336290#1,8119192790,42436756,4,11.18,7.13,12
974611015#0,7280430895,9019680391,3,11.18,64.6,11
974611015#1,9019680391,9019680388,3,11.18,12.72,11
974611016#0,9019680389,10168212480,3,11.18,7.46,12
974611016#1,10168212480,9019680393,3,11.18,62.56,12
974611016#2,9019680393,9019680390,3,11.18,9.92,12
974611017,9019680389,42430669,1,11.18,11.07,4
974611018#0,9019680388,9019680392,3,11.18,14.15,12
974611018#1,9019680392,10168212476,3,11.18,63.22,12
974611018#2,10168212476,9019680389,3,11.18,8.4,12
974611019#0,9019680388,9019680394,2,27.78,9.05,12
974611019#1,9019680394,5481846617,2,27.78,79.97,12
974921687#0,42439887,10171603043,2,11.18,10.97,12
974921687#1,10171603043,4205440401,2,11.18,29.63,12
975439536#0,42427956,8276468676,1,11.18,5.57,3
975439536#1,8276468676,10344354959,1,11.18,24.39,3
975439536#2,10344354959,42427951,1,11.18,3.17,3
976050702#0,9032581895,8569048145,2,11.18,25.81,3
976050702#1,8569048145,42428174,2,11.18,7.41,3
976050704#0,7369969937,7369969940,1,2.78,24.2,2
976050704#1,7369969940,42428223,1,2.78,8.96,2
976050705#0,7369969942,9198484656,1,2.78,25.22,2
976050705#1,9198484656,42428227,1,2.78,7.78,2
976050707#0,1825841743,8821677084,2,11.18,8.28,12
976050707#1,8821677084,1701856476,2,11.18,7.07,12
9764584,595729842,3966664768,3,17.88,681.39,14
976860719,9039624678,7907957252,4,22.35,90.76,14
978066034,9050090501,1701844801,2,22.22,77.49,9
978161521#0,9051115967,6224278793,4,11.18,45.5,11
978161521#1,6224278793,42430295,4,11.18,6.63,11
978320981#0,9052451695,4918486747,6,11.18,37.98,12
978320981#1,4918486747,42448326,6,11.18,8.87,12
978320982#0,42456041,4918486723,3,11.18,13.089999999999998,3
978320982#1,4918486723,6293701622,3,11.18,87.33999999999999,3
978320982#2,6293701622,4918486730,3,11.18,103.86,3
978320982#3,4918486730,42454660,3,11.18,13.68,3
978320983#0,42456041,4918486729,5,11.18,8.96,12
978320983#1,4918486729,9052451695,5,11.18,26.670000000000005,12
978329305#0,9052542036,10170862031,6,11.18,43.51,12
978329305#1,10170862031,2711029280,6,11.18,13.69,12
978431658#0,3594896445,3594896439,4,13.41,100.95,13
978431658#1,3594896439,5813280746,4,13.41,30.2,13
978431658#2,5813280746,373880031,4,13.41,11.59,13
978439270#0,9053623216,4872879379,4,13.41,47.12,13
978439270#1,4872879379,246858449,4,13.41,10.36,13
978439473#0,9053638140,7004418422,2,27.78,37.51,11
978439473#1,7004418422,3099327957,2,27.78,7.64,11
978439473#2,3099327957,10171554203,2,27.78,6.4,11
978439473#3,10171554203,4207724573,2,27.78,42.97,11
978443489#0,4332491210,4598752835,3,11.18,8.4,12
978443489#1,4598752835,4202899501,3,11.18,18.64,12
978638882#0,9055306042,10170875056,2,27.78,34.37,11
978638882#1,10170875056,3099326118,2,27.78,9.46,11
978645353#0,3099326128,10127369899,1,13.89,9.13,3
978645353#1,10127369899,8758345336,1,13.89,238.99,3
978645353#2,8758345336,2141026504,1,13.89,10.39,3
978645353#3,2141026504,42439852,1,13.89,15.96,3
978645353#4,42439852,8758287374,1,13.89,10.86,3
978645353#5,8758287374,10127369906,1,13.89,131.78,3
978645353#6,10127369906,42432900,1,13.89,12.89,3
978645354#0,3099326128,10127369900,3,27.78,7.400000000000001,11
978645354#1,10127369900,4207724571,3,27.78,36.35,11
978675658#0,42440825,8307641825,2,11.18,20.37,13
978675658#1,8307641825,42433573,2,11.18,37.24,13
978675658#2,42433573,2151385470,2,11.18,6.77,13
978675658#3,2151385470,2151385490,2,11.18,65.75,13
978675658#4,2151385490,42440829,2,11.18,8.71,13
978675658#5,42440829,2151385497,2,11.18,10.26,13
978675658#6,2151385497,4143859873,2,11.18,54.18,13
978675659,8996353563,42440825,2,11.18,11.24,13
978721785#0,9056018066,9566927283,3,27.78,54.56,12
978721785#1,9566927283,561035380,3,27.78,9.81,12
978740977#0,589927894,1764424358,2,17.88,59.94,14
978740977#1,1764424358,1764424345,2,17.88,21.12,14
980853075#0,42439855,8758287372,1,13.89,11.31,3
980853075#1,8758287372,10168029048,1,13.89,228.96,3
980853075#2,10168029048,42432905,1,13.89,13.32,3
980853075#3,42432905,42435785,1,13.89,13.07,3
980853215#0,2141026498,10172883043,2,11.18,7.43,12
980853215#1,10172883043,10172883033,2,11.18,65.84,12
980853215#2,10172883033,2141026492,2,11.18,6.92,12
980853215#3,2141026492,10172883037,2,11.18,7.51,12
980853215#4,10172883037,9658594744,2,11.18,9.11,12
980855831#0,42446721,7803460125,3,27.78,6.489999999999999,11
980855831#1,7803460125,7123873175,3,27.78,36.06,11
980855831#2,7123873175,42432352,3,27.78,5.87,11
980855832#0,42437201,7802964938,2,27.78,9.06,11
980855832#1,7802964938,7803460138,2,27.78,65.42,11
980855832#2,7803460138,42446721,2,27.78,7.54,11
980855833#0,9073283237,9177562827,3,27.78,23.56,11
980855833#1,9177562827,42437201,3,27.78,12.339999999999998,11
980885902,9582985643,9073529283,3,11.18,22.17,12
980885903#0,9073529283,9557086576,3,11.18,36.31,12
980885903#1,9557086576,42439910,3,11.18,7.64,12
980885904#0,42439910,2141026496,1,13.89,15.19,3
980885904#1,2141026496,8758299312,1,13.89,11.36,3
980885904#2,8758299312,9557086555,1,13.89,239.37,3
980885904#3,9557086555,4207863943,1,13.89,8.69,3
980885904#4,4207863943,3099326126,1,13.89,14.42,3
980885905#0,42439910,9557086573,2,11.18,6.17,12
980885905#1,9557086573,9557086585,2,11.18,65.42,12
980885905#2,9557086585,42439905,2,11.18,7.4,12
980885905#3,42439905,9557086582,2,11.18,6.3,12
980885905#4,9557086582,9073529284,2,11.18,30.59,12
980885906#0,9073529284,9557086579,3,11.18,34.65,12
980885906#1,9557086579,42438281,3,11.18,7.260000000000001,12
980885907#0,42438281,2141026536,1,13.89,16.09,3
980885907#1,2141026536,8758299314,1,13.89,10.37,3
980885907#2,8758299314,9557104476,1,13.89,238.48,3
980885907#3,9557104476,42438275,1,13.89,9.45,3
980885909#0,42438281,9557104482,2,11.18,6.57,12
980885909#1,9557104482,9557104484,2,11.18,65.85,12
980885909#2,9557104484,42439899,2,11.18,7.04,12
980885909#3,42439899,9557104488,2,11.18,6.81,12
980885909#4,9557104488,9073529286,2,11.18,28.36,12
980885910#0,9073529286,9557104494,3,11.18,36.38,12
980885910#1,9557104494,42433781,3,11.18,8.14,12
980885911,42433781,2141026520,1,13.89,15.42,3
980885912#0,42433781,9557104498,2,11.18,6.1,12
980885912#1,9557104498,5378420478,2,11.18,34.07,12
980885912#2,5378420478,9557110322,2,11.18,31.07,12
980885912#3,9557110322,42439897,2,11.18,7.15,12
980885912#4,42439897,9557110319,2,11.18,7.1,12
980885912#5,9557110319,9073529288,2,11.18,25.59,12
980885914#0,9073529288,5378413084,3,11.18,6.919999999999999,12
980885914#1,5378413084,9557110367,3,11.18,32.57,12
980885914#2,9557110367,42435967,3,11.18,7.48,12
980885915,42435967,2141026542,1,13.89,15.91,3
980885917#0,42435967,9557110364,2,11.18,6.54,12
980885917#1,9557110364,5378419178,2,11.18,33.98,12
980885917#2,5378419178,9557110361,2,11.18,31.2,12
980885917#3,9557110361,42439894,2,11.18,8.19,12
980885917#4,42439894,9559408291,2,11.18,6.0,12
980885917#5,9559408291,4205440407,2,11.18,27.4,12
980924794#0,42428807,9339406570,1,13.89,10.6,3
980924794#1,9339406570,7785881410,1,13.89,151.57,3
980924794#2,7785881410,42431193,1,13.89,5.36,3
980924794#3,42431193,5004570644,1,13.89,22.38,3
980924795#0,42428807,7004385801,3,27.78,6.05,12
980924795#1,7004385801,7004399551,3,27.78,65.26,12
980924795#2,7004399551,42428799,3,27.78,8.3,12
980924796#0,42428799,561035333,1,13.89,17.99,3
980924796#1,561035333,7004396257,1,13.89,10.4,3
980924796#2,7004396257,6910530530,1,13.89,193.28,3
980924796#3,6910530530,6814307795,1,13.89,48.36,3
980924796#4,6814307795,42437222,1,13.89,12.25,3
980924797#0,42428799,10168673731,4,27.78,6.84,12
980924797#1,10168673731,7004393036,4,27.78,64.66,12
980924797#2,7004393036,42428790,4,27.78,7.93,12
980932663#0,9073844906,9566927306,2,27.78,51.65,12
980932663#1,9566927306,561035381,2,27.78,7.2,12
980932664#0,561035381,9566927304,1,13.89,12.84,3
980932664#1,9566927304,9566997286,1,13.89,42.14,3
980932664#2,9566997286,42433030,1,13.89,11.88,3
980932665#0,561035381,9566927305,3,27.78,11.199999999999998,12
980932665#1,9566927305,2499802988,3,27.78,52.72,12
980932665#2,2499802988,7403173687,3,27.78,5.55,12
980932665#3,7403173687,8344404000,3,27.78,12.38,12
980932665#4,8344404000,6861072081,3,27.78,10.74,12
980932665#5,6861072081,4207731297,3,27.78,24.47,12
981144708#0,9075676539,9557088475,3,11.18,37.4,12
981144708#1,9557088475,42434246,3,11.18,12.15,12
981182867#0,9076023379,2792783186,2,11.18,89.6,11
981182867#1,2792783186,10171134798,2,11.18,0.81,11
981182867#2,10171134798,42445972,2,11.18,10.77,11
981267647#0,9076983995,9557088496,3,11.18,36.61,12
981267647#1,9557088496,42439922,3,11.18,7.86,12
981274194#0,9077027774,6177439753,3,11.18,35.39,11
981274194#1,6177439753,6177439749,3,11.18,14.28,11
981274600#0,9077012505,10177607141,3,11.18,39.36,12
981274600#1,10177607141,42439225,3,11.18,7.21,12
981274601,42439225,2141026548,1,13.89,15.84,3
981274603#0,42439225,10177607138,2,11.18,6.82,12
981274603#1,10177607138,9557088483,2,11.18,64.77,12
981274603#2,9557088483,42439924,2,11.18,8.34,12
981500815,9078597262,9078597263,2,11.18,21.5,12
981500816#0,9078597263,5043084243,3,11.18,31.040000000000003,12
981500816#1,5043084243,42437962,3,11.18,9.05,12
981500817#0,42437965,5863593978,2,11.18,6.56,12
981500817#1,5863593978,9078597262,2,11.18,72.38,12
981500818#0,9505971541,5863596401,2,11.18,114.19,12
981500818#1,5863596401,42437965,2,11.18,5.92,12
981500819#0,42437967,7480410396,1,11.18,11.25,11
981500819#1,7480410396,42437990,1,11.18,12.3,11
981501066,9078592316,9078631517,2,11.18,39.15,11
981501067#0,9078631517,10171241044,2,11.18,41.22,11
981501067#1,10171241044,5838916777,2,11.18,14.61,11
982489289#0,9086113814,8304498075,2,11.18,57.07,9
982489289#1,8304498075,42424408,2,11.18,16.12,9
983123304#0,9090318786,8309479739,5,11.18,29.65,11
983123304#1,8309479739,42430247,5,11.18,6.470000000000001,11
983849667#0,9097308661,8262308759,4,11.18,40.77,11
983849667#1,8262308759,42435598,4,11.18,8.07,11
9852385,60918321,60925716,2,20.12,121.82,14
985415393#0,1773084410,8309479081,2,11.18,8.34,12
985415393#1,8309479081,9543294812,2,11.18,19.98,12
985415393#2,9543294812,8309479088,2,11.18,5.38,12
985415393#3,8309479088,1773084391,2,11.18,7.14,12
985415394,1773084410,42437613,1,11.18,13.58,3
986157727,1728266963,42458017,1,11.18,8.74,3
986615539#0,9119739665,11147382160,5,11.18,17.72,11
986615539#1,11147382160,42439842,5,11.18,7.730000000000001,11
986615540#0,42439842,11147382159,1,11.18,11.92,3
986615540#1,11147382159,8397237737,1,11.18,211.27,3
986615540#2,8397237737,10171337649,1,11.18,38.35,3
986615540#3,10171337649,42430277,1,11.18,13.1,3
986615541#0,42439842,11147382161,4,11.18,7.54,11
986615541#1,11147382161,11147382157,4,11.18,62.76,11
986615541#2,11147382157,42439840,4,11.18,8.35,11
986615542#0,9119739666,10171337692,5,11.18,16.58,11
986615542#1,10171337692,42427426,5,11.18,8.95,11
986807784#0,9121386334,9121386337,1,11.18,10.51,11
986807784#1,9121386337,9121386336,1,11.18,48.17,11
986807784#2,9121386336,42427278,1,11.18,9.67,11
986808853#0,4878831008,3942249541,2,11.18,7.82,4
986808853#1,3942249541,42431602,2,11.18,63.06,4
986838188,42427278,9121386349,1,11.18,7.21,4
987628955,371337213,42426971,4,22.35,63.73,14
987645701,371188320,371189410,3,17.88,67.14,14
988515374#0,9137045217,8288270452,3,27.78,17.05,12
988515374#1,8288270452,42444964,3,27.78,7.79,12
988956475,100521835,9140654137,1,27.78,37.72,12
988956476,561042202,9140654137,2,11.18,117.02,12
988956477,8122411167,100522479,2,11.18,8.13,12
988977540,595105581,4012935769,3,11.18,6.77,12
988977545#0,42455932,3827599085,1,13.89,8.14,3
988977545#1,3827599085,3830783523,1,13.89,40.68,3
988977545#10,42449954,10125260518,1,13.89,13.65,3
988977545#11,10125260518,10165986966,1,13.89,130.3,3
988977545#12,10165986966,42446986,1,13.89,9.44,3
988977545#13,42446986,10165986969,1,13.89,9.99,3
988977545#14,10165986969,8073701750,1,13.89,29.08,3
988977545#15,8073701750,10125233050,1,13.89,98.07,3
988977545#16,10125233050,100522728,1,13.89,11.72,3
988977545#17,100522728,42457476,1,13.89,16.76,3
988977545#2,3830783523,6175849562,1,13.89,154.69,3
988977545#3,6175849562,42442948,1,13.89,13.89,3
988977545#4,42442948,10168666953,1,13.89,13.73,3
988977545#5,10168666953,5319114464,1,13.89,32.08,3
988977545#6,5319114464,3830786441,1,13.89,46.73,3
988977545#7,3830786441,5319121991,1,13.89,40.39,3
988977545#8,5319121991,10125260528,1,13.89,71.03,3
988977545#9,10125260528,42449954,1,13.89,13.52,3
988980353,9140884584,6997311896,1,11.18,33.8,12
988980354#0,4202958489,2929098299,2,11.18,10.83,12
988980354#1,2929098299,9140884594,2,11.18,44.68,12
988984232,247120348,247120349,2,27.78,23.0,12
988984235#0,9140929842,3977886859,3,27.78,64.75,11
988984235#1,3977886859,42450426,3,27.78,7.38,11
988987061#0,593839894,9144983242,2,11.18,15.36,12
988987061#1,9144983242,9421657717,2,11.18,23.28,12
988987061#2,9421657717,9140954087,2,11.18,31.33,12
988987061#3,9140954087,427804029,2,11.18,7.28,12
988987062,42430664,9019680390,3,27.78,14.15,12
988987066#0,42430669,10168212474,1,11.18,10.65,4
988987066#1,10168212474,6293725834,1,11.18,42.86,4
988987066#2,6293725834,5542715086,1,11.18,85.38,4
988987066#3,5542715086,4870298749,1,11.18,117.65,4
988987066#4,4870298749,42453545,1,11.18,12.64,4
988987066#5,42453545,247085867,1,11.18,17.95,4
988992295#0,9141016318,5286408259,1,11.18,31.03,10
988992295#1,5286408259,3601295724,1,11.18,30.38,10
988992295#2,3601295724,42439181,1,11.18,12.1,10
988994184,370913758,9141034853,3,17.88,24.52,14
988994185,2985640818,42426865,4,17.88,53.55,14
989145094,4161569146,7147636389,2,11.18,8.16,11
989145098,9142398641,4161568888,2,11.18,9.38,12
989159058,371188756,9142584947,3,17.88,61.79,14
989228451,593920840,6905716426,3,11.18,10.78,3
989261431,247120300,247123611,1,11.18,48.13,7
989261432,247123611,61275380,3,13.89,17.59,4
989265266#0,247085079,247119420,3,13.410000000000002,12.94,13
989265266#1,247119420,247079889,3,13.410000000000002,103.03000000000002,13
989265268#0,42430639,8261122892,3,11.18,8.68,12
989265268#1,8261122892,5165644093,3,11.18,63.22,12
989265268#2,5165644093,42430633,3,11.18,12.62,12
989265269#0,6293725833,5542715080,2,11.18,43.15,12
989265269#1,5542715080,42430673,2,11.18,10.24,12
989265270#0,11017187936,3874681649,3,11.18,11.229999999999999,3
989265270#1,3874681649,9143547670,3,11.18,122.31,3
989265271#0,9143547670,10166521646,3,11.18,49.76,3
989265271#1,10166521646,42430694,3,11.18,15.67,3
989265272#0,42430694,10166521648,4,11.18,8.83,11
989265272#1,10166521648,10166521642,4,11.18,64.84,11
989265272#2,10166521642,42430691,4,11.18,7.79,11
989265273#0,42430704,10111368921,4,11.18,8.93,11
989265273#1,10111368921,10166521660,4,11.18,65.19,11
989265273#2,10166521660,42430698,4,11.18,7.22,11
989265273#3,42430698,10166521656,4,11.18,6.99,11
989265273#4,10166521656,10698841369,4,11.18,28.68,11
989265273#5,10698841369,10166521652,4,11.18,36.73,11
989265273#6,10166521652,42430694,4,11.18,8.91,11
989265274#0,11017186437,3874681652,3,11.18,11.18,11
989265274#1,3874681652,5481838999,3,11.18,43.45000000000001,11
989265274#2,5481838999,5481838621,3,11.18,79.51,11
989265274#3,5481838621,10111328816,3,11.18,48.37,11
989265274#4,10111328816,42430704,3,11.18,16.42,11
989267823,42422258,9143569913,1,11.18,29.17,11
989267824#0,9143574639,9143569885,2,11.18,37.09,4
989267824#1,9143569885,42427828,2,11.18,11.35,4
989267825#0,42427828,247073285,4,13.41,13.2,13
989267825#1,247073285,373915670,4,13.41,57.18,13
989267825#2,373915670,42437699,4,13.41,12.6,13
989267825#3,42437699,9423683538,4,13.41,43.77,13
989267825#4,9423683538,8261122120,4,13.41,12.09,13
989267825#5,8261122120,9423683507,4,13.41,17.78,13
989267825#6,9423683507,42446678,4,13.41,160.46,13
989267826,42427828,4899886584,1,11.18,19.18,4
989267827#0,42430600,8261123026,1,11.18,13.7,3
989267827#1,8261123026,4872498371,1,11.18,205.82,3
989267827#2,4872498371,42434827,1,11.18,10.47,3
989267828#0,42430600,8261123025,6,11.18,7.21,11
989267828#1,8261123025,5730369215,6,11.18,63.699999999999996,11
989267828#2,5730369215,42430597,6,11.18,6.769999999999999,11
989267828#3,42430597,8261123002,6,11.18,7.6499999999999995,11
989267828#4,8261123002,5730369218,6,11.18,60.800000000000004,11
989267828#5,5730369218,42430594,6,11.18,9.43,11
989267828#6,42430594,5730369220,6,11.18,24.42,11
989270322#0,42437688,10173309978,1,11.18,10.53,11
989270322#1,10173309978,10171484168,1,11.18,63.31,11
989270322#2,10171484168,9143542440,1,11.18,7.97,11
989381742#0,4616536352,4890333642,3,11.18,7.38,12
989381742#1,4890333642,4890333641,3,11.18,54.27,12
989381742#2,4890333641,4616536348,3,11.18,7.32,12
989381793,3786724031,42424117,2,22.22,21.13,9
989390263,4145735057,4145735066,2,13.41,49.72,14
989390264,4145735066,4149739462,2,13.41,159.42,14
989390266,4147546533,42431902,2,11.18,76.29,12
989390267#0,4145794861,42433846,2,11.18,56.18,12
989390267#1,42433846,4147546533,2,11.18,20.72,12
989791207#0,42453999,9987259765,3,11.18,7.989999999999999,4
989791207#1,9987259765,9987259766,3,11.18,64.43,4
989791207#2,9987259766,42445664,3,11.18,7.22,4
989791208#0,42445664,9147322862,2,11.18,8.86,3
989791208#1,9147322862,9147322863,2,11.18,63.2,3
989791208#2,9147322863,42445661,2,11.18,14.14,3
989793292#0,42434954,10171137627,2,13.89,11.76,3
989793292#1,10171137627,8996587931,2,13.89,21.59,3
989793292#2,8996587931,10169157371,2,13.89,106.04,3
989793292#3,10169157371,42434951,2,13.89,9.0,3
989793293#0,3786901743,8119462456,3,11.18,13.65,12
989793293#1,8119462456,10169157369,3,11.18,66.79,12
989793293#2,10169157369,42434951,3,11.18,7.71,12
989793294,42434951,561042191,2,13.89,18.27,3
989793295#0,561042191,10169157368,2,11.18,8.89,12
989793295#1,10169157368,8119462434,2,11.18,66.29,12
989793295#2,8119462434,561042190,2,11.18,11.25,12
990219223#0,42435343,10171241039,1,27.78,6.9,11
990219223#1,10171241039,9150529698,1,27.78,10.53,11
990221220#0,9150563661,10168029057,1,13.89,25.53,3
990221220#1,10168029057,42447336,1,13.89,7.79,3
990228161,9150629574,7477194680,1,13.89,12.55,3
990228162,7477194680,371337227,1,13.89,4.86,3
990228163,371337226,9150629574,1,13.89,6.69,3
990288467,9151174953,9151174954,4,17.88,127.31,14
990288468,9151174954,61272996,5,17.88,146.3,14
990529014,3785582164,1775201764,1,22.22,13.81,8
990626891#0,9153603240,7784826664,3,11.18,40.12,12
990626891#1,7784826664,42433743,3,11.18,10.74,12
990626892#0,2141026499,7784826663,2,11.18,10.75,12
990626892#1,7784826663,9153603241,2,11.18,20.4,12
990626893#0,2141026500,42446728,1,13.89,15.47,3
990626893#1,42446728,9150563667,1,13.89,10.83,3
990626893#2,9150563667,5481882809,1,13.89,168.25,3
990626893#3,5481882809,10171241031,1,13.89,77.09,3
990626893#4,10171241031,42435743,1,13.89,10.37,3
990626894#0,9153603241,10177600401,3,11.18,38.17,12
990626894#1,10177600401,2141026500,3,11.18,7.3,12
990626895#0,42437211,10171043060,2,11.18,5.89,12
990626895#1,10171043060,10177600393,2,11.18,65.35,12
990626895#2,10177600393,42446728,2,11.18,7.26,12
990626895#3,42446728,10177600402,2,11.18,7.58,12
990626895#4,10177600402,9153603240,2,11.18,18.43,12
990626896#0,9153603242,10171043063,3,11.18,38.58,12
990626896#1,10171043063,42437211,3,11.18,7.14,12
990626897#0,9153603243,10170606877,3,11.18,37.64,12
990626897#1,10170606877,2141026546,3,11.18,6.849999999999999,12
990626898#0,2141026546,42446775,1,13.89,15.6,3
990626898#1,42446775,8758287378,1,13.89,11.22,3
990626898#2,8758287378,10173400458,1,13.89,243.97,3
990626898#3,10173400458,42435761,1,13.89,11.42,3
990626898#4,42435761,10173400461,1,13.89,10.64,3
990626898#5,10173400461,10187643801,1,13.89,119.73,3
990626898#6,10187643801,42446778,1,13.89,9.67,3
990626898#7,42446778,10187643803,1,13.89,9.22,3
990626898#8,10187643803,10165996995,1,13.89,71.17,3
990626898#9,10165996995,7732243546,1,13.89,8.02,3
990626899,9684399425,4207716482,3,11.18,23.37,12
990626912#0,42432889,10171493831,2,11.18,10.65,12
990626912#1,10171493831,10170606874,2,11.18,67.64,12
990626912#2,10170606874,42446775,2,11.18,7.08,12
990626912#3,42446775,10170606878,2,11.18,7.06,12
990626912#4,10170606878,9153603252,2,11.18,30.17,12
990626913#0,9153603252,10170606863,3,11.18,34.93,12
990626913#1,10170606863,42448506,3,11.18,7.510000000000001,12
990626914#0,42435755,10170606868,1,13.89,9.12,3
990626914#1,10170606868,8758287379,1,13.89,246.68,3
990626914#2,8758287379,42448506,1,13.89,10.57,3
990626917#0,2141026514,9557104483,2,11.18,6.93,12
990626917#1,9557104483,9557104481,2,11.18,65.72,12
990626917#2,9557104481,2141026536,2,11.18,6.9,12
990626917#3,2141026536,9557086578,2,11.18,7.45,12
990626917#4,9557086578,9153603255,2,11.18,31.82,12
990626918#0,42440385,9557086594,1,13.89,10.43,3
990626918#1,9557086594,8758299313,1,13.89,239.22,3
990626918#2,8758299313,2141026502,1,13.89,10.16,3
990626919#0,9153603255,9557086581,3,11.18,32.9,12
990626919#1,9557086581,2141026502,3,11.18,6.38,12
990626920#0,2141026522,10177607152,2,11.18,7.67,12
990626920#1,10177607152,10564565153,2,11.18,1.85,12
990626920#2,10564565153,8695926123,2,11.18,8.43,12
990628955,9153608660,2141002593,2,11.18,45.0,10
990639823,5959713759,371337150,4,22.35,84.57,14
990639824,9153702823,371320656,1,13.41,37.38,9
990643310#0,5161751674,8741475159,6,11.18,18.26,12
990643310#1,8741475159,4980799123,6,11.18,4.829999999999999,12
990643310#2,4980799123,42443116,6,11.18,10.67,12
990643311,42423170,42423174,3,22.22,10.54,9
990643312#0,1332843459,9903045881,2,11.18,29.27,3
990643312#1,9903045881,9153702893,2,11.18,6.96,3
991176567#0,42430770,9627010522,4,11.18,10.49,11
991176567#1,9627010522,9158085621,4,11.18,58.16,11
991176568#0,9158085621,5837116451,4,11.18,28.92,11
991176568#1,5837116451,42430761,4,11.18,15.9,11
991205021#0,42430041,5152337881,1,11.18,6.69,12
991205021#1,5152337881,5152337875,1,11.18,19.95,12
991205021#2,5152337875,42430044,1,11.18,9.15,12
991205022#0,42430041,5152337873,1,11.18,10.33,11
991205022#1,5152337873,2154628332,1,11.18,79.19,11
991205022#2,2154628332,42442247,1,11.18,9.72,11
991825672#0,7616585434,9559342283,1,11.18,47.32,6
991825672#1,9559342283,7541804762,1,11.18,13.67,6
991939499#0,9076206578,5130933105,1,11.18,90.49,3
991939499#1,5130933105,42434974,1,11.18,13.39,3
991939499#2,42434974,5130933119,1,11.18,13.91,3
991939499#3,5130933119,4259278558,1,11.18,146.52,3
991939499#4,4259278558,42434969,1,11.18,7.27,3
992129026#0,42433272,9297714753,1,8.94,5.48,3
992129026#1,9297714753,42430824,1,8.94,14.72,3
992132287#0,42439295,42429666,3,13.410000000000002,60.16,13
992132287#1,42429666,246652326,3,13.410000000000002,2.05,13
992132287#2,246652326,11027912164,3,13.410000000000002,16.4,13
992132288#0,11049420899,8288270026,3,13.410000000000002,15.85,13
992132288#1,8288270026,4207863000,3,13.410000000000002,20.67,13
992141077#0,42437608,8231909751,1,11.18,10.13,3
992141077#1,8231909751,8231909752,1,11.18,64.97,3
992141077#10,3463814541,8231877103,1,11.18,58.22,3
992141077#11,8231877103,42445498,1,11.18,9.81,3
992141077#12,42445498,8231877106,1,11.18,10.32,3
992141077#13,8231877106,8231906897,1,11.18,29.28,3
992141077#14,8231906897,42458267,1,11.18,6.01,3
992141077#15,42458267,8231906900,1,11.18,5.63,3
992141077#16,8231906900,8231906893,1,11.18,66.03,3
992141077#17,8231906893,42428444,1,11.18,8.98,3
992141077#2,8231909752,42458313,1,11.18,5.57,3
992141077#3,42458313,8231909755,1,11.18,5.6,3
992141077#4,8231909755,8231909756,1,11.18,60.91,3
992141077#5,8231909756,42432305,1,11.18,6.19,3
992141077#6,42432305,3463814537,1,11.18,6.48,3
992141077#7,3463814537,3463814540,1,11.18,64.08,3
992141077#8,3463814540,42435477,1,11.18,6.29,3
992141077#9,42435477,3463814541,1,11.18,5.86,3
992144531#0,11017187937,3874681646,3,11.18,11.19,11
992144531#1,3874681646,5458524659,3,11.18,66.59,11
992144531#2,5458524659,5458524666,3,11.18,47.81,11
992144531#3,5458524666,10166521632,3,11.18,56.830000000000005,11
992144531#4,10166521632,42430688,3,11.18,16.16,11
992144532#0,11017187937,62915531,4,13.41,79.78,13
992144532#1,62915531,62915516,4,13.41,59.83,13
992144532#2,62915516,247120150,4,13.41,7.7,13
992164859,247081712,9714517347,3,13.410000000000002,48.68,13
992164860,247081712,7073877295,1,22.22,16.03,8
992164861,7073877295,10858288588,4,13.41,51.51,13
992405800,7480301864,7480301866,2,11.18,16.73,12
992405801,5798966629,7480301865,3,11.18,12.229999999999999,12
992405802#0,42443513,4241743162,1,11.18,12.31,3
992405802#1,4241743162,6781557911,1,11.18,67.81,3
992405802#2,6781557911,7977873324,1,11.18,136.85,3
992405802#3,7977873324,42442842,1,11.18,13.46,3
992405802#4,42442842,7977873328,1,11.18,10.9,3
992405802#5,7977873328,42434919,1,11.18,64.61,3
992405802#6,42434919,8309479080,1,11.18,53.02,3
992405802#7,8309479080,1773084410,1,11.18,8.55,3
992603344,247223720,3248816568,1,11.18,62.71,11
992603345,5307238005,9170842307,1,11.18,64.59,11
992603346,9170842304,9170842305,1,11.18,42.02,11
992603347,9170842305,9170842306,1,11.18,39.01,11
992603348,9170842306,5307238005,1,11.18,17.15,11
992603349,595703452,42457788,1,11.18,31.48,11
992603350,9170842307,595703452,1,11.18,39.29,11
992605605,42433927,1901016118,1,11.18,30.08,11
993368836,9177424868,5708001199,2,27.78,1.82,12
993368837,9177424868,1061531448,1,11.18,7.76,3
993368838#0,9177424867,8727756026,2,27.78,16.41,12
993368838#1,8727756026,9177424868,2,27.78,7.4,12
993368839#0,9177424867,5708001200,3,27.78,25.06,12
993368839#1,5708001200,5115916410,3,27.78,43.5,12
993368839#10,42428601,8780665906,3,27.78,8.39,12
993368839#11,8780665906,9910065651,3,27.78,71.9,12
993368839#12,9910065651,42428598,3,27.78,9.33,12
993368839#13,42428598,9910065655,3,27.78,8.61,12
993368839#14,9910065655,7515300913,3,27.78,73.46,12
993368839#15,7515300913,42428595,3,27.78,12.550000000000002,12
993368839#2,5115916410,42428610,3,27.78,10.6,12
993368839#3,42428610,5115917322,3,27.78,7.169999999999999,12
993368839#4,5115917322,9914812807,3,27.78,72.94,12
993368839#5,9914812807,9914806631,3,27.78,1.67,12
993368839#6,9914806631,42428604,3,27.78,8.97,12
993368839#7,42428604,9914806634,3,27.78,8.35,12
993368839#8,9914806634,9913342496,3,27.78,72.36,12
993368839#9,9913342496,42428601,3,27.78,8.95,12
993379223#0,42441526,10061127985,1,13.89,5.77,3
993379223#1,10061127985,9492542175,1,13.89,127.49,3
993379223#2,9492542175,42431078,1,13.89,11.87,3
993379223#3,42431078,9492556529,1,13.89,12.81,3
993379223#4,9492556529,8687882625,1,13.89,105.04,3
993379223#5,8687882625,42428701,1,13.89,10.99,3
993379223#6,42428701,1061531736,1,13.89,18.07,3
993379224#0,1061531736,8687882620,3,11.18,6.52,12
993379224#1,8687882620,9177516877,3,11.18,35.75,12
993379225#0,1061531790,42428705,1,13.89,19.32,3
993379225#1,42428705,10061186361,1,13.89,10.44,3
993379225#2,10061186361,9492556554,1,13.89,105.85,3
993379225#3,9492556554,42431089,1,13.89,12.36,3
993379225#4,42431089,9492556606,1,13.89,12.58,3
993379225#5,9492556606,10061243492,1,13.89,143.61,3
993379225#6,10061243492,42441521,1,13.89,5.43,3
993379226#0,9177516877,10061230053,3,11.18,30.47,12
993379226#1,10061230053,1061531790,3,11.18,6.900000000000001,12
993379227#0,1061531504,7801775748,3,11.18,6.86,12
993379227#1,7801775748,10170980710,3,11.18,65.33,12
993379227#2,10170980710,1061531727,3,11.18,7.2,12
993379227#3,1061531727,10170980709,3,11.18,8.17,12
993379227#4,10170980709,7801775713,3,11.18,64.14,12
993379227#5,7801775713,1061531730,3,11.18,7.739999999999999,12
993379227#6,1061531730,10170980693,3,11.18,7.94,12
993379227#7,10170980693,7801775765,3,11.18,64.77,12
993379227#8,7801775765,1061531596,3,11.18,7.169999999999999,12
993379228#0,1061531596,7004447597,1,11.18,9.4,3
993379228#1,7004447597,6913843956,1,11.18,68.13,3
993379228#2,6913843956,6914116751,1,11.18,34.78,3
993379229#0,42428725,7801775734,2,11.18,7.39,12
993379229#1,7801775734,10170980694,2,11.18,64.97,12
993379229#10,7801775740,4205805401,2,11.18,27.82,12
993379229#2,10170980694,42428723,2,11.18,7.48,12
993379229#3,42428723,10170980695,2,11.18,7.61,12
993379229#4,10170980695,10170980711,2,11.18,64.22,12
993379229#5,10170980711,42428720,2,11.18,8.28,12
993379229#6,42428720,7801775771,2,11.18,7.31,12
993379229#7,7801775771,7801775710,2,11.18,65.27,12
993379229#8,7801775710,42428716,2,11.18,6.84,12
993379229#9,42428716,7801775740,2,11.18,6.77,12
993379230,42428725,1061531596,1,11.18,19.09,3
993379231#0,9177516878,10170980702,4,11.18,31.67,12
993379231#1,10170980702,42428725,4,11.18,8.65,12
993383311,8133385388,9177540204,1,22.22,10.59,7
993495865#0,42445259,6248342701,2,11.18,7.13,11
993495865#1,6248342701,5481907913,2,11.18,11.31,11
993495865#2,5481907913,5481907910,2,11.18,42.29,11
993495865#3,5481907910,6248342749,2,11.18,12.1,11
993495865#4,6248342749,42447174,2,11.18,6.51,11
993495865#5,42447174,6248342724,2,11.18,7.51,11
993495865#6,6248342724,6070217084,2,11.18,65.48,11
993495865#7,6070217084,42447169,2,11.18,7.36,11
993495866#0,42445259,6248342573,1,13.89,8.84,3
993495866#1,6248342573,3901503159,1,13.89,127.24,3
993495866#2,3901503159,42445258,1,13.89,6.81,3
993495867#0,10122953005,6248342723,1,11.18,33.18,11
993495867#1,6248342723,42445259,1,11.18,7.3,11
993495868#0,42430479,7779545006,2,11.18,6.84,11
993495868#1,7779545006,8732555134,2,11.18,7.82,11
993495868#10,7923889519,10122953005,2,11.18,10.53,11
993495868#2,8732555134,8732555179,2,11.18,19.71,11
993495868#3,8732555179,7779440483,2,11.18,37.91,11
993495868#4,7779440483,42438949,2,11.18,7.44,11
993495868#5,42438949,7779533907,2,11.18,6.66,11
993495868#6,7779533907,7779533914,2,11.18,65.73,11
993495868#7,7779533914,42447176,2,11.18,7.46,11
993495868#8,42447176,7779533885,2,11.18,6.85,11
993495868#9,7779533885,7923889519,2,11.18,21.45,11
993495869#0,42434895,7779545021,3,11.18,6.900000000000001,11
993495869#1,7779545021,7779545012,3,11.18,65.51,11
993495869#2,7779545012,42430479,3,11.18,7.650000000000001,11
993495870#0,42434895,7779545008,1,13.89,9.18,3
993495870#1,7779545008,6254630459,1,13.89,127.61,3
993495870#2,6254630459,42434894,1,13.89,6.54,3
993495870#3,42434894,7787545801,1,13.89,5.81,3
993495871#0,42436619,7779545031,2,11.18,6.82,11
993495871#1,7779545031,7779545017,2,11.18,65.7,11
993495871#2,7779545017,42434895,2,11.18,7.31,11
993495872#0,42436614,6254630412,1,11.18,6.53,3
993495872#1,6254630412,7779545005,1,11.18,127.56,3
993495872#2,7779545005,42436619,1,11.18,9.5,3
993495873#0,42447179,7779545013,1,11.18,7.09,11
993495873#1,7779545013,7779545036,1,11.18,65.37,11
993495873#2,7779545036,42436619,1,11.18,7.54,11
993495874#0,42447179,7779545023,1,8.94,8.46,3
993495874#1,7779545023,6860586790,1,8.94,27.66,3
993495874#2,6860586790,6860586786,1,8.94,34.09,3
993495874#3,6860586786,7325349521,1,8.94,66.45,3
993495874#4,7325349521,42459041,1,8.94,6.39,3
993495874#5,42459041,9178807965,1,8.94,5.8,3
993505682#0,596776260,6254816631,3,11.18,13.88,12
993505682#1,6254816631,9178805727,3,11.18,27.87,12
993506887,9178807964,596775819,1,8.94,5.6,3
993506888,9178807965,9178807964,1,8.94,16.03,3
993506891#0,9178805720,7076060068,1,11.18,5.53,11
993506891#1,7076060068,7076060070,1,11.18,6.18,11
993506891#2,7076060070,7076060069,1,11.18,98.67,11
993506891#3,7076060069,7076060064,1,11.18,29.6,11
993506891#4,7076060064,42447182,1,11.18,8.84,11
993506892,9178805721,9178805720,1,11.18,17.33,11
993506893#0,9178805723,596776201,1,11.18,5.77,11
993506893#1,596776201,6254630481,1,11.18,6.32,11
993506893#2,6254630481,6254630394,1,11.18,125.65,11
993506893#3,6254630394,42446138,1,11.18,12.55,11
993506894,9178805722,9178805723,1,11.18,16.72,11
993506895,9178807968,9178807969,1,13.89,16.31,3
993506896,9178807969,596775808,1,13.89,5.77,3
993506897#0,42436637,7781090348,1,13.89,9.85,3
993506897#1,7781090348,6256723774,1,13.89,133.81,3
993506897#2,6256723774,42436640,1,13.89,12.07,3
993506897#3,42436640,6256723756,1,13.89,12.07,3
993506897#4,6256723756,6256723745,1,13.89,125.93,3
993506897#5,6256723745,596776349,1,13.89,6.69,3
993506897#6,596776349,9178807970,1,13.89,5.65,3
993506898,9178807970,9178807971,1,13.89,16.81,3
993506899#0,9178807972,596776386,1,13.89,5.77,3
993506899#1,596776386,7781090353,1,13.89,6.67,3
993506899#2,7781090353,7777321730,1,13.89,125.7,3
993506899#3,7777321730,42446147,1,13.89,11.95,3
993506899#4,42446147,6270715192,1,13.89,12.01,3
993506899#5,6270715192,6961065604,1,13.89,133.35,3
993506899#6,6961065604,42456711,1,13.89,10.01,3
993506900,9178807973,9178807972,1,13.89,15.8,3
993510828#0,7616585434,9559342282,2,11.18,45.36,11
993510828#1,9559342282,2481877063,2,11.18,5.72,11
993510829#0,42446190,10168169632,3,11.18,10.839999999999998,11
993510829#1,10168169632,7616585422,3,11.18,59.84,11
993510830#0,42446190,10168169633,1,11.18,9.11,3
993510830#1,10168169633,7455120789,1,11.18,65.44,3
993510830#2,7455120789,9178793211,1,11.18,60.13,3
993510830#3,9178793211,589927991,1,11.18,8.06,3
993510831#0,42446161,10167086803,3,11.18,13.81,11
993510831#1,10167086803,9178841525,3,11.18,25.97,11
993517671#0,42450456,7779645990,3,11.18,11.79,11
993517671#1,7779645990,7779641278,3,11.18,67.02,11
993517671#2,7779641278,42456708,3,11.18,7.010000000000001,11
993524200#0,42433465,5175140586,2,22.22,24.79,9
993524200#1,5175140586,42424025,2,22.22,15.04,9
993524201#0,42428049,6214889064,3,1.79,7.29,11
993524201#1,6214889064,9178967047,3,1.79,27.56,11
993524202,3785532382,6289180298,2,27.78,62.2,11
993524203,6289180298,589929417,1,13.89,9.56,3
993524204,589929417,3785532381,2,11.18,39.33,11
993793439,4916899612,9181525938,2,11.18,39.42,14
993793440,3574612293,4149748672,3,11.18,23.179999999999996,9
993793441,246923513,4207802391,1,11.18,25.31,12
993793442,4207802391,246858654,1,11.18,18.2,12
993795183,9181607973,4145735059,2,13.41,45.79,14
993795184,370880739,6163410983,1,11.18,16.82,12
993795185,9181607981,370880739,2,11.18,36.14,12
993795186#0,42444230,7139624491,1,11.18,11.12,12
993795186#1,7139624491,9181607984,1,11.18,102.37,12
993797873#0,8821475422,5783028387,3,11.18,5.82,12
993797873#1,5783028387,42451665,3,11.18,9.12,12
993797874#0,9181587096,3783146170,2,11.18,16.5,12
993797874#1,3783146170,1919595922,2,11.18,8.04,12
993797875#0,42453610,5648878922,1,8.94,7.88,11
993797875#1,5648878922,8309479340,1,8.94,68.59,11
993797875#2,8309479340,42437349,1,8.94,6.58,11
993797876#0,42453610,3783146167,1,8.94,8.53,3
993797876#1,3783146167,8272824064,1,8.94,153.2,3
993797876#10,4505948472,3291987532,1,8.94,65.64,3
993797876#11,3291987532,4968494269,1,8.94,60.34,3
993797876#12,4968494269,42453601,1,8.94,12.52,3
993797876#2,8272824064,7977832478,1,8.94,58.72,3
993797876#3,7977832478,42453607,1,8.94,7.7,3
993797876#4,42453607,8960461822,1,8.94,7.56,3
993797876#5,8960461822,7977832440,1,8.94,206.91,3
993797876#6,7977832440,42453604,1,8.94,9.65,3
993797876#7,42453604,7977832443,1,8.94,10.64,3
993797876#8,7977832443,6781574665,1,8.94,42.36,3
993797876#9,6781574665,4505948472,1,8.94,22.71,3
993797877#0,9181587097,3783146157,2,11.18,14.47,12
993797877#1,3783146157,3783071109,2,11.18,8.45,12
993797878#0,9181587098,8821475424,2,11.18,12.62,12
993797878#1,8821475424,8307642247,2,11.18,9.13,12
993797878#2,8307642247,42451604,2,11.18,6.98,12
993797879#0,42451604,8307642243,2,11.18,8.47,12
993797879#1,8307642243,9181587099,2,11.18,18.97,12
993797880#0,9181587100,5783020909,4,11.18,27.46,12
993797880#1,5783020909,4478001045,4,11.18,9.59,12
993797881#0,9181587101,8821425916,2,11.18,10.63,12
993797881#1,8821425916,4598752834,2,11.18,5.87,12
993797881#2,4598752834,4332491210,2,11.18,7.02,12
993797882,1918039876,4202908168,4,11.18,11.28,12
993797883#0,9181587102,8821425915,2,11.18,12.1,12
993797883#1,8821425915,4598752833,2,11.18,5.19,12
993797883#2,4598752833,1919595914,2,11.18,8.83,12
993797884#0,9181587103,5783020902,2,11.18,10.54,12
993797884#1,5783020902,1919595911,2,11.18,7.7,12
993797885#0,1919595911,8307642239,2,11.18,9.32,12
993797885#1,8307642239,9181587104,2,11.18,27.9,12
993797886#0,9181587105,8821475423,2,11.18,8.98,12
993797886#1,8821475423,8307642244,2,11.18,4.06,12
993797886#2,8307642244,1919595924,2,11.18,8.02,12
993797887,9181587106,1919595912,2,11.18,20.61,12
993797888#0,42453365,3783073263,2,11.18,7.13,12
993797888#1,3783073263,9181587107,2,11.18,46.58,12
993797889#0,9181587086,3783073287,2,11.18,4.69,12
993797889#1,3783073287,3783073233,2,11.18,2.62,12
993797889#2,3783073233,42453365,2,11.18,8.72,12
993797890#0,9181587107,3783073257,2,11.18,9.18,12
993797890#1,3783073257,3783073253,2,11.18,3.11,12
993797890#2,3783073253,42442788,2,11.18,8.96,12
993797891#0,7480301866,4241743161,2,11.18,11.42,12
993797891#1,4241743161,9181587102,2,11.18,23.71,12
993797892,1918039896,42451665,1,11.18,13.95,3
993797893#0,1918039896,5783028389,2,11.18,7.81,12
993797893#1,5783028389,1918039876,2,11.18,69.96,12
993799930#0,9181660645,3314293710,2,11.18,34.02,12
993799930#1,3314293710,42437109,2,11.18,7.42,12
994905128#0,42444456,10169411295,1,11.18,12.79,12
994905128#1,10169411295,10169411290,1,11.18,65.68,12
994905128#10,589928030,10168169518,1,11.18,8.64,12
994905128#11,10168169518,10169411224,1,11.18,65.67,12
994905128#12,10169411224,589928033,1,11.18,6.24,12
994905128#13,589928033,10169411218,1,11.18,7.36,12
994905128#14,10169411218,10168169550,1,11.18,65.04,12
994905128#15,10168169550,589928034,1,11.18,6.86,12
994905128#16,589928034,10168169556,1,11.18,7.5,12
994905128#17,10168169556,10168169564,1,11.18,63.37,12
994905128#18,10168169564,589928035,1,11.18,10.04,12
994905128#19,589928035,10168169561,1,11.18,8.05,12
994905128#2,10169411290,589928028,1,11.18,6.67,12
994905128#20,10168169561,10168169573,1,11.18,62.5,12
994905128#21,10168169573,589928020,1,11.18,8.91,12
994905128#3,589928028,10169411284,1,11.18,9.31,12
994905128#4,10169411284,10186193918,1,11.18,63.6,12
994905128#5,10186193918,589928029,1,11.18,6.36,12
994905128#6,589928029,3627799978,1,11.18,6.57,12
994905128#7,3627799978,10172935817,1,11.18,2.26,12
994905128#8,10172935817,10168169522,1,11.18,63.64,12
994905128#9,10168169522,589928030,1,11.18,5.82,12
995215714,9190083396,6266152785,3,17.88,93.33,14
995482529,7907883471,60916894,2,20.12,273.19,14
995482530,7908589026,60927650,3,22.350000000000005,131.45,14
995588442,9193390723,6865009901,1,8.94,157.61,3
995588445#0,42453354,9561229736,1,8.94,9.31,3
995588445#1,9561229736,9193390723,1,8.94,28.46,3
997125811#0,42432184,8231909732,2,11.18,9.75,12
997125811#1,8231909732,7641718020,2,11.18,101.24,12
997125811#2,7641718020,42437589,2,11.18,8.37,12
997454371,9210051790,60916829,3,20.12,448.6000000000001,14
997454372,7911307278,9210051790,4,20.12,39.38,14
997454373#0,7911307251,595448697,3,20.12,2.48,14
997454373#1,595448697,7911307278,3,20.12,23.67,14
997455683,42424276,42424334,3,11.18,52.10999999999999,14
999455513,60929762,60927822,3,22.22,44.919999999999995,9
